tree
version=v4
num_class=1
num_tree_per_iteration=1
label_index=0
max_feature_idx=25
objective=binary sigmoid:1
feature_names=same_market_raw_bool same_source_dataset_bool profile_category_jaccard shared_title_count_capped shared_description_count_capped shared_category_count_capped shared_title_idf_sum shared_description_idf_sum shared_title_idf_mean shared_description_idf_mean boilerplate_ratio_max boilerplate_ratio_gap_abs shared_boilerplate_count shared_low_df_sentence_count shared_rare_ngram_count item_count_percentile_gap_abs price_median_percentile_gap_abs title_length_median_percentile_gap_abs description_length_median_percentile_gap_abs digit_ratio_mean_percentile_gap_abs punct_ratio_mean_percentile_gap_abs repeated_title_share_percentile_gap_abs repeated_description_share_percentile_gap_abs max_category_share_percentile_gap_abs embedding_cosine_bge_m3 reranker_score_bge_reranker_v2_m3
feature_infos=[0:1] [0:1] [0:1] [0:5] [0:5] [0:5] [0:70.616864000000007] [0:79.443972000000002] [0:8.8271080000000008] [0:8.8271080000000008] [0:0.20000000000000001] [0:0.20000000000000001] [0:1] [0:9] [0:8] [0:0.70916299999999999] [0:0.96791400000000005] [0:0.92293000000000003] [0:0.88129299999999999] [0:0.90109399999999995] [0:0.93352299999999999] [0:0.78087600000000001] [0:0.625498] [0:0.98619599999999996] [0.71749799999999997:0.99786200000000003] [0.0015900000000000001:0.92668499999999998]
tree_sizes=781 869 761 776 739 790 763 681 862 881 666 661 848 686 661 861 753 785 746 839 682 870 761 678 685 664 792 782 891 785 844 792 784 660 893 815 893 852 666 678 743 855 872 764 766 668 873 853 865 769 668 679 746 885 861 846 876 773 680 848 771 768 848 679 679 682 851 823 873 669 852 891 771 849 764 674 660 868 576 829 770 679 730 861 858 569 892 766 672 865 882 661 739 855 657 839 750 681 764 766 654 848 769 579 886 858 735 659 762 853 685 825 865 834 680 628 659 860

Tree=0
num_leaves=6
num_cat=0
split_feature=3 21 24 24 5
split_gain=56.592 41.7198 19.8451 5.35408 4.47624
threshold=1.0000000180025095e-35 0.00092500000000000015 0.8605735000000001 0.86497800000000014 1.5000000000000002
decision_type=10 8 2 2 10
left_child=1 4 -3 -2 -1
right_child=3 2 -4 -5 -6
leaf_value=-0.03586467022494428 -2.7791848764393683e-08 -0.02070891954686364 0.015592492090729975 0.045396897849920702 -2.7791848764393683e-08
leaf_weight=36.637558192014694 1.9031120538711572 15.710481360554693 43.959966331720352 18.731605112552643 2.1390131115913382
leaf_count=185 8 148 311 48 8
internal_value=-0.000441753 -0.0104079 0.00502229 0.0411224 -0.0335259
internal_weight=119.082 98.447 59.6704 20.6347 38.7766
internal_count=708 652 459 56 193
is_linear=0
shrinkage=1


Tree=1
num_leaves=7
num_cat=0
split_feature=4 18 17 15 16 15
split_gain=69.1121 21.3796 8.19778 6.18462 3.12675 1.96501
threshold=1.0000000180025095e-35 0.069155500000000023 0.54411150000000019 0.17807550000000003 0.22529850000000004 0.22372350000000005
decision_type=10 8 10 10 10 10
left_child=1 3 -3 -1 -2 -6
right_child=4 2 -4 -5 5 -7
leaf_value=-0.040474988525863301 0.047502664860217529 0.0016087236463199893 -0.029240352659568414 0 0.019170873744535178 -0.0033431911500309813
leaf_weight=18.651327982544903 20.852977901697162 66.910676158964634 5.6018501222133628 5.3505859374999991 3.2605324387550345 2.4391307830810547
leaf_count=99 52 498 30 22 9 11
internal_value=0.00132689 -0.010427 -0.00144419 -0.0332785 0.041787 0.00825731
internal_weight=123.067 96.5144 72.5125 24.0019 26.5526 5.69966
internal_count=721 649 528 121 72 20
is_linear=0
shrinkage=0.03


Tree=2
num_leaves=6
num_cat=0
split_feature=4 25 18 23 2
split_gain=55.8062 38.9742 17.286 9.39898 8.13145
threshold=1.0000000180025095e-35 0.46761350000000007 0.086576000000000014 0.48434650000000007 0.32575750000000009
decision_type=10 2 8 10 10
left_child=1 2 -1 -2 -3
right_child=3 4 -4 -5 -6
leaf_value=-0.041846453707470053 0.046739254025258331 0.03246764120370163 -0.0094056457443610336 0 -0.0016257161392022549
leaf_weight=21.496163263916969 19.406252473592762 15.804040074348451 52.948855325579643 4.2181804776191703 6.6578573286533347
leaf_count=115 48 91 416 17 28
internal_value=0.00017624 -0.0098741 -0.0204185 0.0389966 0.022183
internal_weight=120.531 96.9069 74.445 23.6244 22.4619
internal_count=715 650 531 65 119
is_linear=0
shrinkage=0.03


Tree=3
num_leaves=6
num_cat=0
split_feature=4 25 21 21 23
split_gain=61.0315 41.1782 20.624 9.55039 3.90669
threshold=1.0000000180025095e-35 0.46761350000000007 0.11378600000000001 1.0000000180025095e-35 0.40836700000000004
decision_type=10 2 8 8 10
left_child=1 2 -1 -3 -2
right_child=4 3 -4 -5 -6
leaf_value=-0.035303741469393121 0.044947855333253163 -0.0074708677515934021 -0.0027067017784556929 0.03156893561932389 0.0036365872397651701
leaf_weight=41.098436608910561 19.950428202748302 4.8772261738777187 33.357000552117825 17.594840042293072 4.6861341744661322
leaf_count=209 50 22 330 98 17
internal_value=0 -0.0109473 -0.0217576 0.0220362 0.0394233
internal_weight=121.564 96.9275 74.4554 22.4721 24.6366
internal_count=726 659 539 120 67
is_linear=0
shrinkage=0.03


Tree=4
num_leaves=6
num_cat=0
split_feature=3 23 24 24 7
split_gain=56.042 43.1958 21.511 5.10331 2.33047
threshold=1.0000000180025095e-35 0.0074560000000000008 0.8605735000000001 0.86337200000000014 7.7873875000000004
decision_type=10 8 2 2 10
left_child=1 4 -3 -2 -1
right_child=3 2 -4 -5 -6
leaf_value=-0.042354100698838534 0 -0.022233529706155865 0.012533995067080795 0.042429837726142339 0
leaf_weight=27.744445174932483 1.8989581614732767 20.281738817691803 47.658367827534676 19.848006844520569 1.8996852934360493
leaf_count=149 8 170 337 51 8
internal_value=-0.00178024 -0.0119174 0.00123085 0.0384259 -0.0403141
internal_weight=119.331 97.5842 67.9401 21.747 29.6441
internal_count=723 664 507 59 157
is_linear=0
shrinkage=0.03


Tree=5
num_leaves=6
num_cat=0
split_feature=4 23 24 23 17
split_gain=51.9812 36.1306 20.7855 12.8889 2.2832
threshold=1.0000000180025095e-35 0.00089200000000000011 0.83006500000000016 0.73399800000000004 0.37665100000000001
decision_type=10 8 2 10 10
left_child=1 4 -3 -2 -1
right_child=3 2 -4 -5 -6
leaf_value=-0.043393933853284057 0.043987948406755559 -0.030631699749107687 0.0095821940250179049 -0.0063926368318881202 -0.011035948481241073
leaf_weight=20.740914821624759 21.061286285519603 11.372375950217245 55.018264450132847 3.563264623284339 7.9963153302669516
leaf_count=114 53 101 387 16 37
internal_value=-0.000402635 -0.0108621 0.00123492 0.0357092 -0.0372297
internal_weight=119.752 95.1279 66.3906 24.6246 28.7372
internal_count=708 639 488 69 151
is_linear=0
shrinkage=0.03


Tree=6
num_leaves=6
num_cat=0
split_feature=4 21 25 5 19
split_gain=45.4082 34.1028 15.4168 10.6897 4.62502
threshold=1.0000000180025095e-35 0.027506500000000003 0.16466150000000004 1.5000000000000002 0.24449600000000002
decision_type=10 8 2 10 10
left_child=1 3 -3 -1 -2
right_child=4 2 -4 -5 -6
leaf_value=-0.035125043823761103 0.039766304277778761 -0.011744760946706036 0.020008030325704466 0.0050495138450564392 0
leaf_weight=38.035795837640762 18.067200988531116 21.692920170724392 26.898913607001305 4.6866941899061194 3.6498225331306449
leaf_count=197 47 219 200 17 14
internal_value=-0.00159877 -0.0112853 0.00539244 -0.0300196 0.034343
internal_weight=113.031 91.3143 48.5918 42.7225 21.717
internal_count=694 633 419 214 61
is_linear=0
shrinkage=0.03


Tree=7
num_leaves=5
num_cat=0
split_feature=3 21 23 19
split_gain=52.8929 29.6234 11.5686 7.98058
threshold=1.5000000000000002 0.11378600000000001 0.014006000000000003 0.38600300000000004
decision_type=10 8 10 10
left_child=1 3 -3 -1
right_child=-2 2 -4 -5
leaf_value=-0.013988945522898375 0.043371171557364703 -0.0020278889072432599 0.027876746436629084 -0.041992693740181539
leaf_weight=40.580362349748611 17.079059958457947 32.388662561774254 13.662376582622526 15.480739444494246
leaf_count=184 42 362 41 86
internal_value=-0.000999404 -0.00973218 0.00739492 -0.0239701
internal_weight=119.191 102.112 46.051 56.0611
internal_count=715 673 403 270
is_linear=0
shrinkage=0.03


Tree=8
num_leaves=7
num_cat=0
split_feature=24 25 7 5 15 25
split_gain=40.4791 24.1702 12.1884 10.5059 8.304 4.09003
threshold=0.8605735000000001 0.28514000000000006 8.0568855000000017 1.5000000000000002 0.0059935000000000014 0.57512200000000013
decision_type=2 2 10 10 8 2
left_child=3 2 -2 5 -3 -1
right_child=1 4 -4 -5 -6 -7
leaf_value=-0.037519395114741783 -0.012080680469640915 -0.0064805161909197084 0.02074514679059267 0.012574861035767897 0.030096553433378914 0
leaf_weight=25.47883456200362 39.604849182069302 3.8852058202028266 10.058052882552145 2.414861947298049 37.515427317470312 2.4039433375000945
leaf_count=200 279 18 31 7 182 14
internal_value=-0.000251987 0.00957811 -0.00405987 -0.0288996 0.0257824 -0.0343356
internal_weight=121.361 91.0635 49.6629 30.2976 41.4006 27.8828
internal_count=731 510 310 221 200 214
is_linear=0
shrinkage=0.03


Tree=9
num_leaves=7
num_cat=0
split_feature=25 21 9 21 15 24
split_gain=37.1527 21.6172 21.529 12.1253 7.0843 6.59435
threshold=0.28514000000000006 1.0000000180025095e-35 7.9372940000000005 0.046415500000000005 0.14795850000000002 0.93921100000000013
decision_type=2 8 10 10 8 2
left_child=2 5 3 -1 -4 -2
right_child=1 -3 4 -5 -6 -7
leaf_value=-0.026660883740831427 -0.025153162059652803 0.03097954713532854 0.03031555536070734 0.0060710823345958096 -0.0092631685295185787 0.012953610625693428
leaf_weight=49.600253328680992 8.1537729203701002 36.440281823277473 9.2034881114959681 9.6803329139947873 2.9551296085119256 2.9712899774312964
leaf_count=401 42 192 25 36 14 9
internal_value=6.59437e-05 0.020145 -0.0131731 -0.0207992 0.0187875 -0.0122621
internal_weight=119.005 47.5653 71.4392 59.2806 12.1586 11.1251
internal_count=719 243 476 437 39 51
is_linear=0
shrinkage=0.03


Tree=10
num_leaves=5
num_cat=0
split_feature=3 25 24 2
split_gain=40.6091 26.4813 14.6539 7.30878
threshold=1.5000000000000002 0.47717150000000003 0.8605735000000001 0.64583350000000006
decision_type=10 2 2 10
left_child=1 2 -1 -3
right_child=-2 3 -4 -5
leaf_value=-0.033007199888754668 0.04103629748336262 0.025658304431292165 -0.0052599389661959995 -0.010092689909754867
leaf_weight=25.575265221297741 15.636080771684645 20.342001136392359 55.02580339834094 3.4834792017936698
leaf_count=202 39 108 358 17
internal_value=0 -0.00693424 -0.0152917 0.0187687
internal_weight=120.063 104.427 80.6011 23.8255
internal_count=724 685 560 125
is_linear=0
shrinkage=0.03


Tree=11
num_leaves=5
num_cat=0
split_feature=3 21 25 25
split_gain=47.904 32.0868 20.5114 1.65618
threshold=1.5000000000000002 0.00092500000000000015 0.28514000000000006 0.57512200000000013
decision_type=10 8 2 2
left_child=1 3 -3 -1
right_child=-2 2 -4 -5
leaf_value=-0.032872059502541795 0.041085208620376172 -0.010206799627505552 0.022192354865713165 0
leaf_weight=33.210691049695015 17.111553579568863 39.381946217268705 26.637987542897463 3.0184570401906958
leaf_count=175 43 331 164 13
internal_value=-0.00109244 -0.00940586 0.00282748 -0.0309747
internal_weight=119.361 102.249 66.0199 36.2291
internal_count=726 683 495 188
is_linear=0
shrinkage=0.03


Tree=12
num_leaves=7
num_cat=0
split_feature=4 21 25 25 16 25
split_gain=47.2884 28.2921 13.1925 4.64171 1.3199 0.485542
threshold=1.0000000180025095e-35 0.046415500000000005 0.46761350000000007 0.6159960000000001 0.22529850000000004 0.071055000000000021
decision_type=10 8 2 2 10 2
left_child=1 3 -3 -1 -2 -6
right_child=4 2 -4 -5 5 -7
leaf_value=-0.029204585679390355 0.040005977847729801 -0.0035689791961093162 0.027991580107548337 0 0 0.012568718318025399
leaf_weight=38.979399308562279 18.991164401173595 34.486511673778296 13.932124350219963 4.6130626350641242 2.4626051634550086 3.341796800494194
leaf_count=202 49 326 90 18 10 10
internal_value=0.00063899 -0.00919622 0.00603222 -0.0260538 0.0352682 0.00800966
internal_weight=116.807 92.0111 48.4186 43.5925 24.7956 5.8044
internal_count=705 636 416 220 69 20
is_linear=0
shrinkage=0.03


Tree=13
num_leaves=5
num_cat=0
split_feature=3 21 25 15
split_gain=44.0617 26.4013 19.3035 4.75902
threshold=1.5000000000000002 0.00092500000000000015 0.23216550000000002 0.26530700000000002
decision_type=10 8 2 10
left_child=1 3 -3 -1
right_child=-2 2 -4 -5
leaf_value=-0.030728083387222913 0.040241875513193741 -0.0093941081985123125 0.022148252266061985 -0.00059201163170314675
leaf_weight=31.367066964507103 18.009528756141663 36.054495181888342 27.910160891711712 8.0055775344371778
leaf_count=166 46 298 180 35
internal_value=0.000326805 -0.00728649 0.00429665 -0.0257843
internal_weight=121.347 103.337 63.9647 39.3726
internal_count=725 679 478 201
is_linear=0
shrinkage=0.03


Tree=14
num_leaves=5
num_cat=0
split_feature=3 24 18 15
split_gain=30.6329 18.7933 20.6767 7.01916
threshold=1.5000000000000002 0.8453750000000001 0.12633200000000003 0.32105100000000003
decision_type=10 2 8 10
left_child=1 3 -3 -1
right_child=-2 2 -4 -5
leaf_value=-0.036294637797301202 0.037538342148378222 -0.017783577491619143 0.012303670571038056 0
leaf_weight=17.803365699946884 13.596445083618162 30.407899275422096 50.208624854683876 4.1313096284866324
leaf_count=156 35 146 364 17
internal_value=-9.70834e-05 -0.00629619 0.000365352 -0.0290808
internal_weight=116.148 102.551 80.6165 21.9347
internal_count=718 683 510 173
is_linear=0
shrinkage=0.03


Tree=15
num_leaves=7
num_cat=0
split_feature=25 21 21 7 18 18
split_gain=26.6719 16.7064 14.5828 4.37741 1.93892 1.78048
threshold=0.28514000000000006 0.027506500000000003 1.0000000180025095e-35 8.0568855000000017 0.35309600000000002 0.29332350000000001
decision_type=2 10 8 10 10 10
left_child=1 3 4 -1 -2 -3
right_child=2 5 -4 -5 -6 -7
leaf_value=-0.022205978712753784 0 0.0017553625593725586 0.026848756928507595 0.0011427279109015873 -0.021141302906640125 0.025176197022143063
leaf_weight=48.141387570649385 9.3181739747524244 11.108130529522894 34.160916909575462 5.2987707555294028 2.9632018208503714 4.4574637413024893
leaf_count=393 39 43 186 20 17 12
internal_value=0 -0.0114386 0.0171743 -0.0194217 -0.00776018 0.0130626
internal_weight=115.448 69.0058 46.4423 53.4402 12.2814 15.5656
internal_count=710 468 242 413 56 55
is_linear=0
shrinkage=0.03


Tree=16
num_leaves=6
num_cat=0
split_feature=3 18 24 4 15
split_gain=41.5691 17.6561 19.549 10.9669 4.80538
threshold=1.0000000180025095e-35 0.12633200000000003 0.8453750000000001 1.0000000180025095e-35 0.22372350000000005
decision_type=10 8 2 10 10
left_child=1 3 -3 -1 -2
right_child=4 2 -4 -5 -6
leaf_value=-0.031240554220447185 0.038516681982769703 -0.02616157658411486 0.010149261085672781 0.015059368905544756 0
leaf_weight=29.876820921897888 20.010493442416195 15.022204134613274 48.099537670612335 2.5982074290513983 3.5635001063346854
leaf_count=160 53 134 351 7 14
internal_value=0 -0.00877971 0.000259117 -0.0257303 0.033494
internal_weight=119.171 95.5968 63.1217 32.475 23.574
internal_count=719 652 485 167 67
is_linear=0
shrinkage=0.03


Tree=17
num_leaves=6
num_cat=0
split_feature=4 25 23 15 2
split_gain=36.0419 24.7985 10.3739 6.72523 5.67727
threshold=1.0000000180025095e-35 0.46761350000000007 0.73399800000000004 0.30061300000000007 0.32575750000000009
decision_type=10 2 10 10 10
left_child=1 3 -2 -1 -3
right_child=2 4 -4 -5 -6
leaf_value=-0.023101787169449585 0.037031914424971987 0.023043184516779423 -0.0075467465009688151 0.0019643512980421752 -0.0047785285582490821
leaf_weight=61.525038629770279 19.319962754845623 16.159771960228685 3.4984102398157111 8.2679803669452649 6.3424498438835135
leaf_count=487 52 99 16 34 28
internal_value=-0.00223633 -0.0109308 0.0289526 -0.0197616 0.0143854
internal_weight=115.114 92.2952 22.8184 69.793 22.5022
internal_count=716 648 68 521 127
is_linear=0
shrinkage=0.03


Tree=18
num_leaves=6
num_cat=0
split_feature=3 23 23 23 24
split_gain=37.4232 23.8676 11.3482 2.85358 1.89975
threshold=1.0000000180025095e-35 0.00089200000000000011 0.48434650000000007 0.57592050000000017 0.9621320000000001
decision_type=10 8 8 10 2
left_child=1 4 -3 -2 -1
right_child=3 2 -4 -5 -6
leaf_value=-0.029341954974491651 0.038027667090874094 0.020378454695251527 -0.0048238985370667375 0 0
leaf_weight=27.854727745056156 19.422072589397434 20.940936610102654 43.471291229128838 3.2084424197673789 1.8084774315357197
leaf_count=152 52 70 409 12 8
internal_value=0.00173314 -0.0065651 0.00346683 0.0341303 -0.0275851
internal_weight=116.706 94.0754 64.4122 22.6305 29.6632
internal_count=703 639 479 64 160
is_linear=0
shrinkage=0.03


Tree=19
num_leaves=7
num_cat=0
split_feature=21 7 5 18 23 22
split_gain=26.9158 19.2793 12.0203 6.59095 5.88747 1.24512
threshold=0.042944500000000004 8.6832670000000025 1.5000000000000002 0.34743350000000006 1.0000000180025095e-35 0.025934500000000003
decision_type=10 8 10 8 10 10
left_child=1 2 -1 -3 -2 -6
right_child=4 3 -4 -5 5 -7
leaf_value=-0.026231553786890838 -0.0028135917939862976 0.024520190199318486 0.0088903552993268315 0 0 0.032285840156778212
leaf_weight=42.570092841982841 3.5662185847759273 9.9562723338603956 7.8412695676088324 31.965879280120134 2.9646305143833187 20.686133205890656
leaf_count=226 16 30 28 367 11 60
internal_value=0 -0.00786806 -0.0200143 0.00643116 0.0246245 0.0297384
internal_weight=119.55 92.3335 50.4114 41.9222 27.217 23.6508
internal_count=738 651 254 397 87 71
is_linear=0
shrinkage=0.03


Tree=20
num_leaves=5
num_cat=0
split_feature=3 25 18 23
split_gain=25.8956 21.5581 8.88768 4.61848
threshold=1.5000000000000002 0.46761350000000007 0.072731000000000018 0.00089200000000000011
decision_type=10 2 8 8
left_child=1 2 -1 -3
right_child=-2 3 -4 -5
leaf_value=-0.028414613275413187 0.035357977397441336 -0.0057090994086157788 -0.0050873578820134378 0.022716302578881738
leaf_weight=20.711639061570168 14.000392526388167 3.2208414524793652 55.487322393804789 21.867461290210485
leaf_count=114 38 16 431 118
internal_value=0.000838447 -0.00452521 -0.0126429 0.017779
internal_weight=115.288 101.287 76.199 25.0883
internal_count=717 679 545 134
is_linear=0
shrinkage=0.03


Tree=21
num_leaves=7
num_cat=0
split_feature=24 21 9 21 20 20
split_gain=31.5533 17.1109 11.2359 8.08309 3.22319 2.54067
threshold=0.8605735000000001 1.0000000180025095e-35 7.9813810000000007 0.12386950000000001 0.45648000000000005 0.21965000000000004
decision_type=2 10 8 10 10 8
left_child=3 2 -2 5 -3 -1
right_child=1 4 -4 -5 -6 -7
leaf_value=-0.005622284568498415 -0.018067036595119809 0.027589286378976965 0.010187325512203976 0.0087657901737342343 0 -0.034983897994279374
leaf_weight=7.5212438404560151 18.564160600304604 33.947945848107338 27.156476706266403 3.3065498173236838 2.8008350878953925 19.35103052854538
leaf_count=36 97 106 255 11 12 183
internal_value=0.000891511 0.0107512 -0.00107525 -0.0236837 0.0251904 -0.0291601
internal_weight=112.648 82.4694 45.7206 30.1788 36.7488 26.8723
internal_count=700 470 352 230 118 219
is_linear=0
shrinkage=0.03


Tree=22
num_leaves=6
num_cat=0
split_feature=4 25 24 18 23
split_gain=35.4727 19.744 8.18986 4.88366 3.2202
threshold=1.0000000180025095e-35 0.28514000000000006 0.91989850000000006 0.16174350000000001 0.57592050000000017
decision_type=10 2 2 8 10
left_child=1 3 -3 -1 -2
right_child=4 2 -4 -5 -6
leaf_value=-0.027233549074398251 0.03713795934328025 -0.0010138041193039865 0.026084603578239371 -0.0072990122371560957 0
leaf_weight=23.940660864114761 19.654959946870807 19.249686390161514 13.982841502875088 33.775609500706196 3.4008874893188468
leaf_count=133 54 125 75 303 13
internal_value=0.0018611 -0.0065108 0.0107758 -0.016999 0.0329845
internal_weight=114.005 90.9488 33.2325 57.7163 23.0558
internal_count=703 636 200 436 67
is_linear=0
shrinkage=0.03


Tree=23
num_leaves=5
num_cat=0
split_feature=3 25 24 5
split_gain=28.7543 18.777 10.4328 5.89332
threshold=1.5000000000000002 0.28514000000000006 0.91989850000000006 1.5000000000000002
decision_type=10 2 2 10
left_child=1 3 -3 -1
right_child=-2 2 -4 -5
leaf_value=-0.019159346439037897 0.034633896441431035 -0.0030334502686264792 0.026535849033598083 0.0088767595158012365
leaf_weight=59.487021636217833 14.628420889377592 21.765666332095861 14.920964691787956 4.2810287922620764
leaf_count=457 41 144 77 15
internal_value=-0.000521794 -0.00678709 0.00933369 -0.0165136
internal_weight=115.083 100.455 36.6866 63.7681
internal_count=734 693 221 472
is_linear=0
shrinkage=0.03


Tree=24
num_leaves=5
num_cat=0
split_feature=3 23 21 17
split_gain=27.4552 16.3944 12.3853 4.24891
threshold=1.5000000000000002 0.00089200000000000011 0.046415500000000005 0.37665100000000001
decision_type=10 8 10 10
left_child=1 3 -3 -1
right_child=-2 2 -4 -5
leaf_value=-0.029846417184557352 0.034383140989898683 -0.0046049967131695938 0.023455896447083447 -4.5196116494594332e-05
leaf_weight=21.255756348371509 15.097204506397246 53.823820292949677 15.593846037983893 7.7502026408910742
leaf_count=121 43 459 49 37
internal_value=0.00010528 -0.00571831 0.00199484 -0.0235717
internal_weight=113.521 98.4236 69.4177 29.006
internal_count=709 666 508 158
is_linear=0
shrinkage=0.03


Tree=25
num_leaves=5
num_cat=0
split_feature=3 21 25 13
split_gain=25.0969 19.3126 11.284 3.178
threshold=1.5000000000000002 0.00092500000000000015 0.21421450000000003 1.0000000180025095e-35
decision_type=10 8 2 10
left_child=1 3 -3 -1
right_child=-2 2 -4 -5
leaf_value=-0.025697280814704664 0.033311546981325872 -0.0070013577686277931 0.01704142667590591 0
leaf_weight=32.370216473937035 13.837319642305372 35.589820671826601 28.230533331632614 3.9771102815866461
leaf_count=181 40 301 195 16
internal_value=-0.000385757 -0.00616484 0.00347247 -0.0228235
internal_weight=114.005 100.168 63.8204 36.3473
internal_count=733 693 496 197
is_linear=0
shrinkage=0.03


Tree=26
num_leaves=6
num_cat=0
split_feature=4 25 23 15 21
split_gain=27.4019 14.7065 8.06352 6.37533 4.23726
threshold=1.0000000180025095e-35 0.46761350000000007 0.71218550000000014 0.34436500000000003 1.0000000180025095e-35
decision_type=10 2 10 10 8
left_child=1 3 -2 -1 -3
right_child=2 4 -4 -5 -6
leaf_value=-0.017860761382161857 0.033953352530245409 -0.0061693433181706477 -0.0057459649567540997 0.0079791742059599213 0.018369472188386127
leaf_weight=65.178745362907648 18.853728950023655 5.2710467875003841 3.3117844909429541 6.3841809928417197 16.898256111890078
leaf_count=512 55 25 15 25 108
internal_value=-0.000778927 -0.00825322 0.0268518 -0.0149249 0.0113032
internal_weight=115.898 93.7322 22.1655 71.5629 22.1693
internal_count=740 670 70 537 133
is_linear=0
shrinkage=0.03


Tree=27
num_leaves=6
num_cat=0
split_feature=4 18 23 22 22
split_gain=23.6747 17.8839 8.7757 6.92086 0.883595
threshold=1.0000000180025095e-35 0.14532350000000002 0.71218550000000014 0.027005000000000005 0.189196
decision_type=10 8 10 10 10
left_child=1 4 -2 -3 -1
right_child=2 3 -4 -5 -6
leaf_value=-0.028297656861088431 0.033095455943621704 -0.0053073395932930799 -0.0077214093437602636 0.015477714587167521 -0.0014975698110780082
leaf_weight=25.393226563930515 17.926419898867611 38.785258285701275 3.4464775770902625 18.550485223531723 4.0512423664331427
leaf_count=145 53 389 16 68 18
internal_value=-0.000804694 -0.00815589 0.0251424 0.00135548 -0.0260143
internal_weight=108.153 86.7802 21.3729 57.3357 29.4445
internal_count=689 620 69 457 163
is_linear=0
shrinkage=0.03


Tree=28
num_leaves=7
num_cat=0
split_feature=24 21 8 25 5 23
split_gain=27.8994 15.3111 8.21428 7.47467 5.60455 2.13385
threshold=0.8605735000000001 1.0000000180025095e-35 8.2880465000000019 0.5039570000000001 1.5000000000000002 0.00089200000000000011
decision_type=2 10 8 2 10 10
left_child=3 2 -2 4 -1 -3
right_child=1 5 -4 -5 -6 -7
leaf_value=-0.032345288730480461 -0.014079266146340941 0.00043990099208894882 0.0094803160788025469 0.0055404506319490406 0.0067734077667878558 0.027635924429164946
leaf_weight=23.455252762883909 20.816071435809135 5.4209456145763388 26.839064624160528 4.4259823784232131 1.3243913501501072 29.186017647385597
leaf_count=200 110 22 257 23 4 92
internal_value=0.00100899 0.0102128 -0.000442779 -0.0225199 -0.0286689 0.0245485
internal_weight=111.468 82.2621 47.6551 29.2056 24.7796 34.607
internal_count=708 481 367 227 204 114
is_linear=0
shrinkage=0.03


Tree=29
num_leaves=6
num_cat=0
split_feature=4 25 18 2 20
split_gain=21.6708 17.7507 12.0273 5.1225 5.08327
threshold=1.0000000180025095e-35 0.46761350000000007 0.18044050000000003 0.32575750000000009 0.28956100000000007
decision_type=10 2 8 10 10
left_child=1 2 -1 -3 -2
right_child=4 3 -4 -5 -6
leaf_value=-0.029312561191348473 0.03182192883191786 0.022720718240914196 -0.0030924872087167211 -0.0055034080534834611 -0.0031035259987727145
leaf_weight=25.849740698933601 16.677446827292446 16.470951430499557 43.140802092850208 4.6766884326934806 2.1741033494472495
leaf_count=151 50 97 370 22 10
internal_value=-7.2214e-05 -0.00663749 -0.0141456 0.0153285 0.0265481
internal_weight=108.99 90.1382 68.9905 21.1476 18.8516
internal_count=700 640 521 119 60
is_linear=0
shrinkage=0.03


Tree=30
num_leaves=7
num_cat=0
split_feature=21 25 24 20 20 7
split_gain=19.0136 14.1007 8.76562 2.13813 1.90688 1.64805
threshold=0.090908500000000017 0.46761350000000007 0.91197800000000007 0.28479750000000009 0.027231500000000002 16.162388500000002
decision_type=10 2 2 10 10 8
left_child=1 2 -1 4 -2 -3
right_child=3 5 -4 -5 -6 -7
leaf_value=-0.020076991339230753 0 0.00089487670002595134 0.0013003905220268729 0 0.029873662792809244 0.0200125710752968
leaf_weight=44.162046730518341 3.2386672049760881 10.976841360330583 22.736478790640831 3.4564671814441672 17.068684488534927 11.691620074212549
leaf_count=357 13 44 159 14 52 88
internal_value=0.000611238 -0.00558385 -0.0126384 0.0230903 0.026359 0.0131104
internal_weight=113.331 89.567 66.8985 23.7638 20.3074 22.6685
internal_count=727 648 516 79 65 132
is_linear=0
shrinkage=0.03


Tree=31
num_leaves=6
num_cat=0
split_feature=3 23 21 23 18
split_gain=19.7112 13.5309 11.3745 5.29476 1.41633
threshold=1.0000000180025095e-35 0.00089200000000000011 0.11378600000000001 0.61503100000000011 0.074024500000000007
decision_type=10 8 10 10 10
left_child=1 4 -3 -2 -1
right_child=3 2 -4 -5 -6
leaf_value=-0.02745146405990925 0.033144340054397106 -0.0023280519150152639 0.026893908476807699 -0.0013261987423366401 -0.0066146843909268647
leaf_weight=14.599073365330698 16.777290016412739 54.549977734684944 11.818855941295622 2.7211486250162116 12.121811106801031
leaf_count=90 51 468 35 12 62
internal_value=0.00207053 -0.00362774 0.00338131 0.0274649 -0.0206302
internal_weight=112.588 93.0897 66.3688 19.4984 26.7209
internal_count=718 655 503 63 152
is_linear=0
shrinkage=0.03


Tree=32
num_leaves=6
num_cat=0
split_feature=4 25 23 21 21
split_gain=22.6621 16.0473 7.55542 5.77287 5.28904
threshold=1.0000000180025095e-35 0.46761350000000007 0.71218550000000014 0.15176500000000001 0.046415500000000005
decision_type=10 2 10 8 8
left_child=1 3 -2 -1 -3
right_child=2 4 -4 -5 -6
leaf_value=-0.022414920922664491 0.032021235116136679 -0.0021296248454911 -0.0063665096523462094 -0.0030715445464438947 0.023254567840857922
leaf_weight=38.252394318580627 18.074470356106762 9.2393330484628695 3.2369211465120307 28.64462586119771 13.07649866491556
leaf_count=216 56 40 15 311 88
internal_value=-0.000607421 -0.00763538 0.0248905 -0.0150488 0.0125529
internal_weight=110.524 89.2129 21.3114 66.897 22.3158
internal_count=726 655 71 527 128
is_linear=0
shrinkage=0.03


Tree=33
num_leaves=5
num_cat=0
split_feature=3 24 23 15
split_gain=21.6063 15.695 12.6341 4.55521
threshold=1.5000000000000002 0.8453750000000001 0.00089200000000000011 0.32105100000000003
decision_type=10 2 8 10
left_child=1 3 -3 -1
right_child=-2 2 -4 -5
leaf_value=-0.031815065261999655 0.031636540217216069 -0.016225572237509065 0.0091995065084390128 0
leaf_weight=17.082931533455852 14.182212978601454 21.767365485429764 56.151293154805899 3.7298903167247763
leaf_count=162 45 120 392 17
internal_value=0.0002954 -0.00471186 0.00138779 -0.0261054
internal_weight=112.914 98.7315 77.9187 20.8128
internal_count=736 691 512 179
is_linear=0
shrinkage=0.03


Tree=34
num_leaves=7
num_cat=0
split_feature=21 7 2 5 2 4
split_gain=19.0826 9.97755 7.40683 5.70123 4.98058 0.718194
threshold=1.0000000180025095e-35 16.918525500000005 0.75735300000000005 1.5000000000000002 1.0000000180025095e-35 1.0000000180025095e-35
decision_type=8 10 8 10 10 8
left_child=1 3 4 -1 -2 -4
right_child=2 -3 5 -5 -6 -7
leaf_value=-0.027511344375212479 0.0048399745348772826 0.016985849367509326 -0.010679181835179449 0.007676516055425046 0.029101009375651542 0.00079014925167825883
leaf_weight=26.740461200475696 20.231842860579491 3.4524546116590491 2.4796894341707221 2.0407957285642615 17.380895704030991 31.422127962112427
leaf_count=160 83 11 13 7 53 359
internal_value=0.00060256 -0.0173102 0.00945085 -0.0235832 0.0181112 -3.57701e-05
internal_weight=103.748 32.2337 71.5146 28.7813 37.6127 33.9018
internal_count=686 178 508 167 136 372
is_linear=0
shrinkage=0.03


Tree=35
num_leaves=7
num_cat=0
split_feature=24 15 25 25 15 9
split_gain=22.5788 14.6869 7.07607 2.57741 2.39088 1.69619
threshold=0.8605735000000001 1.0000000180025095e-35 0.28514000000000006 0.18344750000000001 0.32105100000000003 7.9813810000000007
decision_type=2 8 2 2 10 10
left_child=4 3 -3 -2 5 -1
right_child=1 2 -4 -5 -6 -7
leaf_value=-0.027718767811381769 -0.027294386527718009 0.0024113368896329407 0.022531798576798785 0 0 0
leaf_weight=21.331489905714996 7.279929578304289 34.562902096658945 35.083396628499031 4.3919639885425568 4.9960334897041312 1.2525220960378636
leaf_count=192 49 244 180 22 23 5
internal_value=0 0.00793175 0.0134716 -0.0190755 -0.0221596 -0.0259046
internal_weight=108.898 81.3182 69.6463 11.6719 27.58 22.584
internal_count=715 495 424 71 220 197
is_linear=0
shrinkage=0.03


Tree=36
num_leaves=7
num_cat=0
split_feature=25 23 23 22 4 20
split_gain=18.1142 5.83178 8.18118 5.31036 3.66972 3.44944
threshold=0.28514000000000006 1.0000000180025095e-35 0.51918300000000006 0.0047930000000000013 1.5000000000000002 0.15918700000000002
decision_type=2 8 8 10 10 10
left_child=1 4 -3 5 -1 -2
right_child=3 2 -4 -5 -6 -7
leaf_value=-0.024466902856797909 0.0096223950427093991 0.015921638765259906 -0.010435851284254168 0.025943845537058974 0.0045852829810669616 -0.014504388970771666
leaf_weight=18.535411924123768 18.661316208541397 13.159054815769194 27.155294556170702 21.810584962368011 1.7592653930187214 3.5404904931783667
leaf_count=117 153 47 277 72 6 20
internal_value=0.00180959 -0.00837145 -0.00063299 0.0161075 -0.0203945 0.00331595
internal_weight=104.621 60.609 40.3143 44.0124 20.2947 22.2018
internal_count=692 447 324 245 123 173
is_linear=0
shrinkage=0.03


Tree=37
num_leaves=7
num_cat=0
split_feature=24 22 3 25 17 7
split_gain=17.848 10.6322 10.1234 4.9898 3.51872 0.978749
threshold=0.8605735000000001 0.040699500000000007 1.5000000000000002 0.21421450000000003 0.24900300000000003 8.0568855000000017
decision_type=2 10 8 2 10 10
left_child=3 2 -2 5 -5 -1
right_child=1 -3 -4 4 -6 -7
leaf_value=-0.028691074535800724 -0.01099640089180909 0.025037383204736769 0.013407226514522589 0.0095483473021433733 -0.017548494049685844 0
leaf_weight=14.079571906477215 25.597085371613503 24.866298347711563 29.177072990685701 7.899487402290104 4.0567860454320908 1.596974417567252
leaf_count=129 134 84 268 52 24 7
internal_value=0.00243721 0.00985764 0.00150483 -0.0168408 0 -0.0265636
internal_weight=107.273 79.6405 54.7742 27.6328 11.9563 15.6765
internal_count=698 486 402 212 76 136
is_linear=0
shrinkage=0.03


Tree=38
num_leaves=5
num_cat=0
split_feature=3 25 24 16
split_gain=21.372 13.4922 6.95326 2.80799
threshold=1.5000000000000002 0.46761350000000007 0.8605735000000001 0.018858500000000004
decision_type=10 2 2 8
left_child=1 2 -1 -3
right_child=-2 3 -4 -5
leaf_value=-0.02416121773891031 0.030904821951365471 -0.004030483249395758 -0.0038388373512127866 0.017571640693453697
leaf_weight=23.983452703803778 14.378805637359617 3.1559960693120983 48.469366542994976 19.52137316018343
leaf_count=203 48 15 337 117
internal_value=0 -0.00518301 -0.0116568 0.0132773
internal_weight=109.509 95.1302 72.4528 22.6774
internal_count=720 672 540 132
is_linear=0
shrinkage=0.03


Tree=39
num_leaves=5
num_cat=0
split_feature=3 25 24 21
split_gain=17.5047 13.3795 5.33546 3.26468
threshold=1.5000000000000002 0.46761350000000007 0.96542850000000013 0.00092500000000000015
decision_type=10 2 2 8
left_child=1 2 -1 -3
right_child=-2 3 -4 -5
leaf_value=-0.01224160773550206 0.030270195997861037 -0.0004678064734122658 0.016519142455765214 0.020121199354927097
leaf_weight=67.233527738600969 13.374321192502974 6.0452119112014797 2.8996515199542037 18.289313171058893
leaf_count=523 45 27 15 108
internal_value=0.00142071 -0.00316186 -0.0100134 0.0144189
internal_weight=107.842 94.4677 70.1332 24.3345
internal_count=718 673 538 135
is_linear=0
shrinkage=0.03


Tree=40
num_leaves=6
num_cat=0
split_feature=4 18 24 21 24
split_gain=18.4204 17.4544 11.6488 4.2562 1.33152
threshold=1.0000000180025095e-35 0.069155500000000023 0.8605735000000001 0.13168750000000004 0.8605735000000001
decision_type=10 8 2 10 2
left_child=1 3 -3 -1 -2
right_child=4 2 -4 -5 -6
leaf_value=-0.033743443377385954 0 -0.014653539459061279 0.010880997712475022 0 0.027181182864872196
leaf_weight=16.540738150477413 2.3750558942556408 21.377707578241825 42.925927702337503 2.985350474715232 17.145626589655876
leaf_count=110 10 185 310 12 58
internal_value=0.000221283 -0.00577719 0.00167153 -0.0285949 0.0246513
internal_weight=103.35 83.8297 64.3036 19.5261 19.5207
internal_count=685 617 495 122 68
is_linear=0
shrinkage=0.03


Tree=41
num_leaves=7
num_cat=0
split_feature=25 24 3 19 24 16
split_gain=19.1291 10.7298 6.81348 3.11411 2.91711 2.80812
threshold=0.18344750000000001 0.91989850000000006 1.5000000000000002 0.50499100000000008 0.8605735000000001 0.018858500000000004
decision_type=2 2 10 10 2 8
left_child=2 3 4 -2 -1 -3
right_child=1 5 -4 -5 -6 -7
leaf_value=-0.028313516707199067 0.0040546515322384203 0 0.015372768063397942 -0.017751563016301798 -0.0090398257705891182 0.030434819615884699
leaf_weight=15.127504263073204 30.545934319496155 3.6131993681192425 3.2241454720497122 4.1439931094646445 31.630557682365179 17.8873345926404
leaf_count=142 198 16 11 25 240 92
internal_value=-0.000453158 0.011001 -0.01379 0 -0.0172094 0.0262016
internal_weight=106.173 56.1905 49.9822 34.6899 46.7581 21.5005
internal_count=724 331 393 223 382 108
is_linear=0
shrinkage=0.03


Tree=42
num_leaves=7
num_cat=0
split_feature=21 20 23 20 19 15
split_gain=13.8795 7.76982 5.28832 4.70501 3.21944 0.641472
threshold=0.046415500000000005 0.25015000000000004 1.0000000180025095e-35 1.0000000180025095e-35 0.035985500000000011 0.037960000000000008
decision_type=10 10 10 8 10 10
left_child=1 3 -2 -1 -3 -4
right_child=2 4 5 -5 -6 -7
leaf_value=-0.020414049009123674 -0.0056362723699253754 0.00053073164365230561 0 0.0030346859089137737 -0.026066652900300889 0.027248150934218673
leaf_weight=5.8054229468107215 3.2970946878194836 2.412759497761729 2.7859703600406673 58.350147239863873 14.646607771515844 17.994749441742897
leaf_count=40 17 11 11 484 92 58
internal_value=0.000750538 -0.00499545 0.0196459 0 -0.0212926 0.0251238
internal_weight=105.293 81.2149 24.0778 64.1556 17.0594 20.7807
internal_count=713 627 86 524 103 69
is_linear=0
shrinkage=0.03


Tree=43
num_leaves=6
num_cat=0
split_feature=4 18 20 25 17
split_gain=17.2297 9.87794 8.36931 5.98972 3.17287
threshold=1.0000000180025095e-35 0.29332350000000001 0.17419750000000003 0.73967100000000008 0.22951650000000004
decision_type=10 8 8 2 10
left_child=1 3 -3 -1 -2
right_child=4 2 -4 -5 -6
leaf_value=-0.021479585870626091 0.027110187198598017 0.023436989807557818 -0.0044802264027411394 0.01021247554416444 0
leaf_weight=36.589934691786766 15.788667008280756 9.3992779552936536 38.446109212934971 3.0370261520147315 2.8641454875469199
leaf_count=212 54 31 408 10 13
internal_value=-0.00125366 -0.00722661 0.00147336 -0.0177991 0.0224914
internal_weight=106.125 87.4723 47.8454 39.627 18.6528
internal_count=728 661 439 222 67
is_linear=0
shrinkage=0.03


Tree=44
num_leaves=6
num_cat=0
split_feature=4 25 21 15 15
split_gain=13.3142 12.016 5.979 4.97066 3.14339
threshold=1.0000000180025095e-35 0.46761350000000007 0.00092500000000000015 0.21584700000000004 0.22372350000000005
decision_type=10 2 8 10 10
left_child=1 3 -3 -1 -2
right_child=4 2 -4 -5 -6
leaf_value=-0.014010606554759181 0.027620399717174841 -0.0072476047657027889 0.021860468530500141 0.004551840300571864 0
leaf_weight=52.521539710462093 15.614215373992922 5.5293975323438671 17.715862676501274 12.492566406726835 2.8276356756687155
leaf_count=465 54 27 103 56 12
internal_value=0.00161764 -0.00313754 0.0137564 -0.00995927 0.0230291
internal_weight=106.701 88.2594 23.2453 65.0141 18.4419
internal_count=717 651 130 521 66
is_linear=0
shrinkage=0.03


Tree=45
num_leaves=5
num_cat=0
split_feature=3 23 23 24
split_gain=13.2874 11.4484 6.16262 3.70476
threshold=1.5000000000000002 0.0074560000000000008 0.51918300000000006 0.91197800000000007
decision_type=10 8 8 2
left_child=1 3 -3 -1
right_child=-2 2 -4 -5
leaf_value=-0.029126824928289372 0.027697262818019805 0.015001186961397669 -0.003411268322599035 -0.0021299579454667119
leaf_weight=14.163898743689062 10.769309073686598 21.012426689267159 44.581363368779421 10.483285784721373
leaf_count=94 39 75 426 58
internal_value=0 -0.00386897 0.00244777 -0.0202064
internal_weight=101.01 90.241 65.5938 24.6472
internal_count=692 653 501 152
is_linear=0
shrinkage=0.03


Tree=46
num_leaves=7
num_cat=0
split_feature=21 2 2 8 23 15
split_gain=16.9654 6.92683 5.08207 4.87129 3.34298 1.54621
threshold=1.0000000180025095e-35 1.0000000180025095e-35 0.64583350000000006 8.2880465000000019 0.51918300000000006 0.32105100000000003
decision_type=8 10 10 10 10 10
left_child=3 4 -3 5 -2 -1
right_child=1 2 -4 -5 -6 -7
leaf_value=-0.022928609770349197 0.0043730485350448782 0.027886617834156809 -0.0032403041164690747 0.0087142815615593484 -0.015863929674046789 0
leaf_weight=27.93954569101334 44.80870059877634 16.378557622432712 3.3394544422626486 2.6100255846977225 5.4711524099111548 3.0128082782030097
leaf_count=178 420 52 16 10 29 14
internal_value=-0.000349158 0.00773371 0.0215627 -0.0172787 0.000838666 -0.0209305
internal_weight=103.56 69.9979 19.718 33.5624 50.2799 30.9524
internal_count=719 517 68 202 449 192
is_linear=0
shrinkage=0.03


Tree=47
num_leaves=7
num_cat=0
split_feature=24 20 17 20 25 25
split_gain=19.8929 9.43741 5.894 4.88799 2.02432 1.80128
threshold=0.8605735000000001 1.0000000180025095e-35 0.23643500000000003 0.27370350000000004 0.73537500000000011 0.18779850000000003
decision_type=2 8 8 10 2 2
left_child=2 -2 5 -3 -4 -1
right_child=1 3 4 -5 -6 -7
leaf_value=-0.0102233304351717 -0.018171505942791547 0.016523372786356544 -0.029457539266699091 -0.0026971701008674997 0 0.010963182145460885
leaf_weight=3.2923645228147524 6.3248772472143164 60.704407941550016 17.39866062626243 10.559484258294104 1.2691313698887814 5.0163589864969254
leaf_count=21 44 389 179 53 8 20
internal_value=0.00179965 0.00976057 -0.0187818 0.0132775 -0.027071 0
internal_weight=104.565 77.5888 26.9765 71.2639 18.6678 8.30872
internal_count=714 486 228 442 187 41
is_linear=0
shrinkage=0.03


Tree=48
num_leaves=7
num_cat=0
split_feature=25 21 3 18 25 21
split_gain=14.8872 6.20461 5.72855 2.87309 1.07264 0.18866
threshold=0.23216550000000002 1.0000000180025095e-35 1.5000000000000002 0.20492700000000003 0.47717150000000003 0.11378600000000001
decision_type=2 8 10 10 2 10
left_child=2 4 3 -1 -2 -3
right_child=1 5 -4 -5 -6 -7
leaf_value=-0.01848138110322638 -0.011445599902921936 0.010852891401134717 0.01490448010915865 0 0.0013559924098420478 0.026803058790320595
leaf_weight=37.357023440301418 6.2713228315114957 22.529582131654028 3.25876161456108 12.347649574279783 6.0571966916322708 8.8554730713367444
leaf_count=346 37 175 12 59 26 29
internal_value=-0.000842476 0.0113671 -0.0115249 -0.0145766 -0.00416442 0.0181716
internal_weight=96.677 43.7136 52.9634 49.7047 12.3285 31.3851
internal_count=684 267 417 405 63 204
is_linear=0
shrinkage=0.03


Tree=49
num_leaves=6
num_cat=0
split_feature=4 25 17 15 25
split_gain=14.0709 9.35239 4.39947 2.78562 2.68194
threshold=1.0000000180025095e-35 0.16466150000000004 0.59316800000000003 0.23158100000000001 0.033283000000000007
decision_type=10 2 10 10 2
left_child=1 4 -3 -2 -1
right_child=3 2 -4 -5 -6
leaf_value=-0.00052407852478736838 0.028570646234154878 0.0088731753907845701 -0.017280894166674551 0 -0.019368816652817093
leaf_weight=13.776607468724249 14.83069282770157 41.655368380248547 3.1901363953948012 2.6756844967603675 24.613069470971823
leaf_count=105 53 281 22 12 225
internal_value=0.00176099 -0.0032975 0.00541877 0.0242387 -0.0138591
internal_weight=100.742 83.2352 44.8455 17.5064 38.3897
internal_count=698 633 303 65 330
is_linear=0
shrinkage=0.03


Tree=50
num_leaves=5
num_cat=0
split_feature=3 25 21 22
split_gain=12.2108 9.1466 4.9344 3.35498
threshold=1.5000000000000002 0.46761350000000007 0.29816800000000004 0.0013980000000000002
decision_type=10 2 10 8
left_child=1 2 -1 -3
right_child=-2 3 -4 -5
leaf_value=-0.011437898707094525 0.026831248381447438 -0.0055560737822609044 0.013507913748594952 0.017522499966490655
leaf_weight=67.380143590271473 10.424419283866881 3.8461681008338955 4.3544057458639136 17.378326095640659
leaf_count=543 40 19 14 106
internal_value=0 -0.00371634 -0.00904078 0.0119318
internal_weight=103.383 92.959 71.7345 21.2245
internal_count=722 682 557 125
is_linear=0
shrinkage=0.03


Tree=51
num_leaves=5
num_cat=0
split_feature=3 25 18 15
split_gain=12.5296 6.63232 5.08758 1.68567
threshold=1.5000000000000002 0.46761350000000007 0.12633200000000003 0.013702000000000002
decision_type=10 2 8 8
left_child=1 2 -1 -3
right_child=-2 3 -4 -5
leaf_value=-0.017722253370026492 0.027552223329974274 -0.0017240970494422322 -0.00025416263458257149 0.014561930472840802
leaf_weight=22.804613322019577 11.585377022624014 2.9078455120325115 44.893369358032942 17.788911789655685
leaf_count=143 45 14 382 112
internal_value=0.0016014 -0.00226433 -0.0070651 0.0110792
internal_weight=99.9801 88.3947 67.698 20.6968
internal_count=696 651 525 126
is_linear=0
shrinkage=0.03


Tree=52
num_leaves=6
num_cat=0
split_feature=3 18 25 5 19
split_gain=13.4989 10.8175 4.92557 1.71208 0.616433
threshold=1.0000000180025095e-35 0.14129700000000003 0.28514000000000006 4.5000000000000009 0.24449600000000002
decision_type=10 8 2 10 8
left_child=1 3 -3 -1 -2
right_child=4 2 -4 -5 -6
leaf_value=-0.023754187249163738 0.024494888098357082 -0.0064939065680631987 0.010597537678494163 0 0
leaf_weight=24.301823757588867 11.849843770265576 33.089572727680206 22.937254298478365 1.5710619390010823 2.3852783292531976
leaf_count=157 46 315 162 6 10
internal_value=-0.0018431 -0.00697517 0.000178033 -0.0219133 0.0220175
internal_weight=96.1348 81.8997 56.0268 25.8729 14.2351
internal_count=696 640 477 163 56
is_linear=0
shrinkage=0.03


Tree=53
num_leaves=7
num_cat=0
split_feature=24 22 17 19 20 17
split_gain=14.3663 7.56248 4.22416 2.99904 2.32668 1.02682
threshold=0.8605735000000001 0.0047930000000000013 0.17362050000000004 0.31259500000000007 0.50765150000000003 0.42321200000000003
decision_type=2 10 8 8 10 10
left_child=3 2 -2 5 -3 -1
right_child=1 4 -4 -5 -6 -7
leaf_value=0.0039243930436857885 -0.014083321998505307 0.019168033483328194 0.0046298876588467324 -0.023329102688424169 -0.00044815344310515615 -0.012191793870275426
leaf_weight=7.0175420418381709 12.756995528936384 32.188337594270706 30.085788659751415 18.261566795408726 2.8341961950063697 2.179339125752449
leaf_count=33 80 121 287 191 14 15
internal_value=0.000215127 0.0070877 -0.000844786 -0.0170674 0.0168815 0
internal_weight=105.324 77.8653 42.8428 27.4584 35.0225 9.19688
internal_count=741 502 367 239 135 48
is_linear=0
shrinkage=0.03


Tree=54
num_leaves=7
num_cat=0
split_feature=24 19 24 19 15 16
split_gain=9.69849 7.65566 5.41583 3.70058 1.18731 0.799284
threshold=0.8453750000000001 0.0046685000000000008 0.93526650000000011 0.24449600000000002 0.32105100000000003 0.033660500000000003
decision_type=2 8 2 8 10 10
left_child=3 5 -3 4 -1 -2
right_child=1 2 -4 -5 -6 -7
leaf_value=-0.0062194858769468609 -0.020959816295185636 0.0030307141973379592 0.021698850866733996 -0.024604748885218859 0.012713202407135948 0
leaf_weight=3.4863944575190571 6.2130986526608458 55.308943256735802 19.203945651650429 12.785506337881086 2.0590317845344543 1.775097995996475
leaf_count=21 46 373 119 139 7 10
internal_value=0.000701729 0.00546526 0.00888262 -0.0170843 0 -0.0174034
internal_weight=100.832 82.5011 74.5129 18.3309 5.54543 7.9882
internal_count=715 548 492 167 28 56
is_linear=0
shrinkage=0.03


Tree=55
num_leaves=7
num_cat=0
split_feature=24 21 24 25 22 22
split_gain=13.0245 7.03276 6.46306 2.72438 2.34118 0.387509
threshold=0.8453750000000001 0.11378600000000001 0.93748100000000012 0.57512200000000013 0.13270100000000004 0.072334000000000009
decision_type=2 10 2 2 10 10
left_child=3 2 -2 4 -1 -3
right_child=1 5 -4 -5 -6 -7
leaf_value=-0.027783643399764753 -0.0051709776076294834 0 0.013297089892057646 0.0013925003705168638 0 0.024214179072344067
leaf_weight=14.74062860384584 47.950313031673431 2.7141976505517951 22.338541936129332 1.5655602663755406 1.7073443830013264 12.743845731019972
leaf_count=152 365 12 147 8 8 44
internal_value=9.38227e-05 0.0053903 0.000593077 -0.0208607 -0.0244094 0.0219366
internal_weight=103.76 85.7469 70.2889 18.0135 16.448 15.458
internal_count=736 568 512 168 160 56
is_linear=0
shrinkage=0.03


Tree=56
num_leaves=7
num_cat=0
split_feature=24 19 25 19 24 25
split_gain=13.1939 7.51184 5.68621 4.11768 2.22563 1.89968
threshold=0.8605735000000001 0.0046685000000000008 0.21421450000000003 0.57917700000000016 0.8008820000000002 0.25731200000000004
decision_type=2 8 2 10 2 2
left_child=2 5 -1 -3 -4 -2
right_child=1 3 4 -5 -6 -7
leaf_value=-0.024936432407933664 -0.021795352168657214 0.013813176714434909 -0.014527162437326714 -0.0097921514776202478 0.0086798955426556218 0.00039407973604684167
leaf_weight=15.538835268467666 5.4719644337892523 67.551943883299828 2.262996193021535 3.7130742520093909 8.8445445820689184 1.6153292208909986
leaf_count=151 43 432 22 23 53 7
internal_value=0.00213003 0.00855514 -0.0147046 0.0118334 0 -0.0151508
internal_weight=104.999 78.3523 26.6464 71.265 11.1075 7.08729
internal_count=731 505 226 455 75 50
is_linear=0
shrinkage=0.03


Tree=57
num_leaves=6
num_cat=0
split_feature=24 3 18 17 25
split_gain=12.0867 6.56017 7.1114 3.47222 0.258307
threshold=0.8453750000000001 1.5000000000000002 0.071565500000000018 0.16763750000000002 0.20988500000000002
decision_type=2 10 8 8 2
left_child=3 2 -2 4 -1
right_child=1 -3 -4 -5 -6
leaf_value=-0.00075781300298404148 -0.01081070029885396 0.026057623968849451 0.0083584196483197145 -0.025285695875214904 0.0069584491128725718
leaf_weight=2.0289311408996613 21.242661260068417 10.324358984827994 54.534914098680019 13.589652068912981 1.7416074872016905
leaf_count=14 122 43 394 147 7
internal_value=0.00136879 0.00635252 0.00239689 -0.0191696 0
internal_weight=103.462 86.1019 75.7776 17.3602 3.77054
internal_count=727 559 516 168 21
is_linear=0
shrinkage=0.03


Tree=58
num_leaves=5
num_cat=0
split_feature=3 21 15 19
split_gain=10.0717 8.05935 6.3389 5.48697
threshold=1.5000000000000002 0.11378600000000001 0.10075000000000002 0.42144850000000006
decision_type=10 8 10 10
left_child=1 3 -3 -1
right_child=-2 2 -4 -5
leaf_value=-0.003546953493893122 0.025777518822112495 -0.00031643488768664358 0.022340258788593879 -0.027810249609563947
leaf_weight=36.406180329620838 10.032084852457045 32.422548055648804 12.140612110495566 10.352210275828837
leaf_count=191 42 378 40 75
internal_value=0.00088038 -0.00226951 0.00624509 -0.0108746
internal_weight=101.354 91.3216 44.5632 46.7584
internal_count=726 684 418 266
is_linear=0
shrinkage=0.03


Tree=59
num_leaves=7
num_cat=0
split_feature=21 19 18 16 23 15
split_gain=8.14267 6.48302 5.33667 3.66503 1.82229 1.18498
threshold=0.080088500000000021 0.24449600000000002 0.19956300000000002 0.0055110000000000011 0.037849000000000008 0.050990000000000001
decision_type=10 10 10 10 10 10
left_child=1 2 -1 -3 -2 -6
right_child=4 3 -4 -5 5 -7
leaf_value=-0.0046429758863640236 0 0.00072201485389248362 0.016856344945432745 -0.02499912588896519 0 0.022837345140190677
leaf_weight=49.086820751428604 3.5534453243017223 3.6121286600828197 9.9520626068115217 15.704377844929693 2.6767195910215369 11.557177931070326
leaf_count=469 18 19 39 104 12 40
internal_value=-0.00108579 -0.00560912 0 -0.0193946 0.0153307 0.0194591
internal_weight=96.1427 78.3554 59.0389 19.3165 17.7873 14.2339
internal_count=701 631 508 123 70 52
is_linear=0
shrinkage=0.03


Tree=60
num_leaves=6
num_cat=0
split_feature=4 23 23 24 17
split_gain=9.26579 8.60053 6.61955 5.09567 1.33094
threshold=1.0000000180025095e-35 0.73399800000000004 0.00089200000000000011 0.80666950000000004 0.41322550000000008
decision_type=10 10 8 2 10
left_child=2 -2 4 -4 -1
right_child=1 -3 3 -5 -6
leaf_value=-0.021497778149532257 0.027227381999277663 -0.015389587921428768 -0.02158301143897591 0.0038438291131548791 0
leaf_weight=16.713520869612697 14.288851842284204 2.5257593989372245 5.0726588740944853 53.017745979130268 5.2237264439463607
leaf_count=117 57 14 61 414 33
internal_value=-0.000174586 0.0179509 -0.00485527 0.00018154 -0.0178132
internal_weight=96.8423 16.8146 80.0277 58.0904 21.9372
internal_count=696 71 625 475 150
is_linear=0
shrinkage=0.03


Tree=61
num_leaves=6
num_cat=0
split_feature=24 4 18 23 15
split_gain=11.7664 8.83691 8.78322 4.4957 2.40109
threshold=0.8453750000000001 1.0000000180025095e-35 0.12633200000000003 0.81133400000000011 0.34436500000000003
decision_type=2 8 10 8 10
left_child=4 2 -2 -3 -1
right_child=1 3 -4 -5 -6
leaf_value=-0.025845572022641053 -0.018041410421957938 0.026123462191309843 0.0077992676359732206 0.0040074659201268202 0
leaf_weight=13.974113419651987 20.667483307421207 14.304506704211233 19.317375466227531 26.383252676576376 2.9695512205362311
leaf_count=154 127 57 79 284 15
internal_value=-0.000506438 0.00414557 -0.00518637 0.0137294 -0.0214517
internal_weight=97.6163 80.6726 39.9849 40.6878 16.9437
internal_count=716 547 206 341 169
is_linear=0
shrinkage=0.03


Tree=62
num_leaves=7
num_cat=0
split_feature=15 25 19 17 7 17
split_gain=8.64031 7.38675 5.07336 3.28024 1.22532 1.08361
threshold=1.0000000180025095e-35 0.28514000000000006 0.24449600000000002 0.59316800000000003 8.4887085000000031 0.41322550000000008
decision_type=8 2 8 10 8 10
left_child=4 2 -2 -3 5 -1
right_child=1 3 -4 -5 -6 -7
leaf_value=-0.026304311304144033 0.0076446386716202026 0.016886219979273868 -0.010515049047545468 -0.0087299194166447682 0 0
leaf_weight=8.392406344413752 20.40180978924036 35.669079650193453 28.558331064879894 1.6195448637008656 1.3584812432527549 2.7794853821396837
leaf_count=67 92 213 307 11 6 19
internal_value=0.000977239 0.00481471 -0.00236603 0.0144618 -0.0193327 -0.0220771
internal_weight=98.7791 86.2488 48.9601 37.2886 12.5304 11.1719
internal_count=715 623 399 224 92 86
is_linear=0
shrinkage=0.03


Tree=63
num_leaves=5
num_cat=0
split_feature=3 24 17 15
split_gain=9.88418 6.53694 5.51293 3.23681
threshold=1.5000000000000002 0.8605735000000001 0.11739550000000001 0.32105100000000003
decision_type=10 2 8 10
left_child=1 3 -3 -1
right_child=-2 2 -4 -5
leaf_value=-0.020210831388957944 0.025215486042470189 -0.009916505548707686 0.0077881549520697662 0.0011911566426803001
leaf_weight=19.684889115393165 9.8711674362421018 19.582303605973721 46.187066029757261 4.9081002846360198
leaf_count=204 44 109 347 23
internal_value=0.000335463 -0.00278401 0.00187786 -0.0151872
internal_weight=100.234 90.3624 65.7694 24.593
internal_count=727 683 456 227
is_linear=0
shrinkage=0.03


Tree=64
num_leaves=5
num_cat=0
split_feature=24 19 5 24
split_gain=11.3223 6.31557 4.20187 4.19674
threshold=0.8605735000000001 0.0046685000000000008 1.5000000000000002 0.93789450000000019
decision_type=2 8 10 2
left_child=2 -2 -1 -3
right_child=1 3 -4 -5
leaf_value=-0.020529462133791775 -0.016878626847523653 0.0036168234581635587 0.0087688749443618139 0.020919791408876724
leaf_weight=21.782181136310104 5.7907297015190116 49.321259748190641 2.0244850516319266 18.524593930691481
leaf_count=214 44 322 7 116
internal_value=0.000263289 0.00640884 -0.0162163 0.00945047
internal_weight=97.4432 73.6366 23.8067 67.8459
internal_count=703 482 221 438
is_linear=0
shrinkage=0.03


Tree=65
num_leaves=5
num_cat=0
split_feature=3 25 24 22
split_gain=12.5407 9.91126 4.61328 3.63261
threshold=1.5000000000000002 0.46761350000000007 0.87497400000000014 0.019698500000000004
decision_type=10 2 2 8
left_child=1 2 -1 -3
right_child=-2 3 -4 -5
leaf_value=-0.020515116174618393 0.025716083331363132 -0.0038075348928411626 -0.0033240702607368177 0.017798321552305391
leaf_weight=25.403435863554478 10.718501657247542 6.5596617758274105 41.193779617547989 16.031007159501314
leaf_count=250 49 31 308 100
internal_value=-0.000723917 -0.00496032 -0.0109143 0.0106414
internal_weight=99.9064 89.1879 66.5972 22.5907
internal_count=738 689 558 131
is_linear=0
shrinkage=0.03


Tree=66
num_leaves=7
num_cat=0
split_feature=20 4 25 25 24 15
split_gain=7.80262 6.99464 5.90755 3.13113 2.13688 0.978875
threshold=0.27370350000000004 1.0000000180025095e-35 0.15885200000000002 0.47717150000000003 0.91197800000000007 0.22372350000000005
decision_type=10 10 2 2 2 8
left_child=1 2 -1 4 -2 -3
right_child=3 5 -4 -5 -6 -7
leaf_value=-0.0087619843277919485 -0.023354351434538814 0.025598638373736455 0.0084182172190659949 0.0041020653466262323 0 0
leaf_weight=27.829965349286795 13.735677666962152 11.99130772054195 39.246775195002556 3.1557332426309577 2.5252664908766738 2.0415875911712655
leaf_count=271 96 49 286 12 12 9
internal_value=0.00124144 0.00565681 0.000792144 -0.0141533 -0.0193408 0.0229134
internal_weight=100.526 81.1096 67.0767 19.4167 16.2609 14.0329
internal_count=735 615 557 120 108 58
is_linear=0
shrinkage=0.03


Tree=67
num_leaves=7
num_cat=0
split_feature=4 2 2 19 20 20
split_gain=9.09434 6.07209 4.77884 2.11198 0.689252 0.176076
threshold=1.0000000180025095e-35 0.47222200000000009 1.0000000180025095e-35 0.31259500000000007 0.30851750000000006 0.82349850000000013
decision_type=10 10 8 8 10 10
left_child=1 2 -1 4 -2 -3
right_child=3 5 -4 -5 -6 -7
leaf_value=-0.011776091321035015 0.025821756054253724 -0.017555501075074337 0.0060388401924366224 0 0 0
leaf_weight=15.994085378944872 10.675517678260798 20.367708757519726 42.962237279862165 2.1806687116622934 2.0538462996482858 1.5288495421409596
leaf_count=92 45 136 414 11 9 12
internal_value=0 -0.00435134 0.000385474 0.0191925 0.0232436 -0.0168198
internal_weight=95.7629 80.8529 58.9563 14.91 12.7294 21.8966
internal_count=719 654 506 65 54 148
is_linear=0
shrinkage=0.03


Tree=68
num_leaves=7
num_cat=0
split_feature=24 19 24 19 25 17
split_gain=8.12067 5.62483 4.95314 2.71424 1.79453 1.02835
threshold=0.8453750000000001 0.0046685000000000008 0.9260385000000001 0.23000950000000003 0.23854700000000004 0.24900300000000003
decision_type=2 8 2 8 2 10
left_child=3 4 -3 5 -2 -1
right_child=1 2 -4 -5 -6 -7
leaf_value=0.011442635458233501 -0.021110453217871094 0.0024011982941600468 0.019592268259141975 -0.021900215789359509 0.00036614757864706818 -0.0070899834709752781
leaf_weight=2.351043105125425 5.442970782518386 51.000414963811636 22.830145373940468 11.927976008504629 1.5570884793996809 1.4736547395586965
leaf_count=9 46 349 151 142 7 11
internal_value=0.00162433 0.00583522 0.008665 -0.0158598 -0.0146566 0
internal_weight=96.5833 80.8306 73.8306 15.7527 7.00006 3.8247
internal_count=715 553 500 162 53 20
is_linear=0
shrinkage=0.03


Tree=69
num_leaves=5
num_cat=0
split_feature=3 23 23 24
split_gain=8.64689 8.12389 5.1418 3.70443
threshold=1.5000000000000002 0.00089200000000000011 0.51918300000000006 0.9546300000000002
decision_type=10 8 8 2
left_child=1 3 -3 -1
right_child=-2 2 -4 -5
leaf_value=-0.023030397560177114 0.02403745633596285 0.013132245907223726 -0.0033459713690604138 0.0011530893856879943
leaf_weight=18.019784659147266 9.0799840688705427 22.392147481441498 45.038087856024504 4.3574322611093512
leaf_count=133 44 84 457 25
internal_value=0 -0.00294037 0.00202643 -0.0175595
internal_weight=98.8874 89.8075 67.4302 22.3772
internal_count=743 699 541 158
is_linear=0
shrinkage=0.03


Tree=70
num_leaves=7
num_cat=0
split_feature=21 9 25 19 15 15
split_gain=10.5718 6.92219 3.93294 3.109 1.10103 0.406506
threshold=1.0000000180025095e-35 7.9813810000000007 0.12322400000000001 0.22398500000000002 0.019100000000000002 0.34436500000000003
decision_type=10 8 2 10 10 10
left_child=1 5 3 -2 -3 -1
right_child=2 4 -4 -5 -6 -7
leaf_value=-0.02133904394502208 0.0096901918859537122 -0.0019820478170814002 0.018897778236537262 -0.012661509716634408 0.011868945314156875 0
leaf_weight=22.372471958398823 9.6773880794644374 29.979723300784826 19.904167637228966 7.0284389927983275 3.1145506948232642 2.2405208349227896
leaf_count=163 41 367 80 41 12 11
internal_value=-0.000923723 -0.00903686 0.0108233 0 0 -0.0201285
internal_weight=94.3173 57.7073 36.61 16.7058 33.0943 24.613
internal_count=715 553 162 82 379 174
is_linear=0
shrinkage=0.03


Tree=71
num_leaves=7
num_cat=0
split_feature=24 23 23 19 17 15
split_gain=7.93673 6.00452 5.06417 3.92704 3.14464 2.13653
threshold=0.8453750000000001 0.00089200000000000011 0.51918300000000006 0.24449600000000002 0.37665100000000001 0.32105100000000003
decision_type=2 8 8 8 10 10
left_child=3 4 -3 5 -2 -1
right_child=1 2 -4 -5 -6 -7
leaf_value=-0.0067742573877238059 -0.012292454570523916 0.021647623436509826 0.0032019351048144821 -0.021897916164476356 0.011067828871188292 0.017432670553444399
leaf_weight=3.5888989642262485 14.857876174151899 26.868833899497986 34.931334692984819 11.244530897587536 3.4375885799527159 2.4944250881671906
leaf_count=24 102 104 321 138 15 9
internal_value=0.00357484 0.00781962 0.0123154 -0.0128286 -0.00555362 0.00232818
internal_weight=97.4235 80.0956 61.8002 17.3279 18.2955 6.08332
internal_count=713 542 425 171 117 33
is_linear=0
shrinkage=0.03


Tree=72
num_leaves=6
num_cat=0
split_feature=4 23 23 23 17
split_gain=8.87827 6.72808 6.61208 4.25544 2.45921
threshold=1.0000000180025095e-35 0.00089200000000000011 0.51918300000000006 0.73399800000000004 0.37665100000000001
decision_type=10 8 10 10 10
left_child=1 4 -3 -2 -1
right_child=3 2 -4 -5 -6
leaf_value=-0.023100115018902231 0.025570927771307091 0.0067849332539947817 -0.016061474305246754 -0.0044427548596442734 0
leaf_weight=14.048583567142488 13.505284875631334 48.346349850296974 11.377818197011946 2.5707584470510474 5.9496500864624968
leaf_count=109 60 431 70 13 39
internal_value=0.00057553 -0.00339019 0.00139424 0.0192548 -0.0173012
internal_weight=95.7984 79.7224 59.7242 16.076 19.9982
internal_count=722 649 501 73 148
is_linear=0
shrinkage=0.03


Tree=73
num_leaves=7
num_cat=0
split_feature=24 25 25 24 19 15
split_gain=8.13613 4.89099 5.01388 4.77824 1.99594 0.715636
threshold=0.8453750000000001 0.15885200000000002 0.033283000000000007 0.91989850000000006 0.24449600000000002 0.30061300000000007
decision_type=2 2 2 2 8 10
left_child=4 2 -2 -3 5 -1
right_child=1 3 -4 -5 -6 -7
leaf_value=-0.0071291812284418757 0.010420094116537054 0 -0.012050858955977215 0.019877593988265961 -0.023134660864621445 0.0084513414201703562
leaf_weight=3.0682211369276073 9.8632681854069215 24.901052262634039 22.390757720917463 21.008493918925524 11.505366068333386 1.6993722170591352
leaf_count=21 62 169 185 128 140 7
internal_value=0 0.00408653 -0.00402632 0.010297 -0.0175957 0
internal_weight=94.4365 78.1636 32.254 45.9095 16.273 4.76759
internal_count=712 544 247 297 168 28
is_linear=0
shrinkage=0.03


Tree=74
num_leaves=6
num_cat=0
split_feature=4 18 23 25 25
split_gain=6.59495 8.71535 3.65672 2.48419 1.62228
threshold=1.0000000180025095e-35 0.071565500000000018 0.73399800000000004 0.64158300000000013 0.58110250000000019
decision_type=10 8 8 2 2
left_child=1 4 -2 -3 -1
right_child=2 3 -4 -5 -6
leaf_value=-0.023495920095720629 0.024064643592743601 -7.8118125790595679e-06 -0.0038492558228395185 0.015460640477272306 0
leaf_weight=14.754556611180307 11.48699630796909 55.637647770345211 2.5630052685737619 7.4388962611556044 2.6248872876167288
leaf_count=113 51 488 13 48 11
internal_value=0.000162455 -0.00301201 0.0174317 0.00198155 -0.0202314
internal_weight=94.506 80.456 14.05 63.0765 17.3794
internal_count=724 660 64 536 124
is_linear=0
shrinkage=0.03


Tree=75
num_leaves=5
num_cat=0
split_feature=3 18 4 23
split_gain=7.74529 3.90621 4.25099 4.16613
threshold=1.5000000000000002 0.086576000000000014 1.0000000180025095e-35 0.81133400000000011
decision_type=10 8 10 10
left_child=1 2 -1 -3
right_child=-2 3 -4 -5
leaf_value=-0.02008353217893032 0.022650007958236473 0.0027365082463068915 0.0071189729778972054 -0.020176959244973182
leaf_weight=17.82489632815123 7.9912926852703086 56.663634054362774 3.2882104068994513 5.1126255691051474
leaf_count=130 41 492 12 34
internal_value=-0.000691698 -0.00400387 -0.0142442 0
internal_weight=90.8807 82.8894 21.1131 61.7763
internal_count=709 668 142 526
is_linear=0
shrinkage=0.03


Tree=76
num_leaves=5
num_cat=0
split_feature=3 23 23 17
split_gain=6.98247 5.98661 7.01157 2.75131
threshold=1.5000000000000002 0.0063255000000000013 0.51918300000000006 0.41322550000000008
decision_type=10 8 8 10
left_child=1 3 -3 -1
right_child=-2 2 -4 -5
leaf_value=-0.02227388944823544 0.021788292762176909 0.013833206005462425 -0.0063419311260821207 0
leaf_weight=15.767670907080175 7.3822133094072333 20.913449734449387 40.377972580492496 5.7433673515915862
leaf_count=124 39 78 427 38
internal_value=-0.0010452 -0.00412118 0.000399735 -0.0166989
internal_weight=90.1847 82.8025 61.2914 21.511
internal_count=706 667 505 162
is_linear=0
shrinkage=0.03


Tree=77
num_leaves=7
num_cat=0
split_feature=25 20 7 25 21 19
split_gain=5.8649 6.12713 3.64969 3.02877 2.93616 1.57508
threshold=0.16466150000000004 0.25015000000000004 16.918525500000005 0.033283000000000007 0.14425450000000004 0.057508500000000011
decision_type=2 8 10 2 8 10
left_child=2 5 3 -1 -3 -2
right_child=1 4 -4 -5 -6 -7
leaf_value=0 0.0015853439250052086 -0.016123305745746688 0.013441291981216649 -0.016337587246496105 0.0031095404598279284 0.021624094368257567
leaf_weight=14.571239557117222 9.1093768477439898 7.2153470069170025 2.9451376646757117 24.956522490829229 16.609269507229328 17.217531085014343
leaf_count=116 48 47 13 240 183 73
internal_value=0.000143973 0.0071993 -0.0074525 -0.010553 -0.00274857 0.0165849
internal_weight=92.6244 50.1515 42.4729 39.5278 23.8246 26.3269
internal_count=720 351 369 356 230 121
is_linear=0
shrinkage=0.03


Tree=78
num_leaves=4
num_cat=0
split_feature=3 25 22
split_gain=7.11416 5.64723 4.00092
threshold=1.5000000000000002 0.71528900000000017 0.040699500000000007
decision_type=10 2 10
left_child=1 2 -1
right_child=-2 -3 -4
leaf_value=-0.010108908498096593 0.022393733131542193 0.017350371713815749 0.0043244462190254202
leaf_weight=57.084340937435627 7.9779070764780036 7.0692227184772483 18.908992864191532
leaf_count=543 43 39 86
internal_value=-2.23496e-05 -0.00322949 -0.00610992
internal_weight=91.0405 83.0626 75.9933
internal_count=711 668 629
is_linear=0
shrinkage=0.03


Tree=79
num_leaves=7
num_cat=0
split_feature=20 20 25 16 15 20
split_gain=5.67928 7.37341 4.20194 1.83187 0.787992 0.390832
threshold=0.27370350000000004 0.087964500000000015 0.71528900000000017 0.45824950000000003 0.34436500000000003 0.86841550000000012
decision_type=10 10 2 10 10 8
left_child=1 2 -1 -3 5 -2
right_child=4 3 -4 -5 -6 -7
leaf_value=-0.003963519824798179 -0.015564794344067287 0.022194862435484221 0.018238779172306336 0 0 0
leaf_weight=48.713459134101868 14.050747998058796 18.335895985364917 5.9338266141712657 2.586594730615615 2.7467439025640479 1.2442967668175704
leaf_count=468 96 80 38 15 14 10
internal_value=0.00138955 0.00532522 -0.0002086 0.0192466 -0.0120786 -0.0143722
internal_weight=93.6116 75.5698 54.6473 20.9225 18.0418 15.295
internal_count=721 601 506 95 120 106
is_linear=0
shrinkage=0.03


Tree=80
num_leaves=6
num_cat=0
split_feature=4 18 23 21 21
split_gain=6.32961 9.64753 4.99636 2.68836 0.631218
threshold=1.0000000180025095e-35 0.14532350000000002 0.73399800000000004 0.00092500000000000015 0.09775600000000001
decision_type=10 8 8 10 10
left_child=1 4 -2 -3 -1
right_child=2 3 -4 -5 -6
leaf_value=-0.022130525582645586 0.022742125779731396 -0.001884446709671023 -0.0086000334937817845 0.011678451822141899 0
leaf_weight=19.417508564889435 12.326202809810635 38.464837048202753 3.0275042504072198 15.018995143473147 3.850469857454299
leaf_count=148 59 414 16 61 19
internal_value=-0.000987772 -0.0048984 0.0145319 0.00181106 -0.0199083
internal_weight=92.1055 76.7518 15.3537 53.4838 23.268
internal_count=717 642 75 475 167
is_linear=0
shrinkage=0.03


Tree=81
num_leaves=5
num_cat=0
split_feature=24 4 18 23
split_gain=6.25173 4.85338 10.3682 4.46962
threshold=0.79360300000000017 1.0000000180025095e-35 0.071565500000000018 0.73399800000000004
decision_type=2 10 8 10
left_child=-1 2 -2 -3
right_child=1 3 -4 -5
leaf_value=-0.022585280099088417 -0.018216776782738496 0.024877979917352695 0.0068730742865329118 -0.0072155827103196641
leaf_weight=5.3814167417585841 16.495991185307503 12.779757261276243 57.880288608372211 1.9868384450674046
leaf_count=63 123 61 473 11
internal_value=0.001749 0.0042311 0.000430114 0.018382
internal_weight=94.5243 89.1429 74.3763 14.7666
internal_count=731 668 596 72
is_linear=0
shrinkage=0.03


Tree=82
num_leaves=6
num_cat=0
split_feature=21 24 5 19 15
split_gain=9.09433 6.9031 5.22956 5.204 2.29199
threshold=0.11378600000000001 0.91197800000000007 1.5000000000000002 0.0046685000000000008 0.095195500000000016
decision_type=10 2 8 8 10
left_child=1 2 -1 -3 -2
right_child=4 3 -4 -5 -6
leaf_value=-0.019662407163783237 0 -0.014801640633392312 0 0.012837221040004964 0.023607809097600036
leaf_weight=25.740981325507164 3.5815259218215969 4.3892197236418751 23.83301692828536 23.579217612743378 12.682188287377356
leaf_count=180 18 40 265 171 48
internal_value=0 -0.00432638 -0.0110375 0.0065173 0.0186179
internal_weight=93.8061 77.5424 49.574 27.9684 16.2637
internal_count=722 656 445 211 66
is_linear=0
shrinkage=0.03


Tree=83
num_leaves=7
num_cat=0
split_feature=24 4 18 15 25 25
split_gain=7.7158 4.11144 6.66494 2.76013 0.865749 0.191826
threshold=0.83006500000000016 1.0000000180025095e-35 0.071565500000000018 0.19394000000000003 0.24232600000000001 0.35285200000000005
decision_type=2 10 8 8 2 2
left_child=4 2 -2 -3 -1 -6
right_child=1 3 -4 -5 5 -7
leaf_value=-0.023277894499829931 -0.014384308329584103 0.024962599743378236 0.0067143131187141622 0 0.0018527455813029741 -0.0054154673622065306
leaf_weight=7.7261672094464284 14.756210319697855 10.064248442649838 50.263023357838392 3.3437014669179925 1.4464558996260168 2.3663500733673573
leaf_count=101 110 49 394 17 12 21
internal_value=0.00114409 0.0049967 0.00106167 0.0185674 -0.0186056 0
internal_weight=89.9662 78.4272 65.0192 13.4079 11.539 3.81281
internal_count=704 570 504 66 134 33
is_linear=0
shrinkage=0.03


Tree=84
num_leaves=7
num_cat=0
split_feature=24 3 17 17 15 2
split_gain=7.16843 3.44298 6.83619 3.41516 2.01022 1.53236
threshold=0.8605735000000001 1.0000000180025095e-35 0.19491800000000001 0.42321200000000003 0.23709800000000003 0.042241500000000008
decision_type=2 10 8 8 8 10
left_child=3 2 -2 5 -3 -1
right_child=1 4 -4 -5 -6 -7
leaf_value=-0.011441954046078551 -0.010135781985451097 0.023847747109234495 0.0097337154651495877 -0.020981715518844313 0 0.0070913654180458337
leaf_weight=3.2465408742427853 20.735521964728832 10.066352605819699 39.703278809785843 12.463706254959105 1.7239806354045875 8.1626313179731351
leaf_count=25 126 52 329 164 9 43
internal_value=0.00117726 0.00616036 0.00228698 -0.0117877 0.0194962 0
internal_weight=96.102 72.2291 60.4388 23.8729 11.7903 11.4092
internal_count=748 516 455 232 61 68
is_linear=0
shrinkage=0.03


Tree=85
num_leaves=4
num_cat=0
split_feature=24 25 3
split_gain=6.37201 4.46342 3.49029
threshold=0.79360300000000017 0.71528900000000017 1.5000000000000002
decision_type=2 2 10
left_child=-1 2 -2
right_child=1 -3 -4
leaf_value=-0.022750069560591162 -0.00040405231659392053 0.022283641877648367 0.019211518022151996
leaf_weight=5.532012451440095 76.220020990818739 7.983979854732751 5.8471710979938498
leaf_count=65 604 45 34
internal_value=0.00160897 0.00411302 0.0012691
internal_weight=95.5832 90.0512 82.0672
internal_count=748 683 638
is_linear=0
shrinkage=0.03


Tree=86
num_leaves=7
num_cat=0
split_feature=21 24 19 18 25 24
split_gain=6.09587 4.99321 4.84858 3.70461 1.26813 0.540954
threshold=0.11378600000000001 0.93875050000000015 0.0030960000000000002 0.14532350000000002 0.15885200000000002 0.89579050000000005
decision_type=10 2 8 8 2 2
left_child=1 3 -3 -1 5 -2
right_child=4 2 -4 -5 -6 -7
leaf_value=-0.018574374967419822 0.0070635167480721959 -0.013113094199480316 0.017250674329855248 -0.0016201621223559952 0.023155400160750916 -0.0038355932239450613
leaf_weight=16.519649669528008 5.5928036868572217 2.9363457188010242 14.134836405515669 42.098632700741291 7.884135365486145 1.8816380053758619
leaf_count=123 23 29 105 394 32 10
internal_value=0.000171287 -0.00315022 0.00935389 -0.00755672 0.0160142 0.00114292
internal_weight=91.048 75.6895 17.0712 58.6183 15.3586 7.47444
internal_count=716 651 134 517 65 33
is_linear=0
shrinkage=0.03


Tree=87
num_leaves=6
num_cat=0
split_feature=4 18 23 15 15
split_gain=6.20602 8.49441 3.29266 3.16158 1.05234
threshold=1.0000000180025095e-35 0.071565500000000018 0.71218550000000014 0.21584700000000004 0.38973200000000002
decision_type=10 8 8 10 10
left_child=1 4 -2 -3 -1
right_child=2 3 -4 -5 -6
leaf_value=-0.022989256270355328 0.023842123500359046 -0.0012161842048035959 -0.0023087162685828406 0.014359917078686378 0
leaf_weight=14.34490682184696 10.615264818072315 49.059811647981405 2.8288691341876993 11.412163287401198 1.334275186061858
leaf_count=119 53 470 14 50 6
internal_value=3.19943e-05 -0.00313574 0.0170979 0.00179045 -0.0209774
internal_weight=89.5953 76.1512 13.4441 60.472 15.6792
internal_count=712 645 67 520 125
is_linear=0
shrinkage=0.03


Tree=88
num_leaves=5
num_cat=0
split_feature=3 25 25 20
split_gain=4.8113 3.84047 3.84643 3.68357
threshold=1.5000000000000002 0.15885200000000002 0.033283000000000007 0.45648000000000005
decision_type=10 2 2 10
left_child=1 2 -1 -3
right_child=-2 3 -4 -5
leaf_value=0.00091742017413910327 0.019994155418131359 0.006634348161368619 -0.016726655475087285 -0.015116535587584769
leaf_weight=13.942267686128615 6.4301141053438178 39.503887601196766 22.364155534654856 4.9309280365705481
leaf_count=111 39 293 221 35
internal_value=0 -0.00258674 -0.00963492 0.00278482
internal_weight=87.1714 80.7412 36.3064 44.4348
internal_count=699 660 332 328
is_linear=0
shrinkage=0.03


Tree=89
num_leaves=7
num_cat=0
split_feature=23 23 18 4 18 17
split_gain=6.28961 4.10953 4.74487 3.66514 3.00071 3.00022
threshold=0.00089200000000000011 0.51918300000000006 0.29332350000000001 1.0000000180025095e-35 0.33105050000000008 0.37665100000000001
decision_type=8 8 10 10 10 10
left_child=3 2 -2 5 -3 -1
right_child=1 4 -4 -5 -6 -7
leaf_value=-0.024888431682804222 0.00041082894368128786 0.0020374544852471313 0.027482203374470299 0.007047628282791275 -0.016898145306292314 0
leaf_weight=13.23562896251679 15.88187597692013 39.223209898918867 9.2415275871753675 2.9869380295276633 5.9325762540101996 5.6793318539857855
leaf_count=113 78 419 30 16 38 38
internal_value=0 0.00422037 0.013305 -0.0132251 -0.000725066 -0.0183219
internal_weight=92.1811 70.2792 25.1234 21.9019 45.1558 18.915
internal_count=732 565 108 167 457 151
is_linear=0
shrinkage=0.03


Tree=90
num_leaves=7
num_cat=0
split_feature=21 24 24 19 18 16
split_gain=5.6875 3.77009 3.65056 3.95859 2.82621 1.58961
threshold=0.00092500000000000015 0.8453750000000001 0.93875050000000015 0.0046685000000000008 0.12633200000000003 0.36667800000000006
decision_type=8 2 2 10 10 10
left_child=2 -2 5 -4 -3 -1
right_child=1 4 3 -5 -6 -7
leaf_value=-0.021742029443305482 -0.0098770638471957582 0.00239548072973552 -0.012073806208598971 0.02064837513021725 0.018090314878511187 -0.00011414475506564179
leaf_weight=13.975903049111372 8.5814827233552915 38.118448290973902 2.7224615812301627 3.8323628827929497 15.93414720892906 7.3202136531472197
leaf_count=106 116 348 28 19 61 47
internal_value=0 0.00497656 -0.0106409 0.00439415 0.00825595 -0.0164746
internal_weight=90.485 62.6341 27.8509 6.55482 54.0526 21.2961
internal_count=725 525 200 47 409 153
is_linear=0
shrinkage=0.03


Tree=91
num_leaves=5
num_cat=0
split_feature=3 20 20 19
split_gain=5.49685 3.63491 3.83514 2.44477
threshold=1.5000000000000002 0.26207500000000006 0.087964500000000015 0.24449600000000002
decision_type=10 10 10 10
left_child=1 2 -1 -3
right_child=-2 3 -4 -5
leaf_value=-0.0023048958547846974 0.021376006078100581 0 0.012986061644193745 -0.021543654900538563
leaf_weight=49.473289035260677 7.5963497683405867 8.1982458010315913 16.773915573954582 8.8014016300439817
leaf_count=482 48 46 77 75
internal_value=0.00081347 -0.00139331 0.00152843 -0.0128007
internal_weight=90.8432 83.2469 66.2472 16.9996
internal_count=728 680 559 121
is_linear=0
shrinkage=0.03


Tree=92
num_leaves=6
num_cat=0
split_feature=21 24 24 23 5
split_gain=5.40596 4.14897 2.47102 2.27897 1.60251
threshold=0.090908500000000017 0.8605735000000001 0.86337200000000014 0.043927000000000008 1.5000000000000002
decision_type=10 2 2 10 10
left_child=1 4 -3 -2 -1
right_child=3 2 -4 -5 -6
leaf_value=-0.016122737187171925 0 0.02202182292595729 0 0.020584999834088073 0.0020326070663698212
leaf_weight=18.080819498747591 3.0297248363494864 1.8506049215793599 52.307869907468557 12.39249352365732 1.2859211415052403
leaf_count=211 18 9 426 50 5
internal_value=0.000777799 -0.00242391 0.00149897 0.0155794 -0.013465
internal_weight=88.9474 73.5252 54.1585 15.4222 19.3667
internal_count=719 651 435 68 216
is_linear=0
shrinkage=0.03


Tree=93
num_leaves=7
num_cat=0
split_feature=20 17 4 17 25 25
split_gain=6.12071 4.95974 5.86251 3.31006 0.976959 0.868607
threshold=0.27370350000000004 0.14438400000000004 1.0000000180025095e-35 0.47011650000000005 0.058278500000000004 0.64158300000000013
decision_type=10 10 8 10 2 2
left_child=1 2 -1 -3 -2 -6
right_child=4 3 -4 -5 5 -7
leaf_value=-0.017209380761348404 0 0.017455428266868574 0.0037035484179557382 -0.0057554016750671596 -0.023293417897897382 0
leaf_weight=14.313441552221773 4.3469425141811362 21.215841196477417 33.373911142349243 3.326559640467166 9.4429927691817266 1.6842766702175129
leaf_count=102 32 94 378 20 75 8
internal_value=-0.000921844 0.00256607 -0.00262868 0.0129359 -0.0165993 -0.0205563
internal_weight=87.704 72.2298 47.6874 24.5424 15.4742 11.1273
internal_count=709 594 480 114 115 83
is_linear=0
shrinkage=0.03


Tree=94
num_leaves=5
num_cat=0
split_feature=3 18 25 15
split_gain=4.0862 5.7745 2.46362 2.35062
threshold=1.5000000000000002 0.086576000000000014 0.58110250000000019 0.22372350000000005
decision_type=10 8 2 10
left_child=1 2 -1 -3
right_child=-2 3 -4 -5
leaf_value=-0.018996524146451588 0.019574246460391367 0 0.001188389955966277 0.013241832484239836
leaf_weight=16.242637101560835 6.3553755655884734 50.475795101374388 3.4561072885990134 12.387962289154528
leaf_count=134 42 479 14 55
internal_value=0.000556505 -0.00119178 -0.0144444 0.00297431
internal_weight=88.9179 82.5625 19.6987 62.8638
internal_count=724 682 148 534
is_linear=0
shrinkage=0.03


Tree=95
num_leaves=7
num_cat=0
split_feature=24 25 25 17 22 25
split_gain=6.87787 3.6397 3.27418 3.05664 2.54629 1.24555
threshold=0.8605735000000001 0.28514000000000006 0.033283000000000007 0.23643500000000003 0.0013980000000000002 0.73537500000000011
decision_type=2 2 2 8 8 2
left_child=3 2 -2 -1 -3 -5
right_child=1 4 -4 5 -6 -7
leaf_value=0 0.011622477424467034 -0.0011445881043557105 -0.0062774318395010546 -0.023177052090418093 0.017098305495180412 0
leaf_weight=6.575443226844075 9.8078966662287694 5.0100054740905788 28.032500237226486 12.573518104851244 21.788620553910732 1.1768865883350361
leaf_count=41 64 27 242 170 151 8
internal_value=0 0.00500791 -0.00039042 -0.0138799 0.0129092 -0.0207969
internal_weight=84.9649 64.639 37.8404 20.3258 26.7986 13.7504
internal_count=703 484 306 219 178 178
is_linear=0
shrinkage=0.03


Tree=96
num_leaves=6
num_cat=0
split_feature=21 19 19 21 23
split_gain=5.83981 4.76811 1.89047 0.0915341 0.0500286
threshold=0.12386950000000001 0.42144850000000006 0.0046685000000000008 0.015255000000000001 0.067798500000000012
decision_type=10 10 8 8 10
left_child=1 2 -1 -3 -2
right_child=4 3 -4 -5 -6
leaf_value=-0.01056417394866623 0 -0.021333274019259399 0.0043328563505172597 0 0.021772261210804767
leaf_weight=4.9480785354971877 2.9560120552778235 5.7679937034845326 60.958848118782043 2.3534991666674623 9.7971702218055707
leaf_count=46 17 57 525 16 39
internal_value=0.0029256 -0.000198861 0.00236783 -0.0187455 0.0195505
internal_weight=86.7816 74.0284 65.9069 8.12149 12.7532
internal_count=700 644 571 73 56
is_linear=0
shrinkage=0.03


Tree=97
num_leaves=5
num_cat=0
split_feature=3 15 5 7
split_gain=4.22397 3.31563 3.42994 2.50184
threshold=1.5000000000000002 0.20060950000000002 1.5000000000000002 1.0000000180025095e-35
decision_type=10 8 10 8
left_child=1 2 -1 -3
right_child=-2 3 -4 -5
leaf_value=-0.014175550587754542 0.019029464077655118 0.011870493088252427 0.0036554533199106265 -0.0017547877627880964
leaf_weight=27.806965157389641 5.972141556441783 14.170990228652952 9.2675695866346341 30.882532566785812
leaf_count=205 39 67 37 372
internal_value=-0.000183926 -0.00255487 -0.00902973 0.00238008
internal_weight=88.1002 82.1281 37.0745 45.0535
internal_count=720 681 242 439
is_linear=0
shrinkage=0.03


Tree=98
num_leaves=6
num_cat=0
split_feature=21 18 9 20 20
split_gain=4.1969 2.07746 4.01667 3.49719 0.998595
threshold=0.12386950000000001 0.12633200000000003 8.3048650000000013 0.24394000000000002 0.032888500000000008
decision_type=10 8 10 8 10
left_child=1 2 -1 -3 -2
right_child=4 3 -4 -5 -6
leaf_value=-0.015459674108704339 0 0.013147766365689434 0.0090254316531619694 -0.0032824049288688612 0.017337630618471978
leaf_weight=18.856180883944038 2.618537798523902 12.787353977560995 4.4075290709733954 38.669974535703659 11.375932812690733
leaf_count=152 14 55 24 431 50
internal_value=0.000446286 -0.00219043 -0.00917743 0.00074904 0.0141913
internal_weight=88.7155 74.721 23.2637 51.4573 13.9945
internal_count=726 662 176 486 64
is_linear=0
shrinkage=0.03


Tree=99
num_leaves=6
num_cat=0
split_feature=4 17 24 16 16
split_gain=5.42769 3.67528 4.76666 3.8785 0.755307
threshold=1.0000000180025095e-35 0.10290350000000002 0.8605735000000001 0.34344450000000004 0.28554300000000005
decision_type=10 8 2 8 10
left_child=1 3 -3 -1 -2
right_child=4 2 -4 -5 -6
leaf_value=-0.021588817260213122 0.020563336780125757 -0.0096289638096517718 0.0072018191660230555 0.0051292575054871061 0
leaf_weight=11.387798599898812 9.9945417717099172 18.929037161171436 42.883827414363623 3.5897443592548379 1.9605862423777569
leaf_count=89 55 205 343 17 10
internal_value=0.00120793 -0.00159821 0.00137771 -0.0137291 0.0179433
internal_weight=88.7455 76.7904 61.8129 14.9775 11.9551
internal_count=719 654 548 106 65
is_linear=0
shrinkage=0.03


Tree=100
num_leaves=5
num_cat=0
split_feature=3 21 15 18
split_gain=4.16008 3.83357 2.90527 2.34762
threshold=1.5000000000000002 0.11378600000000001 0.10075000000000002 0.14129700000000003
decision_type=10 8 10 10
left_child=1 3 -3 -1
right_child=-2 2 -4 -5
leaf_value=-0.015435796751702013 0.019126111646936436 -0.00013019428838765626 0.016367279328071364 0
leaf_weight=19.524439815431833 6.1200872138142577 31.498951338231564 9.0137671381235105 21.295483522117138
leaf_count=153 42 380 33 117
internal_value=0 -0.0021992 0.00372629 -0.00861721
internal_weight=87.4527 81.3326 40.5127 40.8199
internal_count=725 683 413 270
is_linear=0
shrinkage=0.03


Tree=101
num_leaves=7
num_cat=0
split_feature=24 4 16 19 19 15
split_gain=6.14568 3.45898 5.22023 2.68092 2.31732 1.04345
threshold=0.8605735000000001 1.0000000180025095e-35 0.033660500000000003 0.31259500000000007 0.17311000000000001 0.23709800000000003
decision_type=2 10 8 8 10 8
left_child=3 2 -2 4 -1 -3
right_child=1 5 -4 -5 -6 -7
leaf_value=-0.013164794159483368 -0.016254541651706603 0.021591897391681738 0.0056405948835042338 -0.020043726453141775 0.011461413322570418 0
leaf_weight=3.0539777055382755 9.154972590506075 8.9149331599473918 44.673964455723763 12.95815236866474 4.8892389237880707 1.6263798922300345
leaf_count=22 72 49 366 171 25 9
internal_value=0 0.0047698 0.000727376 -0.0129339 0 0.0184625
internal_weight=85.2716 64.3703 53.8289 20.9014 7.94322 10.5413
internal_count=714 496 438 218 47 58
is_linear=0
shrinkage=0.03


Tree=102
num_leaves=6
num_cat=0
split_feature=21 24 25 19 15
split_gain=5.73834 6.21123 3.19717 2.99864 1.66924
threshold=0.090908500000000017 0.91197800000000007 0.72520400000000007 0.0046685000000000008 0.10075000000000002
decision_type=10 2 2 8 10
left_child=1 2 -1 -3 -2
right_child=4 3 -4 -5 -6
leaf_value=-0.013714359525246272 0 -0.012060547614409152 0.0082232484212419465 0.010549947051469352 0.019317217489206978
leaf_weight=41.011554274708033 4.0675597712397566 2.8145930320024517 3.1069867797195903 23.601509507745504 11.308171540498732
leaf_count=411 21 32 16 190 49
internal_value=-0.000194873 -0.00425451 -0.0111075 0.00613668 0.0144499
internal_weight=85.9104 70.5346 44.1185 26.4161 15.3757
internal_count=719 649 427 222 70
is_linear=0
shrinkage=0.03


Tree=103
num_leaves=4
num_cat=0
split_feature=3 19 19
split_gain=4.43154 2.63476 3.88388
threshold=1.5000000000000002 0.0046685000000000008 0.018760000000000002
decision_type=10 8 8
left_child=1 -1 -3
right_child=-2 2 -4
leaf_value=-0.019034108865642323 0.018815409242137312 0.017946955641900957 -0.0034199396893722059
leaf_weight=5.6755147725343695 6.0417836979031554 5.3851973861455908 70.295909263193607
leaf_count=58 44 20 613
internal_value=-0.000721082 -0.00314509 -0.00089194
internal_weight=87.3984 81.3566 75.6811
internal_count=735 691 633
is_linear=0
shrinkage=0.03


Tree=104
num_leaves=7
num_cat=0
split_feature=25 24 4 18 23 2
split_gain=4.06796 2.62749 1.83232 4.29912 2.47425 1.29429
threshold=0.28514000000000006 0.91320450000000009 1.0000000180025095e-35 0.079072500000000004 0.73399800000000004 0.47222200000000009
decision_type=2 2 10 8 10 10
left_child=2 5 3 -1 -4 -2
right_child=1 -3 4 -5 -6 -7
leaf_value=-0.022457674563922374 0.0046807930349143344 0.016578197171394346 0.017335443055984476 -0.00065698895486233065 -0.0079485128933989985 -0.010303938810450476
leaf_weight=9.1717281453311426 15.9794331304729 15.279067922383545 4.6586145535111418 34.977115117013454 2.0994060337543488 4.054870940744876
leaf_count=93 115 101 23 342 12 29
internal_value=0.000595306 0.00833077 -0.00437915 -0.00696304 0.0063776 0
internal_weight=86.2202 35.3134 50.9069 44.1488 6.75802 20.0343
internal_count=715 245 470 435 35 144
is_linear=0
shrinkage=0.03


Tree=105
num_leaves=7
num_cat=0
split_feature=24 17 4 25 23 23
split_gain=4.51828 4.09674 6.62626 2.84085 1.43153 1.25157
threshold=0.8605735000000001 0.18755600000000003 1.0000000180025095e-35 0.077898000000000009 1.0000000180025095e-35 0.73399800000000004
decision_type=2 10 8 2 8 10
left_child=3 2 -2 -1 -5 -3
right_child=1 5 -4 4 -6 -7
leaf_value=-0.022483651830391142 -0.012901709943616993 0.019483456415270065 0.0090197127727510897 -0.013140468791014886 0.0041779945418250163 0
leaf_weight=6.7156450934708145 17.661806590855122 14.349055878818037 28.029281951487064 3.0171126723289463 11.287120945751667 2.2080126777291289
leaf_count=88 122 64 277 33 102 12
internal_value=0.000837379 0.00521177 0 -0.00990094 0 0.0167078
internal_weight=83.268 62.2482 45.6911 21.0199 14.3042 16.5571
internal_count=698 475 399 223 135 76
is_linear=0
shrinkage=0.03


Tree=106
num_leaves=6
num_cat=0
split_feature=24 22 24 25 25
split_gain=7.2066 2.00042 1.84451 2.64817 0.569999
threshold=0.8605735000000001 0.13270100000000004 0.86337200000000014 0.16466150000000004 0.76353500000000019
decision_type=2 10 2 2 2
left_child=1 4 -2 -4 -1
right_child=2 -3 3 -5 -6
leaf_value=-0.019455564832049275 0.022407647414084544 0 -0.0033349123301727054 0.008322578915817315 0
leaf_weight=15.753694783896211 2.7026370353996745 3.5500342845916739 26.639505449682474 33.831615764647722 0.86009385436773378
leaf_count=199 12 17 217 243 5
internal_value=0 -0.014373 0.00506956 0.00279952 -0.0183239
internal_weight=83.3376 20.1638 63.1738 60.4711 16.6138
internal_count=693 221 472 460 204
is_linear=0
shrinkage=0.03


Tree=107
num_leaves=5
num_cat=0
split_feature=3 2 25 19
split_gain=3.68396 2.9783 2.76029 1.49128
threshold=1.5000000000000002 0.64583350000000006 0.17482800000000001 0.026659000000000006
decision_type=10 10 2 10
left_child=1 2 -1 -3
right_child=-2 3 -4 -5
leaf_value=-0.0048737580350869374 0.018594825346444351 0 0.0067133670858742596 -0.018157142469932858
leaf_weight=32.006838899105787 5.9489571675658217 3.6270048320293418 34.506934758275747 9.7584874592721444
leaf_count=298 45 31 259 76
internal_value=1.07475e-05 -0.0016339 0.0007363 -0.013221
internal_weight=85.8482 79.8993 66.5138 13.3855
internal_count=709 664 557 107
is_linear=0
shrinkage=0.03


Tree=108
num_leaves=6
num_cat=0
split_feature=24 20 17 9 17
split_gain=6.95847 4.06872 1.86239 1.34013 1.03401
threshold=0.8453750000000001 0.020705500000000005 0.17880100000000002 8.419456000000002 0.16763750000000002
decision_type=2 8 10 10 8
left_child=4 3 -3 -2 -1
right_child=1 2 -4 -5 -6
leaf_value=0 -0.017673800494903285 0.0029231230013645987 0.015011362031542677 0.00013391241516519113 -0.020366658523412323
leaf_weight=2.6418472006916973 5.5292879566550246 42.838184114545584 20.776830472052097 1.3722045943140981 9.9980497360229492
leaf_count=20 54 381 98 8 143
internal_value=0.000889253 0.00504314 0.00781976 -0.0121355 -0.0168888
internal_weight=83.1564 70.5165 63.615 6.90149 12.6399
internal_count=704 541 479 62 163
is_linear=0
shrinkage=0.03


Tree=109
num_leaves=7
num_cat=0
split_feature=23 23 24 16 16 24
split_gain=3.66268 5.26293 4.09758 4.05398 1.78458 1.38725
threshold=0.00089200000000000011 0.81133400000000011 0.90719450000000013 0.14243350000000002 0.070771000000000014 0.96226850000000008
decision_type=10 10 2 8 10 2
left_child=2 3 -1 -2 -3 -4
right_child=1 4 5 -5 -6 -7
leaf_value=-0.01147785113386612 0 0.002414954573056335 0 0.022491552568667656 -0.017899281266269773 0.015878085178540863
leaf_weight=25.382393553853035 14.693977192044256 2.2175712883472434 18.514191508293155 17.372094750404358 5.0462841428816319 4.1607434228062621
leaf_count=312 77 12 180 69 39 31
internal_value=0.00161002 0.00830925 -0.00345111 0.0137783 -0.00988152 0.00465686
internal_weight=87.3873 39.3299 48.0573 32.0661 7.26386 22.6749
internal_count=720 197 523 146 51 211
is_linear=0
shrinkage=0.03


Tree=110
num_leaves=5
num_cat=0
split_feature=24 21 24 22
split_gain=3.60193 2.87587 3.05325 1.53631
threshold=0.79360300000000017 0.00092500000000000015 0.93875050000000015 0.43257100000000004
decision_type=2 10 2 10
left_child=-1 2 -2 -3
right_child=1 3 -4 -5
leaf_value=-0.018798011530391442 -0.0056041729339326302 0.01250540349227398 0.0097457263077514872 -0.0029682692075020359
leaf_weight=4.2934921234846106 38.08987407758832 26.55309904739261 12.769079271703957 2.3390236198902121
leaf_count=55 392 132 116 12
internal_value=0.000919402 0.00298645 -0.000865105 0.0101506
internal_weight=84.0446 79.7511 50.859 28.8921
internal_count=707 652 508 144
is_linear=0
shrinkage=0.03


Tree=111
num_leaves=7
num_cat=0
split_feature=20 20 21 25 25 20
split_gain=4.52711 3.96156 2.0056 1.87271 1.84834 0.781468
threshold=0.23524500000000001 0.087964500000000015 0.062116500000000012 0.25143150000000009 0.12752650000000001 0.85179900000000008
decision_type=10 10 10 2 2 8
left_child=1 3 5 -1 -3 -2
right_child=2 4 -4 -5 -6 -7
leaf_value=-0.0053264607767868127 -0.018608622905828702 0 0 0.0056750005835930432 0.020174556766426741 0
leaf_weight=29.518211461603642 13.327563721686602 3.8713355883955947 4.8805551007390013 20.729699064046144 12.125752262771128 1.1095324829220778
leaf_count=322 109 24 22 176 60 11
internal_value=0 0.00366248 -0.011872 -0.000160399 0.0153787 -0.0168497
internal_weight=85.5626 66.245 19.3177 50.2479 15.9971 14.4371
internal_count=724 582 142 498 84 120
is_linear=0
shrinkage=0.03


Tree=112
num_leaves=7
num_cat=0
split_feature=24 17 4 19 19 25
split_gain=4.0991 3.01374 3.93841 2.56599 1.39918 0.475036
threshold=0.8605735000000001 0.18755600000000003 1.0000000180025095e-35 0.31259500000000007 0.089188000000000003 0.52973200000000009
decision_type=2 10 10 8 10 2
left_child=3 2 -2 4 -1 -3
right_child=1 5 -4 -5 -6 -7
leaf_value=-0.011470822887357136 -0.0045886085853691265 0.015331260064205677 0.015825835200148221 -0.018608865427537129 0.0082731332955767092 0
leaf_weight=1.7848180830478693 40.126488287001848 13.539243906736372 7.5270007997751227 12.165765006095169 6.1998298540711403 2.0938251838088027
leaf_count=13 375 63 45 173 34 11
internal_value=-9.68875e-05 0.00335841 -2.55065e-05 -0.0112738 0 0.0136268
internal_weight=83.437 63.2866 47.6535 20.1504 7.98465 15.6331
internal_count=714 494 420 220 47 74
is_linear=0
shrinkage=0.03


Tree=113
num_leaves=7
num_cat=0
split_feature=20 22 18 25 20 20
split_gain=6.76461 3.40018 3.27251 1.37506 1.3485 1.13646
threshold=0.27370350000000004 0.039685500000000005 0.071565500000000018 0.73537500000000011 0.027231500000000002 0.86841550000000012
decision_type=10 10 8 2 10 10
left_child=1 2 -1 5 -3 -2
right_child=3 4 -4 -5 -6 -7
leaf_value=-0.013338887623151361 -0.022325362870347306 0 0.0030057975434081038 0 0.016790834536078506 0
leaf_weight=11.591980062425135 12.576136354357002 4.6634592413902309 38.785212997347116 1.3094848841428746 14.324576839804648 1.0006240233778942
leaf_count=96 105 26 414 6 67 10
internal_value=-0.000787159 0.0029718 -0.000731453 -0.0175406 0.0129206 -0.0201652
internal_weight=84.2515 69.3652 50.3772 14.8862 18.988 13.5768
internal_count=724 603 510 121 93 115
is_linear=0
shrinkage=0.03


Tree=114
num_leaves=5
num_cat=0
split_feature=19 3 6 21
split_gain=4.1345 2.25381 1.977 1.74041
threshold=0.50499100000000008 1.5000000000000002 1.0000000180025095e-35 0.15176500000000001
decision_type=10 10 10 10
left_child=1 2 -1 -2
right_child=3 -3 -4 -5
leaf_value=0.0030813302256304923 -0.022036407931176526 0.017935466304737063 -0.011493462515572003 1.2303561345415577e-05
leaf_weight=61.872986905276775 6.2790362648665896 5.6294340267777434 6.2387459352612487 1.0710178762674329
leaf_count=545 66 45 54 4
internal_value=0.000523911 0.00323793 0.000895913 -0.0168527
internal_weight=81.0912 73.7412 68.1117 7.35005
internal_count=714 644 599 70
is_linear=0
shrinkage=0.03


Tree=115
num_leaves=5
num_cat=0
split_feature=25 3 22 20
split_gain=3.78167 3.40156 2.2875 0.117215
threshold=0.71528900000000017 1.5000000000000002 0.054184000000000003 0.19634400000000005
decision_type=2 10 8 10
left_child=1 2 -1 -2
right_child=3 -3 -4 -5
leaf_value=-0.010470222928105486 0.018911183877531157 0.016237193792071603 0 0
leaf_weight=28.361651722341776 5.8288882933557025 4.7133812606334677 44.555451441556215 1.7914923429489134
leaf_count=214 40 37 440 8
internal_value=0 -0.0020879 -0.00426244 0.0169521
internal_weight=85.2509 77.6305 72.9171 7.62038
internal_count=739 691 654 48
is_linear=0
shrinkage=0.03


Tree=116
num_leaves=5
num_cat=0
split_feature=24 19 19 15
split_gain=3.34439 3.1491 3.44776 0.17912
threshold=0.79360300000000017 0.0046685000000000008 0.56593000000000016 0.11809800000000001
decision_type=2 8 10 10
left_child=-1 3 -3 -2
right_child=1 2 -4 -5
leaf_value=-0.017750369845840646 -0.015680415677730212 0.0074763065177624616 -0.013026336120911487 0
leaf_weight=3.9924062229692927 3.7809285819530478 71.974895618855953 4.4910389333963385 1.0026164129376409
leaf_count=56 46 570 47 6
internal_value=0.00159297 0.00349776 0.0054483 -0.0139102
internal_weight=85.2419 81.2495 76.4659 4.78354
internal_count=725 669 617 52
is_linear=0
shrinkage=0.03


Tree=117
num_leaves=7
num_cat=0
split_feature=25 24 24 15 24 25
split_gain=3.77095 2.94549 3.79694 3.19711 0.287931 0.299513
threshold=0.58110250000000019 0.8605735000000001 0.88287100000000007 0.32105100000000003 0.9260385000000001 0.72520400000000007
decision_type=2 2 2 8 2 2
left_child=1 3 -3 -1 5 -2
right_child=4 2 -4 -5 -6 -7
leaf_value=-0.023444856322120323 -0.00029230636675461348 0.013176569147521459 -0.0041400910822600636 0 0.018972741173953693 0.0064829995228396697
leaf_weight=8.5280000567436236 2.5285534709691984 12.451164297759531 39.857086040079594 9.4811377264559251 4.8722033463418484 3.7982909716665745
leaf_count=90 19 85 331 124 34 21
internal_value=-0.000255606 -0.00332005 0 -0.0128315 0.013509 0.00133564
internal_weight=81.5164 70.3174 52.3083 18.0091 11.199 6.32684
internal_count=704 630 416 214 74 40
is_linear=0
shrinkage=0.03


end of trees

feature_importances:
reranker_score_bge_reranker_v2_m3=85
embedding_cosine_bge_m3=77
max_category_share_percentile_gap_abs=54
repeated_title_share_percentile_gap_abs=51
shared_title_count_capped=43
item_count_percentile_gap_abs=42
digit_ratio_mean_percentile_gap_abs=38
shared_description_count_capped=37
description_length_median_percentile_gap_abs=35
punct_ratio_mean_percentile_gap_abs=33
title_length_median_percentile_gap_abs=29
repeated_description_share_percentile_gap_abs=16
profile_category_jaccard=13
price_median_percentile_gap_abs=13
shared_category_count_capped=12
shared_description_idf_sum=10
shared_description_idf_mean=6
shared_title_idf_mean=2
shared_title_idf_sum=1
shared_low_df_sentence_count=1

parameters:
[boosting: gbdt]
[objective: binary]
[metric: binary_logloss,auc]
[tree_learner: serial]
[device_type: cpu]
[data_sample_strategy: bagging]
[data: ]
[valid: ]
[num_iterations: 120]
[learning_rate: 0.03]
[num_leaves: 7]
[num_threads: 0]
[seed: 20260320]
[deterministic: 1]
[force_col_wise: 1]
[force_row_wise: 0]
[histogram_pool_size: -1]
[max_depth: 3]
[min_data_in_leaf: 10]
[min_sum_hessian_in_leaf: 0.001]
[bagging_fraction: 0.8]
[pos_bagging_fraction: 1]
[neg_bagging_fraction: 1]
[bagging_freq: 1]
[bagging_seed: 20260320]
[bagging_by_query: 0]
[feature_fraction: 0.6]
[feature_fraction_bynode: 1]
[feature_fraction_seed: 20260320]
[extra_trees: 0]
[extra_seed: 10983]
[early_stopping_round: 0]
[early_stopping_min_delta: 0]
[first_metric_only: 0]
[max_delta_step: 0]
[lambda_l1: 1]
[lambda_l2: 3]
[linear_lambda: 0]
[min_gain_to_split: 0.05]
[drop_rate: 0.1]
[max_drop: 50]
[skip_drop: 0.5]
[xgboost_dart_mode: 0]
[uniform_drop: 0]
[drop_seed: 19421]
[top_rate: 0.2]
[other_rate: 0.1]
[min_data_per_group: 100]
[max_cat_threshold: 32]
[cat_l2: 10]
[cat_smooth: 10]
[max_cat_to_onehot: 4]
[top_k: 20]
[monotone_constraints: ]
[monotone_constraints_method: basic]
[monotone_penalty: 0]
[feature_contri: ]
[forcedsplits_filename: ]
[refit_decay_rate: 0.9]
[cegb_tradeoff: 1]
[cegb_penalty_split: 0]
[cegb_penalty_feature_lazy: ]
[cegb_penalty_feature_coupled: ]
[path_smooth: 0]
[interaction_constraints: ]
[verbosity: -1]
[saved_feature_importance_type: 0]
[use_quantized_grad: 0]
[num_grad_quant_bins: 4]
[quant_train_renew_leaf: 0]
[stochastic_rounding: 1]
[linear_tree: 0]
[max_bin: 255]
[max_bin_by_feature: ]
[min_data_in_bin: 3]
[bin_construct_sample_cnt: 200000]
[data_random_seed: 20260320]
[is_enable_sparse: 1]
[enable_bundle: 1]
[use_missing: 1]
[zero_as_missing: 0]
[feature_pre_filter: 1]
[pre_partition: 0]
[two_round: 0]
[header: 0]
[label_column: ]
[weight_column: ]
[group_column: ]
[ignore_column: ]
[categorical_feature: ]
[forcedbins_filename: ]
[precise_float_parser: 0]
[parser_config_file: ]
[objective_seed: 10697]
[num_class: 1]
[is_unbalance: 0]
[scale_pos_weight: 1]
[sigmoid: 1]
[boost_from_average: 1]
[reg_sqrt: 0]
[alpha: 0.9]
[fair_c: 1]
[poisson_max_delta_step: 0.7]
[tweedie_variance_power: 1.5]
[lambdarank_truncation_level: 30]
[lambdarank_norm: 1]
[label_gain: ]
[lambdarank_position_bias_regularization: 0]
[eval_at: ]
[multi_error_top_k: 1]
[auc_mu_weights: ]
[num_machines: 1]
[local_listen_port: 12400]
[time_out: 120]
[machine_list_filename: ]
[machines: ]
[gpu_platform_id: -1]
[gpu_device_id: -1]
[gpu_use_dp: 0]
[num_gpu: 1]

end of parameters

pandas_categorical:null
