tree
version=v4
num_class=1
num_tree_per_iteration=1
label_index=0
max_feature_idx=29
objective=binary sigmoid:1
feature_names=same_market_raw_bool same_source_dataset_bool profile_category_jaccard shared_title_count_capped shared_description_count_capped shared_category_count_capped shared_title_idf_sum shared_description_idf_sum shared_title_idf_mean shared_description_idf_mean boilerplate_ratio_max boilerplate_ratio_gap_abs shared_boilerplate_count shared_low_df_sentence_count shared_rare_ngram_count item_count_percentile_gap_abs price_median_percentile_gap_abs title_length_median_percentile_gap_abs description_length_median_percentile_gap_abs digit_ratio_mean_percentile_gap_abs punct_ratio_mean_percentile_gap_abs repeated_title_share_percentile_gap_abs repeated_description_share_percentile_gap_abs max_category_share_percentile_gap_abs has_shared_contact_exact has_shared_pgp_fingerprint shared_contact_count_capped shared_pgp_fingerprint_count_capped embedding_cosine_gte_multilingual_base reranker_score_gte_multilingual_reranker_base
feature_infos=[0:1] [0:1] [0:1] [0:5] [0:5] [0:5] [0:70.616864000000007] [0:79.443972000000002] [0:8.8271080000000008] [0:8.8271080000000008] [0:0.20000000000000001] [0:0.20000000000000001] [0:1] [0:9] [0:8] [0:0.70916299999999999] [0:0.96791400000000005] [0:0.92293000000000003] [0:0.86055700000000002] [0:0.90109399999999995] [0:0.92987399999999998] [0:0.78087600000000001] [0:0.625498] [0:0.98619599999999996] [0:1] [0:0] [0:4] [0:0] [0.88623300000000005:0.99821599999999999] [0.41123199999999999:0.96361600000000003]
tree_sizes=660 896 788 681 863 863 752 557 657 890 869 583 867 652 663 868 750 635 579 684 661 874 685 665 662 768 649 559 648 781 625 663 582 649 739 836 686 579 581 582 886 574 665 683 549 863 845 711 843 655 767 768 642 867 656 681 756 575 880 746 562 577 874 582 579 680 787 583 552 755 857 861 666 886 685 761 664 686 660 734 647 784 840 876 552 767 582 579 578 856 688 855 871 892 555 734 576 862 735 647 559 670 857 648 680 897 848 648 684 547 762 680 683 866 881 839 853 854 689 631 753 663 580 674 878 572 557 568 768 855 856

Tree=0
num_leaves=5
num_cat=0
split_feature=4 24 2 21
split_gain=63.6609 55.3442 17.1862 9.6991
threshold=1.0000000180025095e-35 1.0000000180025095e-35 inf 0.20346050000000002
decision_type=10 8 8 10
left_child=1 3 -3 -1
right_child=-2 2 -4 -5
leaf_value=-0.040638064305399117 0.046518092377184038 0.042374124360175916 4.2497495285768391e-08 0.0019218748928413595
leaf_weight=33.12038180232048 19.290672600269318 10.198202341794966 24.669671751558781 3.7330545783042899
leaf_count=165 54 28 282 14
internal_value=0.00181124 -0.0111968 0.0147429 -0.0357541
internal_weight=91.012 71.7213 34.8679 36.8534
internal_count=543 489 310 179
is_linear=0
shrinkage=1


Tree=1
num_leaves=7
num_cat=0
split_feature=29 24 3 24 22 3
split_gain=63.4246 22.5466 18.7338 19.6946 3.19171 2.54684
threshold=0.69205000000000017 1.0000000180025095e-35 1.0000000180025095e-35 1.0000000180025095e-35 0.040069000000000007 1.0000000180025095e-35
decision_type=2 10 8 10 10 10
left_child=1 4 3 -2 -1 -4
right_child=2 -3 5 -5 -6 -7
leaf_value=-0.038444312149391931 -0.014069032307915345 0.02552734287565666 0.017798853906655931 0.037406481778108076 -0.0057933533143218448 0.047583988655114526
leaf_weight=28.892981484532356 18.365672796964649 3.8939672261476508 14.738957047462465 6.6699460148811331 6.7416754662990561 15.562497556209562
leaf_count=244 81 11 147 18 29 42
internal_value=0.00156928 -0.0260191 0.0221152 0.00111017 -0.0339731 0.0369056
internal_weight=94.8657 39.5286 55.3371 25.0356 35.6347 30.3015
internal_count=572 284 288 99 273 189
is_linear=0
shrinkage=0.03


Tree=2
num_leaves=6
num_cat=0
split_feature=29 26 3 26 21
split_gain=70.1461 20.9014 18.492 24.6161 8.42519
threshold=0.7008795000000001 1.0000000180025095e-35 1.0000000180025095e-35 1.0000000180025095e-35 0.13168750000000004
decision_type=2 10 10 8 10
left_child=1 4 3 -2 -1
right_child=2 -3 -4 -5 -6
leaf_value=-0.039506919260173301 -0.016065996790945336 0.023229528157352689 0.04645157463865604 0.028622333815915536 0.0024412983661867989
leaf_weight=35.569782227277756 17.432204052805901 3.5207957476377478 15.537108987569807 20.597936511039734 2.9842298924922934
leaf_count=275 78 10 42 155 11
internal_value=-0.000602651 -0.0287897 0.0213594 0.00773003 -0.0355962
internal_weight=95.6421 42.0748 53.5672 38.0301 38.554
internal_count=571 296 275 233 286
is_linear=0
shrinkage=0.03


Tree=3
num_leaves=5
num_cat=0
split_feature=4 26 29 22
split_gain=53.2601 49.4925 21.9937 10.7947
threshold=1.0000000180025095e-35 1.0000000180025095e-35 0.63422450000000008 0.040069000000000007
decision_type=10 8 2 10
left_child=1 3 -3 -1
right_child=-2 2 -4 -5
leaf_value=-0.04363489027859066 0.042054963138094301 -0.025966525687313356 0.026251290875730977 -0.0065507724360719492
leaf_weight=25.175636306405067 19.594534665346146 6.3038666769862166 28.284585669636726 13.842339918017386
leaf_count=130 56 88 222 59
internal_value=0.00135251 -0.0103137 0.0146234 -0.0325996
internal_weight=93.201 73.6064 34.5885 39.018
internal_count=555 499 310 189
is_linear=0
shrinkage=0.03


Tree=4
num_leaves=7
num_cat=0
split_feature=29 5 4 2 4 22
split_gain=62.4822 18.498 15.7127 12.1586 11.3355 1.41696
threshold=0.71372150000000012 1.5000000000000002 1.0000000180025095e-35 0.32575750000000009 1.0000000180025095e-35 0.040069000000000007
decision_type=2 10 8 10 10 10
left_child=1 4 3 -2 -1 -3
right_child=2 5 -4 -5 -6 -7
leaf_value=-0.03587040761383041 0.018783366516693288 0 0.036637814802126425 -0.022473805038797992 0.011151283774713918 0.023834683743006943
leaf_weight=37.050685465335846 12.809206262230875 2.4170161187648764 28.678079634904861 7.6830775290727606 2.7856696993112555 3.5142292231321335
leaf_count=286 44 10 165 37 9 10
internal_value=0.000230143 -0.0238875 0.0233366 0.00114338 -0.0313313 0.0164792
internal_weight=94.938 45.7676 49.1704 20.4923 39.8364 5.93125
internal_count=561 315 246 81 295 20
is_linear=0
shrinkage=0.03


Tree=5
num_leaves=7
num_cat=0
split_feature=29 28 26 5 2 16
split_gain=64.9391 13.3637 11.1689 6.02863 4.78355 1.58477
threshold=0.69205000000000017 0.97677500000000006 1.0000000180025095e-35 1.5000000000000002 0.21363650000000003 0.35270600000000008
decision_type=2 2 10 10 8 10
left_child=2 4 3 -1 -2 -3
right_child=1 5 -4 -5 -6 -7
leaf_value=-0.034877050503999515 0.013602592522116047 0.032060421103981343 0.015495387140720749 0.0020434732831813092 -0.01552648265187658 0
leaf_weight=33.83030092716217 6.1173613667488071 37.212868645787239 2.4039192944765082 2.4159261733293524 7.9193189591169366 2.0485312044620505
leaf_count=259 21 177 7 9 66 8
internal_value=0.000983909 0.0222592 -0.0271243 -0.0316837 -0.000910909 0.0307294
internal_weight=91.9482 53.2981 38.6501 36.2462 14.0367 39.2614
internal_count=547 272 275 268 87 185
is_linear=0
shrinkage=0.03


Tree=6
num_leaves=6
num_cat=0
split_feature=29 3 26 5 9
split_gain=51.3059 22.8384 30.2412 8.29808 2.64184
threshold=0.6488520000000001 1.0000000180025095e-35 1.0000000180025095e-35 1.5000000000000002 7.7174010000000006
decision_type=2 10 8 10 10
left_child=3 2 -2 4 -1
right_child=1 -3 -4 -5 -6
leaf_value=-0.039947216599421326 -0.019043445438983893 0.042717596424539823 0.025347309066556946 0.0079677750862016186 0
leaf_weight=22.887690842151649 24.302342683076859 15.917799785733221 24.629185892641544 1.8542818427085865 1.4862894415855397
leaf_count=183 111 44 194 6 6
internal_value=0 0.0145693 0.00289602 -0.0329708 -0.0377131
internal_weight=91.0776 64.8493 48.9315 26.2283 24.374
internal_count=544 349 305 195 189
is_linear=0
shrinkage=0.03


Tree=7
num_leaves=4
num_cat=0
split_feature=3 24 29
split_gain=58.0302 36.1049 18.5272
threshold=1.0000000180025095e-35 1.0000000180025095e-35 0.71372150000000012
decision_type=10 10 2
left_child=1 2 -1
right_child=-2 -3 -4
leaf_value=-0.03206152890680402 0.043811865019148778 0.036855158414726877 0
leaf_weight=37.914688527584076 19.487982362508774 9.0050880908966047 27.118368826806545
leaf_count=289 54 25 184
internal_value=0.00117657 -0.0109254 -0.0193159
internal_weight=93.5261 74.0381 65.0331
internal_count=552 498 473
is_linear=0
shrinkage=0.03


Tree=8
num_leaves=5
num_cat=0
split_feature=4 24 29 5
split_gain=54.4591 41.7246 20.664 7.12028
threshold=1.0000000180025095e-35 1.0000000180025095e-35 0.6488520000000001 1.5000000000000002
decision_type=10 8 2 10
left_child=1 3 -3 -1
right_child=-2 2 -4 -5
leaf_value=-0.038062177192107728 0.040327887711808612 -0.023929505368757226 0.02477355375086179 0
leaf_weight=30.984947472810745 20.883144676685333 7.5864909142255774 25.476417161524296 6.7113234996795645
leaf_count=159 60 107 193 28
internal_value=0.000687898 -0.0117687 0.0117054 -0.03244
internal_weight=91.6423 70.7592 33.0629 37.6963
internal_count=547 487 300 187
is_linear=0
shrinkage=0.03


Tree=9
num_leaves=7
num_cat=0
split_feature=29 26 4 26 22 23
split_gain=52.2357 13.7567 12.9817 14.354 6.0043 2.54924
threshold=0.69205000000000017 1.0000000180025095e-35 1.0000000180025095e-35 1.0000000180025095e-35 0.040069000000000007 0.82762200000000008
decision_type=2 10 8 10 10 8
left_child=1 4 3 -2 -1 -4
right_child=2 -3 5 -5 -6 -7
leaf_value=-0.035370742033132389 -0.01331019680493138 0.018930241712097659 0.041310064345708351 0.032253296250112161 -0.00013773088111023384 0.013773960944218318
leaf_weight=29.985677979886532 16.040491670370105 3.1130239516496649 15.796765536069872 6.1819290816783896 7.039280727505683 14.038008779287336
leaf_count=246 72 9 44 17 30 139
internal_value=1.57744e-05 -0.0243959 0.0196866 0.000504107 -0.0299341 0.0317096
internal_weight=92.1952 40.138 52.0572 22.2224 37.025 29.8348
internal_count=557 285 272 89 276 183
is_linear=0
shrinkage=0.03


Tree=10
num_leaves=7
num_cat=0
split_feature=29 28 20 23 2 23
split_gain=48.9141 17.9733 6.02206 4.55847 3.73595 1.72948
threshold=0.63422450000000008 0.97334950000000009 0.24733750000000002 0.0070730000000000003 0.21363650000000003 0.33101400000000009
decision_type=2 2 10 10 8 10
left_child=3 4 -3 -1 -2 -5
right_child=1 2 -4 5 -6 -7
leaf_value=-0.039273373212333922 0.0025510513611064207 0.026508377966885231 0 0.0077920057356723532 -0.021931141619492101 -0.014423801531776746
leaf_weight=18.938212662935261 5.9118951410055134 44.569197982549667 7.7594259381294242 2.5775509774684897 9.0485220327973366 2.9377641379833221
leaf_count=161 23 239 32 9 78 15
internal_value=0.000734025 0.0142741 0.0224986 -0.0329201 -0.0117761 -0.00143093
internal_weight=91.7426 67.289 52.3286 24.4535 14.9604 5.51532
internal_count=557 372 271 185 101 24
is_linear=0
shrinkage=0.03


Tree=11
num_leaves=4
num_cat=0
split_feature=3 24 23
split_gain=49.6525 32.0332 18.7092
threshold=1.0000000180025095e-35 1.0000000180025095e-35 0.0049875000000000015
decision_type=10 10 8
left_child=1 2 -1
right_child=-2 -3 -4
leaf_value=-0.040240307923555881 0.041000213169488875 0.034672971939992941 -0.0054616478994613049
leaf_weight=20.663541123270988 18.677931621670723 8.8770254254341108 42.828282319009304
leaf_count=111 53 25 368
internal_value=0.000723953 -0.0104913 -0.0185365
internal_weight=91.0468 72.3688 63.4918
internal_count=557 504 479
is_linear=0
shrinkage=0.03


Tree=12
num_leaves=7
num_cat=0
split_feature=21 23 9 28 28 22
split_gain=31.597 17.7681 17.4451 6.23405 5.17355 1.0047
threshold=1.0000000180025095e-35 0.0049875000000000015 8.1715810000000015 0.98065400000000014 0.96426450000000019 0.082213000000000008
decision_type=8 10 10 2 2 10
left_child=2 3 5 -2 -3 -1
right_child=1 4 -4 -5 -6 -7
leaf_value=-0.037448495435652089 -0.01882949556483109 -0.0060649677026944019 0.01827512491037599 0.0055516384625406067 0.028274811559635644 0
leaf_weight=23.396046325564392 14.14915292710066 1.8582645505666757 3.9024521410465232 16.03637420386076 28.969636604189873 2.0180789530277243
leaf_count=125 160 9 12 150 95 9
internal_value=-0.00213858 0.00979862 -0.0265138 -0.00564182 0.0249637 -0.0356506
internal_weight=90.33 61.0134 29.3166 30.1855 30.8279 25.4141
internal_count=560 414 146 310 104 134
is_linear=0
shrinkage=0.03


Tree=13
num_leaves=5
num_cat=0
split_feature=29 26 9 28
split_gain=35.9514 20.2038 14.6019 0.976625
threshold=0.60031250000000014 1.0000000180025095e-35 8.0568855000000017 0.94721050000000007
decision_type=2 10 8 2
left_child=3 2 -2 -1
right_child=1 -3 -4 -5
leaf_value=0 -0.014385775651060913 0.038790989806974055 0.014055361568843218 -0.038464112346902064
leaf_weight=1.523862056434157 28.522825956344604 12.495063066482542 30.499972596764565 16.070969089865685
leaf_count=11 130 35 247 133
internal_value=-0.00110605 0.00829926 0 -0.0364327
internal_weight=89.1127 71.5179 59.0228 17.5948
internal_count=556 412 377 144
is_linear=0
shrinkage=0.03


Tree=14
num_leaves=5
num_cat=0
split_feature=4 24 21 16
split_gain=45.321 29.2966 9.80506 8.34159
threshold=1.0000000180025095e-35 1.0000000180025095e-35 0.20346050000000002 0.019420500000000004
decision_type=10 8 10 10
left_child=1 2 -1 -3
right_child=-2 3 -4 -5
leaf_value=-0.03232312930097675 0.037933807184560041 0 0.0056221267337355201 0.031834608520092074
leaf_weight=34.327051907777786 20.051499471068382 22.848544754087929 4.8318364024162284 8.0177481025457364
leaf_count=177 59 266 18 23
internal_value=0.00100912 -0.0102773 -0.0268626 0.0103935
internal_weight=90.0767 70.0252 39.1589 30.8663
internal_count=543 484 195 289
is_linear=0
shrinkage=0.03


Tree=15
num_leaves=7
num_cat=0
split_feature=29 26 3 2 5 28
split_gain=37.9646 17.3184 11.6529 11.7457 7.86892 1.76823
threshold=0.7008795000000001 1.0000000180025095e-35 1.0000000180025095e-35 0.32575750000000009 1.5000000000000002 0.95531250000000012
decision_type=2 10 8 10 10 2
left_child=1 4 3 -2 -1 -4
right_child=2 -3 5 -5 -6 -7
leaf_value=-0.030807815982722874 0.017551719663048977 0.024556551072127474 0 -0.020915596698241293 0.0087022756034555154 0.031037474397325696
leaf_weight=33.708146885037422 13.974164620041849 3.9429723322391501 0.32873082906008022 9.2245225161313993 2.5847897082567206 27.673349864780903
leaf_count=260 49 11 5 45 9 173
internal_value=0.000968069 -0.0197013 0.0179559 0.000467298 -0.0267808 0.0300296
internal_weight=91.4367 40.2359 51.2008 23.1987 36.2929 28.0021
internal_count=552 280 272 94 269 178
is_linear=0
shrinkage=0.03


Tree=16
num_leaves=6
num_cat=0
split_feature=29 3 24 5 28
split_gain=39.743 18.017 20.8794 5.33096 1.17624
threshold=0.63422450000000008 1.0000000180025095e-35 1.0000000180025095e-35 1.5000000000000002 0.99280350000000006
decision_type=2 10 8 10 2
left_child=3 2 -2 4 -1
right_child=1 -3 -4 -5 -6
leaf_value=-0.036656314189005355 -0.016894193097077469 0.037255251458003187 0.0199780899005766 0.0037677492694277778 0
leaf_weight=20.605747692286975 23.536948800086975 15.659634247422217 25.505332939326763 1.4641036093235005 1.1951960250735272
leaf_count=173 110 46 204 5 8
internal_value=0 0.0120577 0.00175169 -0.0314178 -0.0351603
internal_weight=87.967 64.7019 49.0423 23.265 21.8009
internal_count=546 360 314 186 181
is_linear=0
shrinkage=0.03


Tree=17
num_leaves=5
num_cat=0
split_feature=3 24 17 18
split_gain=37.1414 26.5234 8.27697 6.9147
threshold=1.0000000180025095e-35 1.0000000180025095e-35 1.0000000180025095e-35 0.29495000000000005
decision_type=10 8 10 10
left_child=1 3 -3 -1
right_child=-2 2 -4 -5
leaf_value=-0.03007570475869191 0.036543186454712884 0 0.03141706217386192 0
leaf_weight=33.529455408453941 17.067735522985458 23.017630323767666 8.2758545577526075 8.1835214346647245
leaf_count=174 51 269 24 35
internal_value=0 -0.00933875 0.0103595 -0.0244911
internal_weight=90.0742 73.0065 31.2935 41.713
internal_count=553 502 293 209
is_linear=0
shrinkage=0.03


Tree=18
num_leaves=4
num_cat=0
split_feature=4 21 18
split_gain=34.2387 24.718 7.6596
threshold=1.0000000180025095e-35 0.00092500000000000015 0.092983500000000011
decision_type=10 8 10
left_child=1 -1 -3
right_child=-2 2 -4
leaf_value=-0.031098045527312729 0.034396973381512971 -0.0032215927245919881 0.021310296518559535
leaf_weight=24.656216606497765 18.577982425689697 31.956229217350483 13.290508776903151
leaf_count=134 57 321 46
internal_value=0.00094778 -0.00858008 0.00423947
internal_weight=88.4809 69.903 45.2467
internal_count=558 501 367
is_linear=0
shrinkage=0.03


Tree=19
num_leaves=5
num_cat=0
split_feature=3 2 29 28
split_gain=35.9664 20.8595 18.0665 1.36177
threshold=1.0000000180025095e-35 0.32575750000000009 0.63422450000000008 0.98850850000000012
decision_type=10 10 2 2
left_child=1 2 -1 -3
right_child=-2 3 -4 -5
leaf_value=-0.027606065493669871 0.035745323545587897 -0.037530241570780831 0.011174011733003779 -0.0086097630808835493
leaf_weight=11.396719768643377 16.790586337447166 15.650680154561998 39.722354538738728 7.3330547958612433
leaf_count=120 51 87 278 36
internal_value=-1.66729e-05 -0.00958443 0.000922841 -0.031517
internal_weight=90.8934 74.1028 51.1191 22.9837
internal_count=572 521 398 123
is_linear=0
shrinkage=0.03


Tree=20
num_leaves=5
num_cat=0
split_feature=4 24 29 18
split_gain=32.2557 31.6194 13.773 6.9491
threshold=1.0000000180025095e-35 1.0000000180025095e-35 0.6488520000000001 0.26386550000000003
decision_type=10 8 2 10
left_child=1 3 -3 -1
right_child=-2 2 -4 -5
leaf_value=-0.032272032240303505 0.035135954440784253 -0.017879222769838655 0.022989826128683659 0
leaf_weight=28.296270355582237 17.580911859869957 6.6787430495023719 25.996834233403206 8.7017864435911161
leaf_count=153 54 99 201 38
internal_value=0.00177588 -0.00733208 0.0129944 -0.0256621
internal_weight=87.2545 69.6736 32.6756 36.9981
internal_count=545 491 300 191
is_linear=0
shrinkage=0.03


Tree=21
num_leaves=7
num_cat=0
split_feature=29 24 28 21 21 3
split_gain=31.7045 9.3922 9.35265 5.55367 3.47836 2.32952
threshold=0.7008795000000001 1.0000000180025095e-35 0.97677500000000006 0.13168750000000004 0.29816800000000004 1.0000000180025095e-35
decision_type=2 10 2 10 10 8
left_child=1 3 4 -1 -2 -4
right_child=2 -3 5 -5 -6 -7
leaf_value=-0.028020790311737043 -0.014135923811851407 0.0158172765569497 0.0083699754429483585 0.0042874890486238222 0.01303272884268789 0.030145187552124593
leaf_weight=32.562794514000416 9.2210054472088796 2.9926503449678412 15.03994846343994 2.8985535502433768 2.8119265288114539 20.556398883461952
leaf_count=271 70 9 58 11 9 123
internal_value=0 -0.0196946 0.0156845 -0.0244715 -0.00445754 0.0230878
internal_weight=86.0833 38.454 47.6293 35.4613 12.0329 35.5963
internal_count=551 291 260 282 79 181
is_linear=0
shrinkage=0.03


Tree=22
num_leaves=5
num_cat=0
split_feature=3 22 24 20
split_gain=33.6837 23.223 8.585 1.19807
threshold=1.0000000180025095e-35 0.040069000000000007 1.0000000180025095e-35 0.3543650000000001
decision_type=10 8 10 10
left_child=1 3 -3 -1
right_child=-2 2 -4 -5
leaf_value=-0.032542212368050979 0.036557657849604061 -0.00031154757130720648 0.030040992320921434 -0.0053324622411323221
leaf_weight=19.67144234478474 17.169743180274963 37.531764257699251 7.1589485108852378 6.0450225323438636
leaf_count=111 53 327 21 30
internal_value=0.00203037 -0.00713083 0.00550542 -0.0284161
internal_weight=87.5769 70.4072 44.6907 25.7165
internal_count=542 489 348 141
is_linear=0
shrinkage=0.03


Tree=23
num_leaves=5
num_cat=0
split_feature=3 23 22 28
split_gain=27.9937 19.0194 6.99295 1.68071
threshold=1.0000000180025095e-35 0.0078600000000000024 0.073427000000000006 0.99163200000000018
decision_type=10 8 10 2
left_child=1 3 -3 -1
right_child=-2 2 -4 -5
leaf_value=-0.033718753684081157 0.033607134878269787 -0.0045372127880783904 0.018604092742369179 0
leaf_weight=16.729497581720356 15.782690510153769 34.344501942396164 13.652806401252745 1.7388864159584034
leaf_count=97 50 331 49 8
internal_value=0.000838226 -0.00762643 0.00216424 -0.0312155
internal_weight=82.2484 66.4657 47.9973 18.4684
internal_count=535 485 380 105
is_linear=0
shrinkage=0.03


Tree=24
num_leaves=5
num_cat=0
split_feature=3 21 28 28
split_gain=25.1534 18.229 5.44975 1.79206
threshold=1.0000000180025095e-35 0.00092500000000000015 0.95943100000000014 0.99163200000000018
decision_type=10 8 2 2
left_child=1 3 -3 -1
right_child=-2 2 -4 -5
leaf_value=-0.02959915392298346 0.033470289345855282 -0.021425438491028244 0.0074825489220266168 0
leaf_weight=20.112781465053562 14.695772498846052 3.4046543687582007 44.573480069637299 1.7467295676469792
leaf_count=115 47 36 345 8
internal_value=0.00114669 -0.00634162 0.00370254 -0.0273801
internal_weight=84.5334 69.8376 47.9781 21.8595
internal_count=551 504 381 123
is_linear=0
shrinkage=0.03


Tree=25
num_leaves=6
num_cat=0
split_feature=29 3 21 3 22
split_gain=30.8656 11.9857 14.3396 3.66745 2.19918
threshold=0.63422450000000008 1.0000000180025095e-35 0.10762700000000001 1.0000000180025095e-35 0.044478500000000004
decision_type=2 10 8 10 10
left_child=3 2 -2 4 -1
right_child=1 -3 -4 -5 -6
leaf_value=-0.033986515339042456 -0.014524186842457319 0.032810790601766858 0.015740472171140166 0.0021303358516499829 0
leaf_weight=18.227021783590324 20.536420047283173 14.492439687252043 31.036029428243637 1.2157607078552235 3.001032128930091
leaf_count=168 99 47 239 4 14
internal_value=0.000413471 0.0111176 0.00300327 -0.0275116 -0.0305011
internal_weight=88.5087 66.0649 51.5724 22.4438 21.2281
internal_count=571 385 338 186 182
is_linear=0
shrinkage=0.03


Tree=26
num_leaves=5
num_cat=0
split_feature=3 24 16 18
split_gain=27.6652 20.1511 5.31808 4.05872
threshold=1.0000000180025095e-35 1.0000000180025095e-35 0.0055110000000000011 0.32726500000000008
decision_type=10 8 10 10
left_child=1 3 -3 -1
right_child=-2 2 -4 -5
leaf_value=-0.026909496485858032 0.03219772363207845 0 0.027881854110017704 0
leaf_weight=31.860367089509964 15.488118916749952 23.528980594128374 6.0883955061435691 5.8660449087619773
leaf_count=173 51 277 18 26
internal_value=-0.000114011 -0.00902796 0.00835892 -0.0230245
internal_weight=82.8319 67.3438 29.6174 37.7264
internal_count=545 494 295 199
is_linear=0
shrinkage=0.03


Tree=27
num_leaves=4
num_cat=0
split_feature=3 24 21
split_gain=26.162 21.6706 13.5785
threshold=1.0000000180025095e-35 1.0000000180025095e-35 0.090908500000000017
decision_type=10 10 8
left_child=1 2 -1
right_child=-2 -3 -4
leaf_value=-0.027309633478452583 0.03217714405328749 0.030058859043770432 0
leaf_weight=30.788187503814697 15.924820303916929 8.611838757991789 31.490875776857138
leaf_count=172 53 26 315
internal_value=0.000417695 -0.00732744 -0.0141005
internal_weight=86.8157 70.8909 62.2791
internal_count=566 513 487
is_linear=0
shrinkage=0.03


Tree=28
num_leaves=5
num_cat=0
split_feature=3 24 0 17
split_gain=22.9424 22.1679 7.94494 5.00169
threshold=1.0000000180025095e-35 1.0000000180025095e-35 inf 0.10894200000000002
decision_type=10 8 8 10
left_child=1 3 -3 -1
right_child=-2 2 -4 -5
leaf_value=-0.035748961608859396 0.031125661591543452 0.030124930648604439 0 -0.0093303441849356319
leaf_weight=14.077229440212248 15.033391788601874 8.8868747502565366 24.428962863981724 22.221513122320175
leaf_count=86 51 27 289 109
internal_value=0.000558062 -0.00664313 0.0100075 -0.0222862
internal_weight=84.648 69.6146 33.3158 36.2987
internal_count=562 511 316 195
is_linear=0
shrinkage=0.03


Tree=29
num_leaves=6
num_cat=0
split_feature=29 5 3 2 26
split_gain=23.1706 9.12536 6.27359 7.58276 5.91719
threshold=0.69205000000000017 1.5000000000000002 1.0000000180025095e-35 0.17708350000000003 1.0000000180025095e-35
decision_type=2 10 10 10 10
left_child=1 4 3 -2 -1
right_child=2 -3 -4 -5 -6
leaf_value=-0.025035993992648931 0.015422391685587844 0.015812257581411849 0.031648686316514775 -0.011866901953885079 0.0096032893321304057
leaf_weight=29.51166215911508 24.523180156946182 4.0322716981172553 13.141709685325621 9.9552442729473096 2.18890756368637
leaf_count=251 180 14 45 49 7
internal_value=0.00183738 -0.0153083 0.0154405 0.00642329 -0.0211562
internal_weight=83.353 35.7328 47.6201 34.4784 31.7006
internal_count=546 272 274 229 258
is_linear=0
shrinkage=0.03


Tree=30
num_leaves=5
num_cat=0
split_feature=26 4 20 22
split_gain=20.7496 21.2646 7.82854 4.27399
threshold=1.0000000180025095e-35 1.0000000180025095e-35 0.22530800000000004 0.189196
decision_type=10 8 8 10
left_child=1 3 -3 -1
right_child=-2 2 -4 -5
leaf_value=-0.026718625133982224 0.031974726999945254 0.028583481272881715 0 0
leaf_weight=29.554946318268776 11.984371349215506 9.4168916195631009 25.473805923014879 6.5577733665704718
leaf_count=171 38 32 292 28
internal_value=0 -0.00673306 0.00904382 -0.0222676
internal_weight=82.9878 71.0034 34.8907 36.1127
internal_count=561 523 324 199
is_linear=0
shrinkage=0.03


Tree=31
num_leaves=5
num_cat=0
split_feature=3 23 23 7
split_gain=21.5904 13.8509 4.60775 1.08776
threshold=1.0000000180025095e-35 0.0049875000000000015 0.48883750000000009 1.0000000180025095e-35
decision_type=10 8 8 10
left_child=1 3 -3 -1
right_child=-2 2 -4 -5
leaf_value=-0.027761363693956421 0.030493074999607534 0.013913779409832632 -0.0040331498665407139 0
leaf_weight=17.8956383317709 14.860296249389647 16.629509896039963 31.421168699860573 1.716465264558791
leaf_count=110 52 63 319 8
internal_value=0.000749422 -0.00637567 0.00204297 -0.025863
internal_weight=82.5231 67.6628 48.0507 19.6121
internal_count=552 500 382 118
is_linear=0
shrinkage=0.03


Tree=32
num_leaves=4
num_cat=0
split_feature=3 24 16
split_gain=20.4533 17.5001 11.3802
threshold=1.0000000180025095e-35 1.0000000180025095e-35 0.21752250000000004
decision_type=10 10 8
left_child=1 2 -1
right_child=-2 -3 -4
leaf_value=-0.028644546443018542 0.029178174487918183 0.027417120899516541 -0.0017812240811900183
leaf_weight=23.905951738357544 13.666228324174879 7.670981988310813 36.548423916101456
leaf_count=139 49 24 342
internal_value=-0.000380883 -0.00771294 -0.0137288
internal_weight=81.7916 68.1254 60.4544
internal_count=554 505 481
is_linear=0
shrinkage=0.03


Tree=33
num_leaves=5
num_cat=0
split_feature=4 29 28 18
split_gain=20.2278 14.1547 10.4362 2.75565
threshold=1.0000000180025095e-35 0.65593200000000007 0.97677500000000006 0.32726500000000008
decision_type=10 2 2 10
left_child=1 3 -3 -1
right_child=-2 2 -4 -5
leaf_value=-0.030538201659422535 0.02809827905619133 -0.01524105933264871 0.012518084043258096 0
leaf_weight=17.157499227672819 15.36665143072605 16.305334240198135 29.119710251688957 2.7039980739355078
leaf_count=170 55 121 186 13
internal_value=0 -0.00736523 0.0016075 -0.0267169
internal_weight=80.6532 65.2865 45.425 19.8615
internal_count=545 490 307 183
is_linear=0
shrinkage=0.03


Tree=34
num_leaves=6
num_cat=0
split_feature=29 28 2 29 28
split_gain=27.7111 7.85116 5.28112 4.3811 1.54852
threshold=0.67342200000000008 0.95943100000000014 0.32575750000000009 0.60031250000000014 0.96646850000000006
decision_type=2 2 10 2 2
left_child=3 -2 -3 -1 -5
right_child=1 2 -4 4 -6
leaf_value=-0.032076841267986433 -0.016691606188358958 0.023432378920329199 0 -0.016837302712948553 0
leaf_weight=13.892962511628868 3.4394565671682349 35.89566346257925 13.611283078789709 3.1185196340084067 10.348639912903307
leaf_count=135 27 221 63 29 69
internal_value=0.00143356 0.0142319 0.0177825 -0.0213042 -0.00454993
internal_weight=80.3065 52.9464 49.5069 27.3601 13.4672
internal_count=544 311 284 233 98
is_linear=0
shrinkage=0.03


Tree=35
num_leaves=7
num_cat=0
split_feature=29 24 28 2 22 17
split_gain=22.0431 12.0504 8.26426 5.46032 2.71741 1.01613
threshold=0.7008795000000001 1.0000000180025095e-35 0.97677500000000006 0.17708350000000003 0.108339 0.0098315000000000017
decision_type=2 10 2 8 10 8
left_child=1 4 3 -2 -1 -4
right_child=2 -3 5 -5 -6 -7
leaf_value=-0.025063627780345168 0.012035427210307169 0.019300546022178719 0 -0.019971655231857746 0 0.02344687904097216
leaf_weight=29.954283617436886 5.6846111863851521 4.3453054577112189 2.4814053177833584 6.7583506032824525 3.3176887184381476 29.394277304410934
leaf_count=273 21 14 11 62 15 167
internal_value=6.19143e-05 -0.0158054 0.0143121 -0.00390906 -0.0224344 0.0220095
internal_weight=81.9359 37.6173 44.3186 12.443 33.272 31.8757
internal_count=563 302 261 83 288 178
is_linear=0
shrinkage=0.03


Tree=36
num_leaves=5
num_cat=0
split_feature=4 24 21 28
split_gain=21.9066 19.8551 5.00158 4.90966
threshold=1.0000000180025095e-35 1.0000000180025095e-35 0.29816800000000004 0.97994300000000012
decision_type=10 8 10 2
left_child=1 2 -1 -3
right_child=-2 3 -4 -5
leaf_value=-0.026850741743645826 0.028311413906690071 -0.0047557268025471737 0.00406175019989812 0.016841311465088327
leaf_weight=32.460426807403564 15.000563710927961 12.009748701006176 2.7264530658721915 18.615736946463585
leaf_count=192 55 143 10 163
internal_value=-0.000794661 -0.00880982 -0.023539 0.00781119
internal_weight=80.8129 65.8124 35.1869 30.6255
internal_count=563 508 202 306
is_linear=0
shrinkage=0.03


Tree=37
num_leaves=4
num_cat=0
split_feature=3 24 21
split_gain=15.9563 15.999 14.4369
threshold=1.0000000180025095e-35 1.0000000180025095e-35 0.12386950000000001
decision_type=10 10 8
left_child=1 2 -1
right_child=-2 -3 -4
leaf_value=-0.025922555230595491 0.028721441825273007 0.027244741011558288 0.0022971434579536982
leaf_weight=27.627641409635544 12.326783388853071 8.314546123147009 30.261699840426445
leaf_count=168 46 27 302
internal_value=0.000747318 -0.00504709 -0.0112916
internal_weight=78.5307 66.2039 57.8893
internal_count=543 497 470
is_linear=0
shrinkage=0.03


Tree=38
num_leaves=4
num_cat=0
split_feature=3 26 2
split_gain=16.9079 15.7145 10.7323
threshold=1.0000000180025095e-35 1.0000000180025095e-35 0.32575750000000009
decision_type=10 10 10
left_child=1 2 -1
right_child=-2 -3 -4
leaf_value=-0.00045791321599754798 0.028618005144511696 0.028427493249709977 -0.026999594514691388
leaf_weight=40.99904515594244 14.002758324146269 7.7976680397987357 19.712838381528854
leaf_count=372 53 25 122
internal_value=0.00152201 -0.00456491 -0.0104123
internal_weight=82.5123 68.5096 60.7119
internal_count=572 519 494
is_linear=0
shrinkage=0.03


Tree=39
num_leaves=4
num_cat=0
split_feature=3 24 2
split_gain=17.9512 16.5351 7.86015
threshold=1.0000000180025095e-35 1.0000000180025095e-35 0.41428550000000003
decision_type=10 10 10
left_child=1 2 -1
right_child=-2 -3 -4
leaf_value=-0.0035597280597424496 0.029772713578756847 0.028167268984973969 -0.027871920706205571
leaf_weight=43.304600566625595 12.577679499983786 7.7387521862983695 16.572522073984146
leaf_count=381 48 25 107
internal_value=0.000311509 -0.00577596 -0.0117746
internal_weight=80.1936 67.6159 59.8771
internal_count=561 513 488
is_linear=0
shrinkage=0.03


Tree=40
num_leaves=7
num_cat=0
split_feature=21 13 23 28 17 28
split_gain=16.6704 8.35238 4.65051 4.37045 1.34075 0.664258
threshold=1.0000000180025095e-35 1.0000000180025095e-35 0.0049875000000000015 0.98241700000000021 0.31568900000000005 0.98639100000000013
decision_type=10 8 10 2 10 2
left_child=1 -1 5 -3 -4 -2
right_child=2 3 4 -5 -6 -7
leaf_value=-0.024078188629886983 -0.011599774889706944 -0.011377984454127825 0.024701557510670574 0.010460800815859478 0.00087711911265392014 0.00014107985072511192
leaf_weight=19.753203749656677 2.5578856021165874 12.171787645667793 20.869776487350467 14.996163569390772 5.5581779628992072 2.0348603278398514
leaf_count=130 15 158 80 138 23 9
internal_value=1.41e-05 -0.0106613 0.0165595 0 0.0213106 -0.00444634
internal_weight=77.9419 46.9212 31.0207 27.168 26.428 4.59275
internal_count=553 426 127 296 103 24
is_linear=0
shrinkage=0.03


Tree=41
num_leaves=4
num_cat=0
split_feature=3 23 24
split_gain=15.2706 16.9065 6.19134
threshold=1.0000000180025095e-35 0.0049875000000000015 1.0000000180025095e-35
decision_type=10 8 10
left_child=1 -1 -3
right_child=-2 2 -4
leaf_value=-0.028616892094615529 0.027667412747023969 -0.0011679471996068355 0.024438897298571818
leaf_weight=17.741515979170799 11.969693347811697 42.099806506186724 7.0881160348653784
leaf_count=120 47 366 24
internal_value=0 -0.00571561 0.00313996
internal_weight=78.8991 66.9294 49.1879
internal_count=557 510 390
is_linear=0
shrinkage=0.03


Tree=42
num_leaves=5
num_cat=0
split_feature=29 3 26 28
split_gain=17.619 9.46192 12.8649 1.51938
threshold=0.59491450000000012 1.0000000180025095e-35 1.0000000180025095e-35 0.94721050000000007
decision_type=2 10 8 2
left_child=3 2 -2 -1
right_child=1 -3 -4 -5
leaf_value=0 -0.013094582809593032 0.027952424267727899 0.015296046043013822 -0.029891215744900394
leaf_weight=1.2569211944937695 25.562830552458763 12.720782205462454 25.645968403667212 12.049603637307881
leaf_count=10 134 51 227 129
internal_value=0.000371077 0.00752411 0.000630003 -0.0272168
internal_weight=77.2361 63.9296 51.2088 13.3065
internal_count=551 412 361 139
is_linear=0
shrinkage=0.03


Tree=43
num_leaves=5
num_cat=0
split_feature=4 23 21 17
split_gain=14.0492 14.417 4.4322 0.237626
threshold=1.0000000180025095e-35 0.0078600000000000024 0.090908500000000017 0.44580950000000003
decision_type=10 8 10 10
left_child=1 3 -3 -1
right_child=-2 2 -4 -5
leaf_value=-0.02904875182440101 0.026365345604763571 -0.0010333232457433318 0.017595615105738979 -0.00054134855206335779
leaf_weight=13.212645716965197 13.796198502182959 38.432638324797153 11.92006705701351 2.6484643816947928
leaf_count=93 55 358 45 16
internal_value=0.00154845 -0.00410757 0.00355585 -0.0267224
internal_weight=80.01 66.2138 50.3527 15.8611
internal_count=567 512 403 109
is_linear=0
shrinkage=0.03


Tree=44
num_leaves=4
num_cat=0
split_feature=3 26 21
split_gain=17.1312 14.094 11.396
threshold=1.0000000180025095e-35 1.0000000180025095e-35 0.12386950000000001
decision_type=10 10 8
left_child=1 2 -1
right_child=-2 -3 -4
leaf_value=-0.025216011220838996 0.027639421256590253 0.024826804497380756 0
leaf_weight=27.891021817922592 12.999683707952498 7.5366523861885062 31.160221535712481
leaf_count=179 54 26 319
internal_value=0 -0.00677631 -0.0122986
internal_weight=79.5876 66.5879 59.0512
internal_count=578 524 498
is_linear=0
shrinkage=0.03


Tree=45
num_leaves=7
num_cat=0
split_feature=29 21 24 2 22 19
split_gain=21.7671 4.96383 4.55103 1.81144 1.39215 1.16993
threshold=0.67342200000000008 1.0000000180025095e-35 1.0000000180025095e-35 0.78235300000000019 0.13270100000000004 0.037927000000000009
decision_type=2 8 10 10 10 10
left_child=2 5 4 -3 -1 -2
right_child=1 3 -4 -5 -6 -7
leaf_value=-0.026460373571011896 0.0026289723962711186 0.017317519285153953 0.0065993449752309976 -0.00051591164094513169 0 -0.012363839170046634
leaf_weight=22.04109941050411 3.078995540738104 40.20788275077939 1.9884744286537159 2.002668783068656 1.7043048292398442 5.7588244825601578
leaf_count=222 15 262 7 11 8 34
internal_value=0 0.0115334 -0.0207745 0.0158298 -0.0246716 -0.00526374
internal_weight=76.7823 51.0484 25.7339 42.2106 23.7454 8.83782
internal_count=559 322 237 273 230 49
is_linear=0
shrinkage=0.03


Tree=46
num_leaves=7
num_cat=0
split_feature=29 28 5 21 3 29
split_gain=15.5052 6.7651 6.68233 4.48941 2.05174 1.99084
threshold=0.67342200000000008 0.97677500000000006 1.5000000000000002 0.12386950000000001 1.0000000180025095e-35 0.7008795000000001
decision_type=2 2 10 10 10 2
left_child=2 3 4 -2 -1 -3
right_child=1 5 -4 -5 -6 -7
leaf_value=-0.024527707130089057 -0.014778100034952644 0 0.011565756488924951 0.012389694391068146 0 0.020244407627294094
leaf_weight=22.023360971361406 10.560265988111498 2.6470332220196715 3.2784095853567115 5.485801398754119 1.5131392031908024 30.169416386634111
leaf_count=220 90 20 13 21 6 178
internal_value=0.000451247 0.0106996 -0.0164147 -0.00342635 -0.0223096 0.0181527
internal_weight=75.6774 48.8625 26.8149 16.0461 23.5365 32.8164
internal_count=548 309 239 111 226 198
is_linear=0
shrinkage=0.03


Tree=47
num_leaves=6
num_cat=0
split_feature=4 24 16 22 18
split_gain=15.1154 10.9148 3.76667 3.23933 0.104967
threshold=1.0000000180025095e-35 1.0000000180025095e-35 0.012189000000000002 0.189196 0.17406150000000001
decision_type=10 8 10 10 8
left_child=1 3 -3 -1 -2
right_child=4 2 -4 -5 -6
leaf_value=-0.022333219322743254 0.027438524495456793 0 0.022043788760390846 0 0
leaf_weight=26.115079298615456 11.415251091122624 22.507652413100008 6.1627353280782691 6.1843683570623389 2.2109840214252481
leaf_count=169 47 276 22 27 10
internal_value=0 -0.00666947 0.00579194 -0.0181328 0.0254376
internal_weight=74.5961 60.9698 28.6704 32.2994 13.6262
internal_count=551 494 298 196 57
is_linear=0
shrinkage=0.03


Tree=48
num_leaves=7
num_cat=0
split_feature=29 28 21 29 5 28
split_gain=17.9718 9.17131 4.89373 2.40998 1.85234 0.893919
threshold=0.63422450000000008 0.97677500000000006 0.10762700000000001 0.7008795000000001 1.5000000000000002 0.99280350000000006
decision_type=2 2 10 2 10 2
left_child=4 2 -2 -3 5 -1
right_child=1 3 -4 -5 -6 -7
leaf_value=-0.026068078031742718 -0.01583062095682591 2.87880400819082e-06 0.011044134166947155 0.021885384691928109 0 0
leaf_weight=15.618688967078928 12.670488424599172 8.479825556278227 6.1081337034702292 30.380000233650208 0.93544930219650169 0.9302580729126938
leaf_count=171 114 57 24 180 4 7
internal_value=0.00161821 0.0101105 -0.00539438 0.0181694 -0.0222933 -0.0246182
internal_weight=75.1228 57.6384 18.7786 38.8598 17.4844 16.5489
internal_count=557 375 138 237 182 178
is_linear=0
shrinkage=0.03


Tree=49
num_leaves=5
num_cat=0
split_feature=26 3 2 3
split_gain=13.1717 13.5527 4.86096 4.0988
threshold=1.0000000180025095e-35 1.0000000180025095e-35 0.32575750000000009 1.0000000180025095e-35
decision_type=10 8 10 10
left_child=1 2 -1 -3
right_child=-2 3 -4 -5
leaf_value=-0.0026382682059112811 0.028172454647719364 0 -0.027850842498076969 0.023953888349500713
leaf_weight=15.782645493745802 9.678371921181677 22.928955674171451 17.554569825530052 7.4198529571294776
leaf_count=82 36 278 121 32
internal_value=0 -0.00518361 -0.0179435 0.0082864
internal_weight=73.3644 63.686 33.3372 30.3488
internal_count=549 513 203 310
is_linear=0
shrinkage=0.03


Tree=50
num_leaves=6
num_cat=0
split_feature=29 3 24 23 15
split_gain=13.5858 7.22521 8.1904 2.50957 1.16552
threshold=0.58551750000000002 1.0000000180025095e-35 1.0000000180025095e-35 0.71218550000000014 0.25245100000000004
decision_type=2 8 10 8 10
left_child=4 2 -2 -3 -1
right_child=1 3 -4 -5 -6
leaf_value=-0.027078080575329112 -0.0098240054018627412 0.027708569965671927 0.02203703253888166 0.0067097587214307655 0
leaf_weight=10.48560361564159 27.633681885898113 11.488456889986994 6.3290075808763495 20.467792525887489 0.79094174504280168
leaf_count=122 147 50 23 223 4
internal_value=0.00135074 0.0071614 -0.00176832 0.0168473 -0.0248822
internal_weight=77.1955 65.9189 33.9627 31.9562 11.2765
internal_count=569 443 170 273 126
is_linear=0
shrinkage=0.03


Tree=51
num_leaves=6
num_cat=0
split_feature=29 24 4 24 4
split_gain=15.8593 5.51047 2.81225 3.69932 1.8872
threshold=0.67941450000000014 1.0000000180025095e-35 1.0000000180025095e-35 1.0000000180025095e-35 1.0000000180025095e-35
decision_type=2 10 8 8 10
left_child=1 4 3 -2 -1
right_child=2 -3 -4 -5 -6
leaf_value=-0.021548809044993084 -0.0037315289766046604 0.01170845617968877 0.01913445007419291 0.020252639847487378 0
leaf_weight=24.155446160584695 16.419810265302662 2.8571124672889701 24.611912678927183 4.7593431919813147 1.8206820338964451
leaf_count=241 81 10 194 18 7
internal_value=0.00153707 -0.0145667 0.0125642 0.00226152 -0.0194051
internal_weight=74.6243 28.8332 45.7911 21.1792 25.9761
internal_count=551 258 293 99 248
is_linear=0
shrinkage=0.03


Tree=52
num_leaves=5
num_cat=0
split_feature=24 4 22 23
split_gain=10.8042 9.708 9.75427 0.167787
threshold=1.0000000180025095e-35 1.0000000180025095e-35 0.040069000000000007 0.36498050000000004
decision_type=10 10 8 8
left_child=1 2 -1 -3
right_child=-2 3 -4 -5
leaf_value=-0.025469028905821676 0.025705865237534872 0.021311938186602406 0 0
leaf_weight=18.833431959152222 9.7982907444238645 7.5048410147428486 37.360432434827089 1.926964700222016
leaf_count=139 39 33 354 9
internal_value=5.26069e-05 -0.00429672 -0.00953694 0.0192782
internal_weight=75.424 65.6257 56.1939 9.43181
internal_count=574 535 493 42
is_linear=0
shrinkage=0.03


Tree=53
num_leaves=7
num_cat=0
split_feature=29 28 24 3 17 16
split_gain=15.5284 6.27739 3.79001 3.49462 1.62078 0.830761
threshold=0.71372150000000012 0.97677500000000006 1.0000000180025095e-35 2.5000000000000004 0.10894200000000002 0.21752250000000004
decision_type=2 2 10 10 8 8
left_child=2 5 3 -1 -3 -2
right_child=1 4 -4 -5 -6 -7
leaf_value=-0.018977675048483023 -0.012709977621641501 0.003767977120693745 0.0092441785863760888 0.0079230418498645178 0.025169678641460545 0
leaf_weight=31.070043388754129 3.1975465565919849 9.3773944079875964 2.5846984088420859 1.635797232389449 19.38513083383441 6.0136802196502694
leaf_count=302 19 47 10 6 133 48
internal_value=0.000343716 0.0135313 -0.0130114 -0.0162394 0.0201516 -0.00455617
internal_weight=73.2643 37.9738 35.2905 32.7058 28.7625 9.21123
internal_count=565 247 318 308 180 67
is_linear=0
shrinkage=0.03


Tree=54
num_leaves=5
num_cat=0
split_feature=29 28 2 23
split_gain=12.137 5.94795 4.98271 2.06107
threshold=0.60031250000000014 0.95943100000000014 0.32575750000000009 0.044553000000000002
decision_type=2 2 10 10
left_child=3 -2 -3 -1
right_child=1 2 -4 -5
leaf_value=-0.026386298818823917 -0.018329959502985271 0.016060201799534744 -0.0012415195698159578 0
leaf_weight=10.021742776036261 3.6411368176341048 42.066086657345295 17.274365849792957 1.6380822286009777
leaf_count=126 35 300 96 9
internal_value=0.00208301 0.00783351 0.010725 -0.022179
internal_weight=74.6414 62.9816 59.3405 11.6598
internal_count=566 431 396 135
is_linear=0
shrinkage=0.03


Tree=55
num_leaves=5
num_cat=0
split_feature=26 23 7 23
split_gain=8.80066 4.65512 3.21106 2.79202
threshold=1.0000000180025095e-35 0.0049875000000000015 1.0000000180025095e-35 0.57592050000000017
decision_type=10 8 10 8
left_child=1 2 -1 -3
right_child=-2 3 -4 -5
leaf_value=-0.022426489051641268 0.024082843682163464 0.0099683563762447275 0.0024310773225733472 -0.0045974201811719339
leaf_weight=13.623216196894647 8.3848398476839048 15.517359279096125 2.9552097693085662 28.893740050494671
leaf_count=108 34 69 15 313
internal_value=0 -0.00453768 -0.0167696 0.000167866
internal_weight=69.3744 60.9895 16.5784 44.4111
internal_count=539 505 123 382
is_linear=0
shrinkage=0.03


Tree=56
num_leaves=6
num_cat=0
split_feature=21 29 23 4 18
split_gain=13.5498 5.66236 2.4148 2.13232 1.84783
threshold=1.0000000180025095e-35 0.58551750000000002 0.0049875000000000015 1.5000000000000002 0.27392750000000005
decision_type=8 2 8 10 10
left_child=3 -2 -3 4 -1
right_child=1 2 -4 -5 -6
leaf_value=-0.026911120112491031 -0.016612626375864144 -0.0022570442319450753 0.014333131406016865 0.00041623716730363765 0
leaf_weight=13.699838325381284 3.7357651889324179 5.0998114272952071 41.05850338563323 1.2265700101852406 3.3654172569513312
leaf_count=111 63 29 308 5 20
internal_value=0 0.00834339 0.011864 -0.0199953 -0.0228004
internal_weight=68.1859 49.8941 46.1583 18.2918 17.0653
internal_count=536 400 337 136 131
is_linear=0
shrinkage=0.03


Tree=57
num_leaves=4
num_cat=0
split_feature=29 28 26
split_gain=12.1137 7.89408 4.21125
threshold=0.58551750000000002 0.95943100000000014 1.0000000180025095e-35
decision_type=2 2 10
left_child=-1 -2 -3
right_child=1 2 -4
leaf_value=-0.025260413822402229 -0.021011460996453801 0.0054601936253851537 0.027038773242510427
leaf_weight=9.3695469498634321 4.7247973121702662 49.877707913517952 9.4586041271686536
leaf_count=114 44 363 38
internal_value=0.00158076 0.00690831 0.010517
internal_weight=73.4307 64.0611 59.3363
internal_count=559 445 401
is_linear=0
shrinkage=0.03


Tree=58
num_leaves=7
num_cat=0
split_feature=29 2 5 8 7 22
split_gain=10.7304 4.74251 3.23923 2.23944 2.1626 1.78052
threshold=0.63422450000000008 0.32575750000000009 1.5000000000000002 8.5413945000000009 8.0568855000000017 0.43257100000000004
decision_type=2 10 10 10 10 8
left_child=2 5 4 -3 -1 -2
right_child=1 3 -4 -5 -6 -7
leaf_value=-0.024480467667587092 0.019630538160743196 -0.010638454730235941 0.0073737734137079873 0.010359803170604649 0.0003360264819085742 0.0038646849782867304
leaf_weight=13.720185149461027 22.936183676123619 11.641996800899504 1.0832094997167576 2.7162765115499488 0.97410985827446062 18.49646333605051
leaf_count=163 99 68 4 13 4 193
internal_value=0.00238433 0.00894134 -0.0169284 -0.00383383 -0.0213618 0.0140036
internal_weight=71.5684 55.7909 15.7775 14.3583 14.6943 41.4326
internal_count=544 373 171 81 167 292
is_linear=0
shrinkage=0.03


Tree=59
num_leaves=6
num_cat=0
split_feature=29 28 18 4 28
split_gain=11.3799 6.16936 2.75046 2.56805 1.04362
threshold=0.59491450000000012 0.97677500000000006 0.053117500000000005 1.0000000180025095e-35 0.94952400000000015
decision_type=2 2 8 10 2
left_child=4 3 -3 -2 -1
right_child=1 2 -4 -5 -6
leaf_value=0 -0.010563456239769455 0 0.01794984100816387 0.010775244699459117 -0.026052692745831472
leaf_weight=1.5051538497209538 18.055265083909038 9.8752129599452001 26.790759593248367 2.7844706177711478 10.113418657332657
leaf_count=14 146 54 188 11 130
internal_value=4.29923e-06 0.00613927 0.0134006 -0.00545674 -0.0233368
internal_weight=69.1243 57.5057 36.666 20.8397 11.6186
internal_count=543 399 242 157 144
is_linear=0
shrinkage=0.03


Tree=60
num_leaves=4
num_cat=0
split_feature=3 24 22
split_gain=10.1712 7.32711 8.0538
threshold=1.0000000180025095e-35 1.0000000180025095e-35 0.027415500000000006
decision_type=10 10 8
left_child=1 2 -1
right_child=-2 -3 -4
leaf_value=-0.024266068823002102 0.025622880492664916 0.020772625628938706 0
leaf_weight=15.182266294956205 9.8079237937927228 6.1481581777334204 39.955794636160135
leaf_count=121 47 24 369
internal_value=0.000942402 -0.00355207 -0.00771234
internal_weight=71.0941 61.2862 55.1381
internal_count=561 514 490
is_linear=0
shrinkage=0.03


Tree=61
num_leaves=4
num_cat=0
split_feature=26 4 21
split_gain=10.1852 8.18048 7.61843
threshold=1.0000000180025095e-35 1.5000000000000002 0.11378600000000001
decision_type=10 10 8
left_child=1 2 -1
right_child=-2 -3 -4
leaf_value=-0.018847001342158404 0.026348798091567333 0.022124628699689248 0.0019094780446632074
leaf_weight=25.597826644778252 9.3910326063632947 6.4199299216270438 29.694768115878105
leaf_count=180 40 30 306
internal_value=0.00119222 -0.00321639 -0.00766055
internal_weight=71.1036 61.7125 55.2926
internal_count=556 516 486
is_linear=0
shrinkage=0.03


Tree=62
num_leaves=7
num_cat=0
split_feature=29 24 5 3 24 3
split_gain=10.5071 6.83674 3.79232 3.73292 3.2795 0.104609
threshold=0.7008795000000001 1.0000000180025095e-35 1.5000000000000002 1.0000000180025095e-35 1.0000000180025095e-35 1.0000000180025095e-35
decision_type=2 10 10 8 10 10
left_child=1 2 -1 4 -2 -5
right_child=3 -3 -4 5 -6 -7
leaf_value=-0.021752436009683497 -0.0067784385072773906 0.015723216079063105 0.005021102636612154 0.0074087044005180054 0.017356782420456639 0.024063681068473543
leaf_weight=24.754436727613218 15.074172727763655 3.2011303603649131 2.4990948587656012 12.278488229960205 4.0407730340957633 8.8010457009077054
leaf_count=273 76 12 11 130 17 45
internal_value=0 -0.0125129 -0.0180513 0.0098823 0 0.01774
internal_weight=70.6491 30.4547 27.2535 40.1945 19.1149 21.0795
internal_count=564 296 284 268 93 175
is_linear=0
shrinkage=0.03


Tree=63
num_leaves=4
num_cat=0
split_feature=26 3 22
split_gain=10.3917 7.40196 7.96419
threshold=1.0000000180025095e-35 1.0000000180025095e-35 0.044478500000000004
decision_type=10 10 8
left_child=1 2 -1
right_child=-2 -3 -4
leaf_value=-0.022478579206872983 0.026453072972299308 0.02039338394737257 0.00011726404855057042
leaf_weight=17.590096235275269 9.6882421970367414 6.7451116293668738 36.073692966252565
leaf_count=138 42 33 347
internal_value=0.00145183 -0.00314654 -0.00755781
internal_weight=70.0971 60.4089 53.6638
internal_count=560 518 485
is_linear=0
shrinkage=0.03


Tree=64
num_leaves=4
num_cat=0
split_feature=29 24 3
split_gain=13.4447 4.92974 6.38988
threshold=0.58551750000000002 1.0000000180025095e-35 1.0000000180025095e-35
decision_type=2 10 8
left_child=-1 2 -2
right_child=1 -3 -4
leaf_value=-0.026045829077997334 -0.0067781958579100042 0.02568174092642184 0.012790674697030194
leaf_weight=9.3903176933526975 24.967882908880711 9.0396391600370389 27.504823014140129
leaf_count=128 138 40 263
internal_value=0.00212561 0.00790243 0.00307549
internal_weight=70.9027 61.5123 52.4727
internal_count=569 441 401
is_linear=0
shrinkage=0.03


Tree=65
num_leaves=5
num_cat=0
split_feature=29 2 4 23
split_gain=11.1029 8.22851 4.15922 3.00578
threshold=0.58551750000000002 0.47222200000000009 1.0000000180025095e-35 0.57592050000000017
decision_type=2 10 8 8
left_child=-1 3 -3 -2
right_child=1 2 -4 -5
leaf_value=-0.024751700289514064 0.019360122752940172 -0.020623627668861715 0.0089833527204681348 0.0024050158785554488
leaf_weight=9.4084613472223264 23.846677713096142 10.207198850810524 2.6174688935279855 23.135902393609285
leaf_count=131 109 71 13 239
internal_value=0.000741737 0.00622055 -0.0121277 0.0122565
internal_weight=69.2157 59.8072 12.8247 46.9826
internal_count=563 432 84 348
is_linear=0
shrinkage=0.03


Tree=66
num_leaves=6
num_cat=0
split_feature=21 28 18 28 17
split_gain=6.77354 10.2714 3.60109 2.93199 1.57108
threshold=0.090908500000000017 0.98241700000000021 0.049686000000000008 0.98791800000000018 0.35882150000000007
decision_type=10 2 8 2 8
left_child=1 4 -3 -2 -1
right_child=3 2 -4 -5 -6
leaf_value=-0.023807817151830276 0.022220246799026979 -0.0038018646681309423 0.016185116977157587 -0.0031732519829707961 -0.0052598477785435038
leaf_weight=12.030714847147467 13.378210991621016 8.4942035749554652 17.540990300476551 2.0152670592069617 16.336781285703182
leaf_count=93 57 60 149 11 191
internal_value=0.00119807 -0.00349806 0.00891191 0.0172895 -0.0156071
internal_weight=69.7962 54.4027 26.0352 15.3935 28.3675
internal_count=561 493 209 68 284
is_linear=0
shrinkage=0.03


Tree=67
num_leaves=4
num_cat=0
split_feature=3 24 22
split_gain=9.49693 7.63931 7.18884
threshold=1.0000000180025095e-35 1.0000000180025095e-35 0.027415500000000006
decision_type=10 10 8
left_child=1 2 -1
right_child=-2 -3 -4
leaf_value=-0.025587799177657768 0.022583567171919179 0.019684050595277103 -0.0014588426145809945
leaf_weight=14.542140297591684 10.336091011762617 6.070079654455184 39.850995533168316
leaf_count=126 54 26 362
internal_value=-2.2564e-05 -0.00524464 -0.00943279
internal_weight=70.7993 60.4632 54.3931
internal_count=568 514 488
is_linear=0
shrinkage=0.03


Tree=68
num_leaves=4
num_cat=0
split_feature=3 26 18
split_gain=7.38381 6.04255 7.65782
threshold=1.0000000180025095e-35 1.0000000180025095e-35 0.092983500000000011
decision_type=10 10 8
left_child=1 2 -1
right_child=-2 -3 -4
leaf_value=-0.024731968266867625 0.021528329669663275 0.018647752907559913 0
leaf_weight=13.728820987045763 9.325476408004759 5.7156389951705924 39.254770778119564
leaf_count=110 49 25 375
internal_value=0 -0.00388858 -0.00772457
internal_weight=68.0247 58.6992 52.9836
internal_count=559 510 485
is_linear=0
shrinkage=0.03


Tree=69
num_leaves=6
num_cat=0
split_feature=4 18 2 17 17
split_gain=8.03442 6.55688 3.95464 3.00936 0.211027
threshold=1.0000000180025095e-35 0.26386550000000003 0.47222200000000009 0.10894200000000002 0.21063900000000005
decision_type=10 8 8 10 8
left_child=1 3 -3 -1 -2
right_child=4 2 -4 -5 -6
leaf_value=-0.027283248591035047 0.022960364219313554 0.018412956762756359 -0.0022783707754946499 -0.0028594331895224218 0
leaf_weight=9.5206949263811129 8.6789222657680476 8.337131544947626 22.894055090844631 13.462938129901884 1.8228569030761725
leaf_count=83 45 36 276 80 9
internal_value=0 -0.00470029 0.00349838 -0.0161132 0.0210223
internal_weight=64.7166 54.2148 31.2312 22.9836 10.5018
internal_count=529 475 312 163 54
is_linear=0
shrinkage=0.03


Tree=70
num_leaves=7
num_cat=0
split_feature=29 28 23 20 21 23
split_gain=9.40382 4.02613 3.0071 1.88794 1.79109 1.36871
threshold=0.7008795000000001 0.97677500000000006 0.0070730000000000003 0.23332750000000002 0.29816800000000004 0.27496700000000007
decision_type=2 2 10 10 10 8
left_child=2 4 -1 -3 -2 -4
right_child=1 3 5 -5 -6 -7
leaf_value=-0.017228637563201917 -0.009679788546924915 0.019708248710173931 0.0090790007456992474 0 0.010097858267049035 -0.0079360336170114527
leaf_weight=18.320376876741651 8.7047359421849233 23.314386889338497 6.3573571816086742 4.8830508589744559 2.5602065324783316 4.3122464641928682
leaf_count=237 72 164 29 24 10 27
internal_value=0.00123249 0.0107969 -0.0106407 0.0165274 -0.00190349 0
internal_weight=68.4524 39.4624 28.99 28.1974 11.2649 10.6696
internal_count=563 270 293 188 82 56
is_linear=0
shrinkage=0.03


Tree=71
num_leaves=7
num_cat=0
split_feature=23 21 22 28 6 28
split_gain=6.60176 5.09379 4.51278 4.07556 3.20778 1.56028
threshold=0.0049875000000000015 0.090908500000000017 0.36700350000000009 0.98241700000000021 7.1610060000000004 0.98931000000000013
decision_type=8 10 8 2 8 2
left_child=4 3 -3 -2 5 -1
right_child=1 2 -4 -5 -6 -7
leaf_value=-0.026211395078070267 -0.0087902622803295843 0.027183299826171171 -0.0048792037090223186 0.0092073774704259231 0.0049858784040385301 0
leaf_weight=9.103916764259333 20.606290560215712 10.944401830434796 2.4009486138820657 18.751232910901308 2.3048047721385965 3.8041991218924531
leaf_count=84 211 47 13 163 14 30
internal_value=0.000145671 0.00566342 0.0197428 0 -0.0151068 -0.0208439
internal_weight=67.9158 52.7029 13.3454 39.3575 15.2129 12.9081
internal_count=562 434 60 374 128 114
is_linear=0
shrinkage=0.03


Tree=72
num_leaves=5
num_cat=0
split_feature=3 23 2 7
split_gain=7.45266 5.50305 1.72118 0.82445
threshold=1.0000000180025095e-35 0.00089200000000000011 0.32575750000000009 1.0000000180025095e-35
decision_type=10 8 8 8
left_child=1 3 -3 -1
right_child=-2 2 -4 -5
leaf_value=-0.020562044811270615 0.022181906953539731 0.0086288378010789171 -0.0025349006592188736 0
leaf_weight=12.362878717482086 8.8942675590515119 15.781145788729189 28.951588962227106 1.379583656787873
leaf_count=118 49 71 318 7
internal_value=6.45008e-05 -0.00372994 0.00106982 -0.0185375
internal_weight=67.3695 58.4752 44.7327 13.7425
internal_count=563 514 389 125
is_linear=0
shrinkage=0.03


Tree=73
num_leaves=7
num_cat=0
split_feature=29 5 28 24 2 18
split_gain=8.37187 4.77817 3.87745 3.08771 1.55415 0.83146
threshold=0.7008795000000001 1.5000000000000002 0.97677500000000006 1.0000000180025095e-35 0.17708350000000003 0.049686000000000008
decision_type=2 10 2 10 8 8
left_child=1 3 4 -1 -2 -4
right_child=2 -3 5 -5 -6 -7
leaf_value=-0.020423277161500268 0.0047551849815975038 0.010239389867778687 0.00035701167297444057 0.0047268990189556969 -0.012094283734082011 0.017721774701319665
leaf_weight=23.020621035248048 4.439727142453191 3.634313851594924 7.0887267068028477 1.917581871151923 6.7345850989222535 19.28433245792985
leaf_count=265 20 16 41 8 65 142
internal_value=-5.91141e-05 -0.0120437 0.00853728 -0.0171157 -0.00369369 0.0145889
internal_weight=66.1199 28.5725 37.5474 24.9382 11.1743 26.3731
internal_count=557 289 268 273 85 183
is_linear=0
shrinkage=0.03


Tree=74
num_leaves=5
num_cat=0
split_feature=3 17 28 26
split_gain=8.52903 5.83736 6.86526 4.98378
threshold=1.0000000180025095e-35 0.10894200000000002 0.98241700000000021 1.0000000180025095e-35
decision_type=10 8 2 10
left_child=1 3 -3 -1
right_child=-2 2 -4 -5
leaf_value=-0.026946544748194457 0.023127857785178427 -0.0077317293365031688 0.014823390049257739 0.0080160458710252531
leaf_weight=11.272368937730786 9.5329854488372785 26.372987929731607 17.317499123513699 1.8404906541109092
leaf_count=99 53 257 147 8
internal_value=0.000261651 -0.0040419 0.00094388 -0.0195986
internal_weight=66.3363 56.8033 43.6905 13.1129
internal_count=564 511 404 107
is_linear=0
shrinkage=0.03


Tree=75
num_leaves=6
num_cat=0
split_feature=29 26 3 4 17
split_gain=8.18358 2.95533 3.44491 1.63386 1.4565
threshold=0.63422450000000008 1.0000000180025095e-35 1.0000000180025095e-35 1.0000000180025095e-35 0.35882150000000007
decision_type=2 10 8 10 10
left_child=3 2 -2 4 -1
right_child=1 -3 -4 -5 -6
leaf_value=-0.024329825740527528 -0.0057832067615365074 0.021350108107869165 0.009497568067752862 2.6144135845423231e-05 0
leaf_weight=11.433913759887213 22.395744301378727 6.1219481527805319 23.111189097166061 0.77156324684619981 2.1536721661686906
leaf_count=166 121 30 228 3 17
internal_value=0 0.00541616 0.00146626 -0.01822 -0.020882
internal_weight=65.988 51.6289 45.5069 14.3591 13.5876
internal_count=565 379 349 186 183
is_linear=0
shrinkage=0.03


Tree=76
num_leaves=5
num_cat=0
split_feature=26 4 17 23
split_gain=6.31172 5.21183 7.91723 2.9921
threshold=1.0000000180025095e-35 1.0000000180025095e-35 0.14858100000000002 0.61503100000000011
decision_type=10 8 10 8
left_child=1 2 -1 -3
right_child=-2 3 -4 -5
leaf_value=-0.027527410623480509 0.021885542973050596 0.018943677747431477 0.0009639507746297966 0
leaf_weight=11.973003037273886 8.0524668842554075 6.9419333338737514 16.226113677024841 23.811074409633875
leaf_count=105 40 38 93 299
internal_value=0.000715644 -0.00261155 -0.0116553 0.00509122
internal_weight=67.0046 58.9521 28.1991 30.753
internal_count=575 535 198 337
is_linear=0
shrinkage=0.03


Tree=77
num_leaves=5
num_cat=0
split_feature=4 2 2 24
split_gain=8.01033 6.10931 6.52255 2.5567
threshold=1.0000000180025095e-35 0.32575750000000009 1.0000000180025095e-35 1.0000000180025095e-35
decision_type=10 10 10 10
left_child=1 2 -1 -3
right_child=-2 3 -4 -5
leaf_value=-0.0028173867974306491 0.022840736867485979 -0.022031970067489474 0.023870876795485371 0.0035347105603714471
leaf_weight=33.006068032234907 10.136086046695707 13.362546034157273 7.339334398508071 1.1553962528705604
leaf_count=346 56 117 31 5
internal_value=0.00146461 -0.00294565 0.00266155 -0.0180279
internal_weight=64.9994 54.8633 40.3454 14.5179
internal_count=555 499 377 122
is_linear=0
shrinkage=0.03


Tree=78
num_leaves=5
num_cat=0
split_feature=29 26 3 16
split_gain=5.19583 2.71993 4.83791 1.16116
threshold=0.58551750000000002 1.0000000180025095e-35 1.5000000000000002 0.44553150000000002
decision_type=2 10 8 10
left_child=3 2 -2 -1
right_child=1 -3 -4 -5
leaf_value=-0.020959580492427299 -0.0069978513556944151 0.019885940647690694 0.010596919397347982 0
leaf_weight=6.887123115360736 24.402528896927834 6.6555657088756552 24.706276755779982 0.59765965491533268
leaf_count=108 142 33 255 4
internal_value=0.00117567 0.00500052 0.0013787 -0.0177367
internal_weight=63.2492 55.7644 49.1088 7.48478
internal_count=542 430 397 112
is_linear=0
shrinkage=0.03


Tree=79
num_leaves=6
num_cat=0
split_feature=4 18 28 15 15
split_gain=8.57673 6.45933 6.54947 1.8109 0.618743
threshold=1.0000000180025095e-35 0.092983500000000011 0.98241700000000021 0.41055900000000006 0.23030150000000002
decision_type=10 8 2 8 8
left_child=1 3 -3 -1 -2
right_child=4 2 -4 -5 -6
leaf_value=-0.023244198730002597 0.024304224423286339 -0.008490092202434919 0.014181265008495534 0 0
leaf_weight=12.989940762519833 8.8820334523916209 21.967559859156609 17.665705651044846 1.3625842705369002 1.6250191777944571
leaf_count=115 50 227 154 7 9
internal_value=0 -0.0046971 0.00119834 -0.0200983 0.0218724
internal_weight=64.4928 53.9858 39.6333 14.3525 10.5071
internal_count=562 503 381 122 59
is_linear=0
shrinkage=0.03


Tree=80
num_leaves=5
num_cat=0
split_feature=29 28 2 28
split_gain=6.28863 5.93092 2.59766 1.20456
threshold=0.59491450000000012 0.95943100000000014 0.32575750000000009 0.94952400000000015
decision_type=2 2 10 2
left_child=3 -2 -3 -1
right_child=1 2 -4 -5
leaf_value=0 -0.01996649110282922 0.011873172792380562 -0.0013771789699064591 -0.023280208299708796
leaf_weight=1.2617392390966395 4.5322912819683543 37.19499883428216 13.459529645740984 7.5525950416922569
leaf_count=14 45 288 89 122
internal_value=0 0.0041965 0.00791311 -0.0198072
internal_weight=64.0012 55.1868 50.6545 8.81433
internal_count=558 422 377 136
is_linear=0
shrinkage=0.03


Tree=81
num_leaves=6
num_cat=0
split_feature=23 28 7 21 23
split_gain=6.14017 4.14122 2.79639 2.06388 1.54358
threshold=0.0049875000000000015 0.96426450000000019 1.0000000180025095e-35 0.00092500000000000015 0.13196500000000003
decision_type=8 2 8 10 8
left_child=2 4 -1 -3 -2
right_child=1 3 -4 -5 -6
leaf_value=-0.01938622439291178 0.0035128104156438374 0.0031421361108691817 0.0037283182857936487 0.018600257357774878 -0.01667192084339451
leaf_weight=11.154983639717098 0.98323032259941001 23.924354910850525 2.955125220119954 18.142554312944412 5.1303935796022415
leaf_count=110 4 259 18 88 60
internal_value=0.00205375 0.00754779 -0.012987 0.011269 -0.0100462
internal_weight=62.2906 48.1805 14.1101 42.0669 6.11362
internal_count=539 411 128 347 64
is_linear=0
shrinkage=0.03


Tree=82
num_leaves=7
num_cat=0
split_feature=29 24 17 3 29 4
split_gain=9.17974 2.62309 1.9173 3.91835 1.07081 0.69546
threshold=0.69205000000000017 1.0000000180025095e-35 0.10894200000000002 1.0000000180025095e-35 0.71372150000000012 3.5000000000000004
decision_type=2 10 8 10 2 10
left_child=1 5 3 -2 -4 -1
right_child=2 -3 4 -5 -6 -7
leaf_value=-0.016565895620853636 -0.015890030135376348 0.0062907227902142442 0 0.014914638016231356 0.015424484134098511 0
leaf_weight=22.765971641987569 4.8906782269477826 2.2294424176216117 2.8873970769345787 3.8968315273523331 25.003940496593714 1.1768489032983769
leaf_count=269 31 10 25 25 188 5
internal_value=0.000201127 -0.0121284 0.0100068 0 0.0135823 -0.0154664
internal_weight=62.8511 26.1723 36.6788 8.78751 27.8913 23.9428
internal_count=553 284 269 56 213 274
is_linear=0
shrinkage=0.03


Tree=83
num_leaves=7
num_cat=0
split_feature=29 21 5 24 5 16
split_gain=6.15772 2.24391 2.4669 2.1717 1.44359 1.42521
threshold=0.67342200000000008 0.11378600000000001 1.0000000180025095e-35 1.0000000180025095e-35 1.0000000180025095e-35 0.39997000000000005
decision_type=2 10 10 10 10 10
left_child=3 2 -2 5 -3 -1
right_child=1 4 -4 -5 -6 -7
leaf_value=-0.018714143255115254 0.0077465627334957409 7.4034382993186688e-05 -0.0077580375807947974 0.0046782440889876148 0.024699799166475481 0
leaf_weight=15.455009266734129 20.344474703073505 6.271942660212515 11.358111478388308 1.9829954653978337 5.9884485453367233 2.7280817776918402
leaf_count=210 195 33 73 9 26 19
internal_value=0.000211344 0.00685962 0.00113676 -0.0119986 0.0165592 -0.0156385
internal_weight=64.1291 43.963 31.7026 20.1661 12.2604 18.1831
internal_count=565 327 268 238 59 229
is_linear=0
shrinkage=0.03


Tree=84
num_leaves=4
num_cat=0
split_feature=29 28 2
split_gain=7.25408 5.00919 2.53632
threshold=0.58551750000000002 0.95943100000000014 0.32575750000000009
decision_type=2 2 10
left_child=-1 -2 -3
right_child=1 2 -4
leaf_value=-0.021241382457135777 -0.017339355459747158 0.012853974219061348 0
leaf_weight=7.3772778511047354 3.966954104602336 37.365963220596313 15.085259936749933
leaf_count=123 39 294 101
internal_value=0.00137697 0.00576259 0.0088944
internal_weight=63.7955 56.4182 52.4512
internal_count=557 434 395
is_linear=0
shrinkage=0.03


Tree=85
num_leaves=6
num_cat=0
split_feature=3 24 15 29 15
split_gain=6.99731 7.63918 4.94501 2.95768 0.135421
threshold=1.0000000180025095e-35 1.0000000180025095e-35 0.20270300000000005 0.60031250000000014 0.19394000000000003
decision_type=10 8 10 2 8
left_child=1 2 -1 -3 -2
right_child=4 3 -4 -5 -6
leaf_value=-0.023106842210409647 0.021754436161459809 -0.011590275934802241 0.0010760850087655684 0.010026215481319274 0
leaf_weight=19.46144208684564 7.4073651134967777 3.47495920211077 7.7169971317052832 23.010755505412817 1.4812344685196883
leaf_count=164 46 72 40 234 10
internal_value=-0.000347325 -0.00514854 -0.0158219 0.00528198 0.0201007
internal_weight=62.5528 53.6642 27.1784 26.4857 8.8886
internal_count=566 510 204 306 56
is_linear=0
shrinkage=0.03


Tree=86
num_leaves=4
num_cat=0
split_feature=3 24 19
split_gain=6.31861 5.16425 3.7603
threshold=1.0000000180025095e-35 1.0000000180025095e-35 0.12284250000000001
decision_type=10 10 8
left_child=1 2 -1
right_child=-2 -3 -4
leaf_value=-0.020004461121294656 0.022095365960471486 0.017905705125993588 -0.00076065073423091649
leaf_weight=11.292216647416351 7.7608433440327635 5.5951551795005789 36.454269040375948
leaf_count=96 49 27 384
internal_value=0.000713671 -0.00287561 -0.00681661
internal_weight=61.1025 53.3416 47.7465
internal_count=556 507 480
is_linear=0
shrinkage=0.03


Tree=87
num_leaves=4
num_cat=0
split_feature=24 4 2
split_gain=4.9257 4.50874 2.87791
threshold=1.0000000180025095e-35 1.5000000000000002 0.32575750000000009
decision_type=10 10 10
left_child=1 2 -1
right_child=-2 -3 -4
leaf_value=-0.00048877357029401076 0.020915097298632161 0.017028878631838287 -0.016623954040905838
leaf_weight=35.250736672431231 6.1531290337443343 5.3211484402418128 13.845452785491942
leaf_count=368 33 32 124
internal_value=6.92842e-05 -0.00273496 -0.00631013
internal_weight=60.5705 54.4173 49.0962
internal_count=557 524 492
is_linear=0
shrinkage=0.03


Tree=88
num_leaves=4
num_cat=0
split_feature=24 4 19
split_gain=4.28469 3.22831 5.50144
threshold=1.0000000180025095e-35 1.5000000000000002 0.19305950000000002
decision_type=10 10 8
left_child=1 2 -1
right_child=-2 -3 -4
leaf_value=-0.018277591410444351 0.020023266195753748 0.014425395972380605 0.0010382836529799014
leaf_weight=16.284593742340803 5.8174282386898986 5.1572039872407904 33.591938033699989
leaf_count=134 33 31 352
internal_value=0.000152566 -0.00235746 -0.00538014
internal_weight=60.8512 55.0337 49.8765
internal_count=550 517 486
is_linear=0
shrinkage=0.03


Tree=89
num_leaves=7
num_cat=0
split_feature=21 28 15 20 3 22
split_gain=5.13732 6.24789 2.27596 1.12099 0.987334 0.102288
threshold=0.090908500000000017 0.98241700000000021 0.095590000000000022 0.020705500000000005 1.0000000180025095e-35 0.36700350000000009
decision_type=10 2 10 8 8 8
left_child=1 4 -2 -3 -1 -4
right_child=2 3 5 -5 -6 -7
leaf_value=-0.020550044513151674 0 -0.0033214765687173799 0.02300309071222105 0.0092998790753390844 -0.0036645927484016926 0
leaf_weight=11.819433499127628 3.2577356174588195 2.9941310882568386 8.0937855467200244 18.733218163251877 12.748289082199333 2.219948686659337
leaf_count=110 19 32 40 169 173 11
internal_value=0.000136282 -0.00426096 0.0150024 0.00615541 -0.0142286 0.0208326
internal_weight=59.8665 46.2951 13.5715 21.7273 24.5677 10.3137
internal_count=554 484 70 201 283 51
is_linear=0
shrinkage=0.03


Tree=90
num_leaves=5
num_cat=0
split_feature=3 18 28 24
split_gain=5.69261 4.45561 5.03482 2.69117
threshold=1.0000000180025095e-35 0.092983500000000011 0.97677500000000006 1.0000000180025095e-35
decision_type=10 8 2 10
left_child=1 3 -3 -1
right_child=-2 2 -4 -5
leaf_value=-0.020351386466443574 0.020621594994297828 -0.0090720766943046972 0.011303782448869586 0.0050365314000893101
leaf_weight=12.930112689733502 8.0410444885492307 15.460657279938458 21.960571095347404 1.3602030873298652
leaf_count=115 54 171 196 6
internal_value=0.000639284 -0.00287996 0.00209475 -0.0157452
internal_weight=59.7526 51.7115 37.4212 14.2903
internal_count=542 488 367 121
is_linear=0
shrinkage=0.03


Tree=91
num_leaves=7
num_cat=0
split_feature=29 17 3 2 4 18
split_gain=6.0273 2.04724 3.46938 1.64146 1.44676 1.82363
threshold=0.67342200000000008 0.10894200000000002 1.0000000180025095e-35 0.16025650000000005 1.0000000180025095e-35 0.32726500000000008
decision_type=2 10 8 10 10 10
left_child=4 2 -2 -3 5 -1
right_child=1 3 -4 -5 -6 -7
leaf_value=-0.018822503187428754 -0.013898858836946958 0.020095265107841671 0.0076672262335171475 0 0.00025179578263269441 0.00071170596537817137
leaf_weight=15.124243311584001 6.8859099596738842 10.035190701484682 17.628854271024466 6.4710413143038741 2.1554135084152213 1.6874984651803959
leaf_count=216 44 44 185 41 10 10
internal_value=0 0.00664541 0 0.0139327 -0.0125874 -0.0155366
internal_weight=59.9882 41.021 24.5148 16.5062 18.9672 16.8117
internal_count=550 314 229 85 236 226
is_linear=0
shrinkage=0.03


Tree=92
num_leaves=7
num_cat=0
split_feature=29 16 24 19 4 17
split_gain=5.63953 2.19852 1.86228 1.54451 2.29888 2.05639
threshold=0.67342200000000008 0.39997000000000005 1.0000000180025095e-35 0.12957900000000003 1.0000000180025095e-35 0.10894200000000002
decision_type=2 10 10 10 8 10
left_child=1 2 -1 4 -2 -5
right_child=3 -3 -4 5 -6 -7
leaf_value=-0.01862632430311998 -0.0078206359766645056 0.0040071125140476787 0.0013652744769503647 0 0.0079696191904846184 0.02125002472919325
leaf_weight=15.118807058781389 9.1525567546486872 2.8315068483352652 1.5362536609172828 3.7424141243100157 19.238787684589624 9.2473102211952192
leaf_count=215 55 20 7 24 196 44
internal_value=0.00073326 -0.0110255 -0.0153291 0.00731748 0.00166269 0.01517
internal_weight=60.8676 19.4866 16.6551 41.3811 28.3913 12.9897
internal_count=561 242 222 319 251 68
is_linear=0
shrinkage=0.03


Tree=93
num_leaves=7
num_cat=0
split_feature=28 23 19 19 23 4
split_gain=5.26316 3.65176 3.00272 2.01553 1.90624 0.524845
threshold=0.98241700000000021 0.0049875000000000015 0.18768850000000001 0.0021375000000000005 0.48883750000000009 1.0000000180025095e-35
decision_type=2 10 10 8 10 8
left_child=1 5 -3 -2 -5 -1
right_child=3 2 -4 4 -6 -7
leaf_value=-0.02127016237499476 -0.0054484998275015914 -0.0060696617658962037 0.015667874726028271 0.016396058202011472 -0.0025476700905069003 -0.0039569805212343297
leaf_weight=6.4034259095788029 1.6663525849580789 7.7103070989251119 7.4687005504965782 24.6286412216723 1.7658594697713841 10.913625769317148
leaf_count=76 27 48 36 206 10 154
internal_value=0.002193 -0.00524154 0.00379638 0.0114432 0.0139774 -0.014031
internal_weight=60.5569 32.4961 15.179 28.0609 26.3945 17.3171
internal_count=557 314 84 243 216 230
is_linear=0
shrinkage=0.03


Tree=94
num_leaves=4
num_cat=0
split_feature=24 4 17
split_gain=4.36027 3.58673 5.2472
threshold=1.0000000180025095e-35 1.5000000000000002 0.10894200000000002
decision_type=10 10 8
left_child=1 2 -1
right_child=-2 -3 -4
leaf_value=-0.021886942488180149 0.019627321622679644 0.015466021071644853 0
leaf_weight=9.6436920426785928 6.9198139309883109 5.6303362548351279 38.897650852799416
leaf_count=93 39 35 390
internal_value=0.00102869 -0.00172759 -0.00508808
internal_weight=61.0915 54.1717 48.5413
internal_count=557 518 483
is_linear=0
shrinkage=0.03


Tree=95
num_leaves=6
num_cat=0
split_feature=4 18 2 22 18
split_gain=4.72545 6.80384 3.12061 1.57916 0.744541
threshold=1.0000000180025095e-35 0.12082150000000001 0.41428550000000003 0.189196 0.17406150000000001
decision_type=10 8 8 10 8
left_child=1 3 -3 -1 -2
right_child=4 2 -4 -5 -6
leaf_value=-0.022131254901253634 0.02148738711610412 0.014626313374717561 -0.0017567468353839189 0 0
leaf_weight=12.255826778709887 6.6843999400734875 12.22465595602989 24.205094058066607 3.1455935090780249 2.1088729873299608
leaf_count=126 42 60 305 15 13
internal_value=0.000360433 -0.00289612 0.00367459 -0.0181337 0.0179534
internal_weight=60.6244 51.8312 36.4298 15.4014 8.79327
internal_count=561 506 365 141 55
is_linear=0
shrinkage=0.03


Tree=96
num_leaves=4
num_cat=0
split_feature=29 28 20
split_gain=6.43857 3.68355 1.54561
threshold=0.59491450000000012 0.95943100000000014 0.47752650000000002
decision_type=2 2 10
left_child=-1 -2 -3
right_child=1 2 -4
leaf_value=-0.021775182009905782 -0.016224301499806228 0.0087265649044343026 -0.0056385894691682783
leaf_weight=7.7578824572265139 3.7142368406057349 42.168938618153334 3.1668370589613906
leaf_count=137 40 338 23
internal_value=-0.000230592 0.00365924 0.00681477
internal_weight=56.8079 49.05 45.3358
internal_count=538 401 361
is_linear=0
shrinkage=0.03


Tree=97
num_leaves=7
num_cat=0
split_feature=29 2 28 5 26 15
split_gain=6.98886 3.13835 3.19857 2.04676 1.17152 1.0404
threshold=0.67941450000000014 0.17708350000000003 0.95943100000000014 1.5000000000000002 1.0000000180025095e-35 0.52194150000000017
decision_type=2 10 2 10 10 10
left_child=3 2 -2 5 -3 -1
right_child=1 4 -4 -5 -6 -7
leaf_value=-0.017425422752243555 -0.0083107863439232914 -0.0092348137480631649 0.016693259778413419 0.0035730643357611246 0.0067363330837302178 0
leaf_weight=18.282957170158632 1.9055202603340173 8.572846092283724 24.832353882491589 2.0894465073943129 1.7797146588563908 0.73381538689136405
leaf_count=245 19 60 199 11 11 3
internal_value=0 0.00796122 0.0132439 -0.0124708 -0.00334582 -0.0158428
internal_weight=58.1967 37.0904 26.7379 21.1062 10.3526 19.0168
internal_count=548 289 218 259 71 248
is_linear=0
shrinkage=0.03


Tree=98
num_leaves=6
num_cat=0
split_feature=29 28 5 4 23
split_gain=5.1868 3.11683 2.84723 1.67628 1.33142
threshold=0.67342200000000008 0.95943100000000014 1.5000000000000002 1.0000000180025095e-35 0.0078600000000000024
decision_type=2 2 10 10 8
left_child=2 -2 3 -1 -3
right_child=1 4 -4 -5 -6
leaf_value=-0.019731636292714749 -0.013134170516122564 0 0.006807009494628714 0 0.011747706218860317
leaf_weight=14.767492201179271 2.8416292071342459 6.3975152373313895 2.2708739414811125 1.9469932466745365 30.137065444141626
leaf_count=221 28 45 11 9 243
internal_value=0 0.00610132 -0.0118565 -0.0165639 0.00923939
internal_weight=58.3616 39.3762 18.9854 16.7145 36.5346
internal_count=557 316 241 230 288
is_linear=0
shrinkage=0.03


Tree=99
num_leaves=5
num_cat=0
split_feature=5 28 17 7
split_gain=4.64118 2.54539 1.50358 0.964224
threshold=1.5000000000000002 0.96561050000000004 0.10894200000000002 17.510375000000007
decision_type=10 2 8 10
left_child=1 3 -3 -1
right_child=-2 2 -4 -5
leaf_value=-0.018437083102124 0.016502744154791891 -0.0087090319737160322 0.0035879586392223838 0
leaf_weight=7.9512722045183164 10.288407601416109 9.1779524646699411 30.367832932621241 0.89670494198799122
leaf_count=100 56 92 302 5
internal_value=0.00030879 -0.00331263 0 -0.0155227
internal_weight=58.6822 48.3938 39.5458 8.84798
internal_count=555 499 394 105
is_linear=0
shrinkage=0.03


Tree=100
num_leaves=4
num_cat=0
split_feature=24 4 17
split_gain=3.37248 3.07699 4.17933
threshold=1.0000000180025095e-35 1.5000000000000002 0.10894200000000002
decision_type=10 10 8
left_child=1 2 -1
right_child=-2 -3 -4
leaf_value=-0.019873456749017984 0.017599616453723186 0.014793121734399714 0
leaf_weight=10.108554989099501 5.8729574084281913 4.4955176264047614 36.790642183274031
leaf_count=100 35 28 372
internal_value=2.05601e-05 -0.00229657 -0.00532681
internal_weight=57.2677 51.3947 46.8992
internal_count=535 500 472
is_linear=0
shrinkage=0.03


Tree=101
num_leaves=5
num_cat=0
split_feature=28 18 4 2
split_gain=5.50339 2.60857 4.42547 2.71612
threshold=0.96561050000000004 0.12082150000000001 1.0000000180025095e-35 0.47222200000000009
decision_type=2 10 8 10
left_child=-1 2 -2 -3
right_child=1 3 -4 -5
leaf_value=-0.01859234653231967 -0.013322011615738259 0.01879668439748905 0.0069349881539530842 -0.0040315436152091782
leaf_weight=8.9158130772411806 12.546469699591396 12.663191191852091 22.446067582815886 2.6735422536730757
leaf_count=110 114 63 258 19
internal_value=0 0.00395469 -1.69e-05 0.0131726
internal_weight=59.2451 50.3293 34.9925 15.3367
internal_count=564 454 372 82
is_linear=0
shrinkage=0.03


Tree=102
num_leaves=7
num_cat=0
split_feature=23 4 2 2 17 7
split_gain=3.98752 2.62291 1.84382 1.94427 0.592928 0.37191
threshold=0.0049875000000000015 1.0000000180025095e-35 0.32575750000000009 1.0000000180025095e-35 0.43166150000000009 8.6832670000000025
decision_type=10 8 10 10 8 10
left_child=1 4 3 -2 -1 -3
right_child=2 5 -4 -5 -6 -7
leaf_value=-0.020953482187187674 0 -0.0025419269293092909 -0.0012319060711250948 0.022011834415946584 0 0.0061629408933272867
leaf_weight=8.4455029442906344 9.1361040771007591 20.956662423908714 8.0730993747711164 7.0819621905684462 2.0177515558898458 1.7400623783469189
leaf_count=102 53 286 55 36 19 12
internal_value=-0.000757174 -0.00767672 0.007395 0.0127723 -0.018265 -6.55088e-05
internal_weight=57.4511 33.16 24.2912 16.2181 10.4633 22.6967
internal_count=563 419 144 89 121 298
is_linear=0
shrinkage=0.03


Tree=103
num_leaves=5
num_cat=0
split_feature=3 18 24 22
split_gain=4.0871 3.18594 2.04266 0.843963
threshold=1.0000000180025095e-35 0.32118050000000004 1.0000000180025095e-35 0.056101000000000005
decision_type=10 10 8 10
left_child=1 2 -1 -3
right_child=-2 3 -4 -5
leaf_value=-0.011904719289040275 0.017879840908849098 0 0 0.017319669235743823
leaf_weight=22.019087459892035 7.5257860347628585 2.3952681273221961 21.983489122241735 4.4805894047021866
leaf_count=182 54 15 277 23
internal_value=0.000423275 -0.00245383 -0.00602702 0.0122599
internal_weight=58.4042 50.8784 44.0026 6.87586
internal_count=551 497 459 38
is_linear=0
shrinkage=0.03


Tree=104
num_leaves=5
num_cat=0
split_feature=24 4 17 20
split_gain=3.6906 2.81668 4.77621 1.95607
threshold=1.0000000180025095e-35 1.0000000180025095e-35 0.14858100000000002 0.25660100000000002
decision_type=10 8 10 8
left_child=1 2 -1 -3
right_child=-2 3 -4 -5
leaf_value=-0.022474584373426729 0.017962294129989335 0.015485769094116459 0.00045426802890870927 -0.00032515396704360606
leaf_weight=10.696814529597761 6.1033861339092246 5.5649432688951519 14.104965917766092 21.667471740394831
leaf_count=112 37 36 92 283
internal_value=0 -0.00264283 -0.00971377 0.00312956
internal_weight=58.1376 52.0342 24.8018 27.2324
internal_count=560 523 204 319
is_linear=0
shrinkage=0.03


Tree=105
num_leaves=7
num_cat=0
split_feature=23 28 21 29 29 28
split_gain=5.30836 2.25781 2.23414 1.38849 1.13734 0.899244
threshold=0.0049875000000000015 0.98484550000000015 0.10762700000000001 0.94279550000000012 0.61577900000000008 0.98316800000000015
decision_type=10 2 10 2 2 2
left_child=1 3 5 -1 -3 -2
right_child=2 4 -4 -5 -6 -7
leaf_value=-0.015716933678979288 -0.0040114646011337662 -0.0088863997292999031 0.019950204687606519 0.0017438503669306665 0.0064862314798684725 0.0077784879089217301
leaf_weight=16.383107054978616 7.5205221250653285 2.6046401523053637 10.310290828347204 0.84034771472215553 10.979745522141455 7.6863328963518143
leaf_count=235 50 52 53 7 103 44
internal_value=0.000832509 -0.00671664 0.0107467 -0.0132493 0.000655484 0.000599819
internal_weight=56.325 30.8078 25.5171 17.2235 13.5844 15.2069
internal_count=544 397 147 242 155 94
is_linear=0
shrinkage=0.03


Tree=106
num_leaves=7
num_cat=0
split_feature=29 28 21 22 23 17
split_gain=4.92083 2.53221 2.79313 1.71693 1.31328 1.2637
threshold=0.67941450000000014 0.97677500000000006 0.29816800000000004 0.040069000000000007 0.33101400000000009 0.10894200000000002
decision_type=2 2 10 10 10 8
left_child=3 2 -2 -1 -5 -3
right_child=1 5 -4 4 -6 -7
leaf_value=-0.01494747448976785 -0.011700875161757926 0 0.012926086221621778 0.010913421986229608 -0.0094476749613743791 0.01523070945752374
leaf_weight=16.355052247643474 9.3592770136892778 7.4764436408877399 2.6211604773998252 3.5459959581494322 1.5071528926491735 18.33150677382946
leaf_count=246 90 54 11 19 12 153
internal_value=0 0.00635936 -0.00280064 -0.0106707 0 0.0115018
internal_weight=59.1966 37.7884 11.9804 21.4082 5.05315 25.808
internal_count=585 308 101 277 31 207
is_linear=0
shrinkage=0.03


Tree=107
num_leaves=5
num_cat=0
split_feature=28 29 2 29
split_gain=4.84742 3.94001 1.74339 0.327872
threshold=0.96426450000000019 0.58551750000000002 0.32575750000000009 0.88629250000000004
decision_type=2 2 8 2
left_child=3 -2 -3 -1
right_child=1 2 -4 -5
leaf_value=-0.020253823234734156 -0.016285668353345332 0.013615967896957713 0.00073668449107459303 0
leaf_weight=6.6939495131373397 4.1853344514966002 17.893618263304234 28.156051099300385 0.85555565357208241
leaf_count=82 91 96 280 7
internal_value=0 0.00357699 0.00687954 -0.0186809
internal_weight=57.7845 50.235 46.0497 7.54951
internal_count=556 467 376 89
is_linear=0
shrinkage=0.03


Tree=108
num_leaves=5
num_cat=0
split_feature=3 18 28 26
split_gain=3.92425 2.9872 2.76029 1.99198
threshold=1.0000000180025095e-35 0.054422500000000006 0.97135850000000012 1.0000000180025095e-35
decision_type=10 8 2 8
left_child=1 3 -3 -1
right_child=-2 2 -4 -5
leaf_value=-0.020088956680376222 0.018391258777535786 -0.010053073397982244 0.005926530242148606 0.0025005632899735343
leaf_weight=8.7345529124140704 6.5372454077005377 10.204304859042166 30.594074342399836 1.1282480061054236
leaf_count=95 48 125 281 6
internal_value=0.000271476 -0.00240508 0.000829995 -0.015192
internal_weight=57.1984 50.6612 40.7984 9.8628
internal_count=555 507 406 101
is_linear=0
shrinkage=0.03


Tree=109
num_leaves=4
num_cat=0
split_feature=24 3 22
split_gain=4.1658 4.00936 3.92411
threshold=1.0000000180025095e-35 1.5000000000000002 0.040069000000000007
decision_type=10 10 8
left_child=1 2 -1
right_child=-2 -3 -4
leaf_value=-0.018082176262911885 0.0195888489937294 0.016671579493348132 0
leaf_weight=13.538266472518442 5.7557164132595053 4.6352112516760817 31.692256145179272
leaf_count=139 37 34 339
internal_value=0 -0.00271418 -0.00623627
internal_weight=55.6215 49.8657 45.2305
internal_count=549 512 478
is_linear=0
shrinkage=0.03


Tree=110
num_leaves=6
num_cat=0
split_feature=29 4 24 23 23
split_gain=3.42499 2.13146 2.42103 1.12065 0.930386
threshold=0.58551750000000002 1.0000000180025095e-35 1.0000000180025095e-35 0.82762200000000008 0.044553000000000002
decision_type=2 8 10 8 10
left_child=4 2 -2 -3 -1
right_child=1 3 -4 -5 -6
leaf_value=-0.01725090643205594 -0.0050209318741965435 0.019864693737758617 0.015134425005067054 0.0037907131578557318 0
leaf_weight=5.5164516083896151 21.358941730111841 8.2228694185614604 3.831866778433322 19.125563740730286 0.58645875379443158
leaf_count=117 137 57 25 224 5
internal_value=0.00265419 0.00572392 0 0.0110981 -0.0136541
internal_weight=58.6422 52.5392 25.1908 27.3484 6.10291
internal_count=565 443 162 281 122
is_linear=0
shrinkage=0.03


Tree=111
num_leaves=5
num_cat=0
split_feature=3 29 18 17
split_gain=4.29045 3.25192 3.09033 2.89184
threshold=1.0000000180025095e-35 0.71372150000000012 0.29495000000000005 0.10894200000000002
decision_type=10 2 10 8
left_child=1 2 -1 -3
right_child=-2 3 -4 -5
leaf_value=-0.014240244981993366 0.019849822738299567 -0.010178151707079667 0.0083164796733104247 0.010094284551182253
leaf_weight=20.957584004849199 6.4851336330175391 4.6616545021533993 3.1243893168866625 20.74920516833663
leaf_count=286 50 32 19 167
internal_value=0.00101393 -0.00187604 -0.00960892 0.0046373
internal_weight=55.978 49.4928 24.082 25.4109
internal_count=554 504 305 199
is_linear=0
shrinkage=0.03


Tree=112
num_leaves=5
num_cat=0
split_feature=4 28 9 24
split_gain=4.5419 3.96817 2.10513 1.70737
threshold=1.0000000180025095e-35 0.98241700000000021 7.7174010000000006 1.0000000180025095e-35
decision_type=10 2 10 10
left_child=1 3 -3 -1
right_child=-2 2 -4 -5
leaf_value=-0.012098856513518427 0.019188866237602627 0.010520682901707009 -0.010236905725580227 0.0055874564859576927
leaf_weight=25.998745609074835 7.5558772832155219 18.626992918550972 1.5756573528051365 1.578753501176833
leaf_count=296 54 184 10 9
internal_value=0.000993852 -0.00225635 0.00649452 -0.00965638
internal_weight=55.336 47.7801 20.2027 27.5775
internal_count=553 499 194 305
is_linear=0
shrinkage=0.03


Tree=113
num_leaves=7
num_cat=0
split_feature=29 22 28 24 23 16
split_gain=4.32522 2.78535 2.11428 1.4788 1.10341 1.09623
threshold=0.71372150000000012 0.040069000000000007 0.97677500000000006 1.0000000180025095e-35 0.33101400000000009 0.46310650000000003
decision_type=2 10 2 10 10 10
left_child=1 3 -2 -1 -3 -4
right_child=2 4 5 -5 -6 -7
leaf_value=-0.016228305912405785 -0.0025658216408236401 0.011863335869855938 0.014106535894808397 0.0017031080386106384 -0.0041056104150588952 0
leaf_weight=18.148188997060068 7.3328809887170818 4.7278021760284892 21.087110739201311 0.95113907754421134 1.9321165382862089 1.1421333178877819
leaf_count=267 62 25 173 4 14 7
internal_value=0 -0.00817274 0.00778164 -0.0138678 0.00428867 0.0122833
internal_weight=55.3214 25.7592 29.5621 19.0993 6.65992 22.2292
internal_count=552 310 242 271 39 180
is_linear=0
shrinkage=0.03


Tree=114
num_leaves=7
num_cat=0
split_feature=29 28 2 18 4 18
split_gain=3.98693 2.88235 1.43976 1.0351 1.36027 0.874838
threshold=0.69205000000000017 0.97677500000000006 0.21363650000000003 0.29495000000000005 1.0000000180025095e-35 0.39044900000000005
decision_type=2 2 8 10 10 10
left_child=3 2 -2 4 -1 -5
right_child=1 -3 -4 5 -6 -7
leaf_value=-0.014004908799076107 0.0040053006652863432 0.012680446720982817 -0.01211624828957948 0.011749928873390263 0.0013306533528139627 -0.0053027213393040855
leaf_weight=17.599112238734968 5.0984814837574932 22.724355485290289 5.9836158007383355 1.7273322269320481 1.8816299438476551 1.7902967073023317
leaf_count=256 26 183 63 9 9 14
internal_value=0 0.00678646 -0.00329574 -0.00853318 -0.0112093 2.2126e-05
internal_weight=56.8048 33.8065 11.0821 22.9984 19.4807 3.51763
internal_count=560 272 89 288 265 23
is_linear=0
shrinkage=0.03


Tree=115
num_leaves=7
num_cat=0
split_feature=23 23 9 17 15 18
split_gain=2.51608 1.82094 1.39358 1.43318 1.29362 0.730641
threshold=0.0049875000000000015 0.76460150000000004 1.0000000180025095e-35 0.43166150000000009 0.017051500000000004 0.049686000000000008
decision_type=10 10 8 8 10 10
left_child=2 4 3 -1 -2 -3
right_child=1 5 -4 -5 -6 -7
leaf_value=-0.017406995440721232 0 0.0013070119774868979 0 0 0.014990006252664825 -0.012222684045343832
leaf_weight=6.6317828074097642 2.2132019102573457 1.5693221352994435 21.470104351639748 2.0769161954522142 18.135890953242779 1.9861108437180517
leaf_count=91 14 10 284 18 105 17
internal_value=0.00162738 0.00871038 -0.00335915 -0.0117938 0.0123911 -0.00380928
internal_weight=54.0833 23.9045 30.1788 8.7087 20.3491 3.55543
internal_count=539 146 393 109 119 27
is_linear=0
shrinkage=0.03


Tree=116
num_leaves=7
num_cat=0
split_feature=29 5 2 16 26 16
split_gain=3.19761 2.92117 2.08358 2.67837 1.37107 0.599393
threshold=0.7008795000000001 1.5000000000000002 0.17708350000000003 0.023536500000000005 1.0000000180025095e-35 0.37031950000000008
decision_type=2 10 8 10 10 10
left_child=1 4 5 -4 -1 -2
right_child=2 -3 3 -5 -6 -7
leaf_value=-0.014433891972707259 0.017719328512985601 0.0097758362783790624 0.0069182245943086246 -0.012895868538676632 0.0013348727411686355 0
leaf_weight=19.644280433654792 9.2151350155472738 3.2209653258323661 15.593478567898275 6.1436132118105879 1.5654457807540882 1.7387410178780545
leaf_count=275 52 16 164 44 8 10
internal_value=0 -0.00728876 0.00630887 0 -0.0120097 0.0153685
internal_weight=57.1217 24.4307 32.691 21.7371 21.2097 10.9539
internal_count=569 299 270 208 283 62
is_linear=0
shrinkage=0.03


Tree=117
num_leaves=7
num_cat=0
split_feature=21 28 18 15 17 5
split_gain=3.10905 4.99272 2.49794 1.59685 1.32739 0.486059
threshold=0.11378600000000001 0.98241700000000021 0.054422500000000006 0.095590000000000022 0.35882150000000007 1.0000000180025095e-35
decision_type=10 2 10 10 8 10
left_child=1 4 -3 -2 -1 -5
right_child=3 2 -4 5 -6 -7
leaf_value=-0.020791300840647994 0 0 0.0182505692031114 0.00019948193874769958 -0.0027308014096298263 0.023354152432191806
leaf_weight=8.7655671425163764 2.3756664022803298 14.691896516829731 6.4803113117814055 4.1537797823548299 13.813076019287108 4.7775773555040359
leaf_count=94 16 177 32 23 186 24
internal_value=0.000203154 -0.00304284 0.00613428 0.0128643 -0.0125313 0.0178576
internal_weight=55.0579 43.7509 21.1722 11.307 22.5786 8.93136
internal_count=552 489 209 63 280 47
is_linear=0
shrinkage=0.03


Tree=118
num_leaves=5
num_cat=0
split_feature=26 3 19 29
split_gain=2.96965 3.09768 3.67781 1.54252
threshold=1.0000000180025095e-35 1.0000000180025095e-35 0.19305950000000002 0.58551750000000002
decision_type=10 8 10 2
left_child=1 2 -1 -3
right_child=-2 3 -4 -5
leaf_value=-0.018320432855043197 0.016843868814464029 -0.0082219280912256346 0.0017177352497266696 0.0079541486447310284
leaf_weight=13.99964150041342 5.6916738599538794 2.4411370530724552 10.416994445025919 22.010487824678421
leaf_count=127 38 60 73 250
internal_value=0.000212091 -0.00200881 -0.00942471 0.00452434
internal_weight=54.5599 48.8683 24.4166 24.4516
internal_count=548 510 200 310
is_linear=0
shrinkage=0.03


Tree=119
num_leaves=5
num_cat=0
split_feature=29 28 17 28
split_gain=3.41517 3.55654 1.28194 1.17745
threshold=0.59491450000000012 0.96426450000000019 0.10894200000000002 0.94952400000000015
decision_type=2 2 8 2
left_child=3 -2 -3 -1
right_child=1 2 -4 -5
leaf_value=0 -0.014145405795248901 0 0.0099100755505749961 -0.019902721109002965
leaf_weight=1.0849535316228855 4.7952737472951403 9.5818909630179387 32.140464477241039 5.7778735421597958
leaf_count=15 52 76 274 127
internal_value=0 0.00364053 0.00716729 -0.0156557
internal_weight=53.3805 46.5176 41.7224 6.86283
internal_count=544 402 350 142
is_linear=0
shrinkage=0.03


Tree=120
num_leaves=6
num_cat=0
split_feature=3 17 18 17 17
split_gain=3.39084 2.89495 2.4218 2.19882 0.260876
threshold=1.0000000180025095e-35 0.11739550000000001 0.29495000000000005 0.25107300000000005 0.16248500000000002
decision_type=10 8 8 8 10
left_child=1 2 -1 -3 -2
right_child=4 3 -4 -5 -6
leaf_value=-0.022454798778728528 0.017319732142939141 0.011262022141737238 0.0019772511830747842 -0.0040588641298741719 0
leaf_weight=8.2102713063359225 5.0883373543620101 8.5221456810832006 1.7125548794865615 28.415060628205538 1.1546031385660169
leaf_count=93 42 48 9 345 9
internal_value=-0.000674299 -0.00421486 -0.0164365 0 0.015398
internal_weight=53.103 46.86 9.92283 36.9372 6.24294
internal_count=546 495 102 393 51
is_linear=0
shrinkage=0.03


Tree=121
num_leaves=5
num_cat=0
split_feature=29 28 28 22
split_gain=2.67328 4.57667 1.10076 0.950257
threshold=0.58551750000000002 0.95943100000000014 0.95391400000000004 0.43257100000000004
decision_type=2 2 2 10
left_child=2 -2 -1 -3
right_child=1 3 -4 -5
leaf_value=0 -0.016614201566536337 0.0095846928438713622 -0.017319864038607496 -0.0015726093702967737
leaf_weight=0.90512749180197616 4.0682230219244948 44.913904130458832 4.7334119267761707 1.9849250838160504
leaf_count=12 46 384 109 11
internal_value=0.00229531 0.00507658 -0.0124042 0.0084451
internal_weight=56.6056 50.9671 5.63854 46.8988
internal_count=562 441 121 395
is_linear=0
shrinkage=0.03


Tree=122
num_leaves=4
num_cat=0
split_feature=26 3 17
split_gain=3.78855 3.18454 5.23224
threshold=1.0000000180025095e-35 1.5000000000000002 0.10894200000000002
decision_type=10 10 8
left_child=1 2 -1
right_child=-2 -3 -4
leaf_value=-0.02443122218894167 0.018299600914430964 0.014620321912890477 -0.0002483914567795063
leaf_weight=8.3141014017164689 5.2325769141316405 3.8894419446587554 37.632245220243931
leaf_count=103 37 31 394
internal_value=-8.83665e-05 -0.00351626 -0.00646647
internal_weight=55.0684 49.8358 45.9463
internal_count=565 528 497
is_linear=0
shrinkage=0.03


Tree=123
num_leaves=5
num_cat=0
split_feature=24 29 5 2
split_gain=3.15369 3.09952 2.99383 1.65741
threshold=1.0000000180025095e-35 0.71372150000000012 1.5000000000000002 0.17708350000000003
decision_type=10 2 10 8
left_child=1 2 -1 -3
right_child=-2 3 -4 -5
leaf_value=-0.014079313375785442 0.017768504629706566 0.013310678714869233 0.0084199528285214889 -0.00017327686594011284
leaf_weight=22.028645943850282 4.9529278948903075 7.8798670992255238 2.8326030001044264 17.479160577058792
leaf_count=313 34 40 13 174
internal_value=0 -0.00248037 -0.00980846 0.00392361
internal_weight=55.1732 50.2203 24.8612 25.359
internal_count=574 540 326 214
is_linear=0
shrinkage=0.03


Tree=124
num_leaves=7
num_cat=0
split_feature=29 5 24 16 20 24
split_gain=3.51007 2.44682 1.50988 1.09103 1.09341 0.822847
threshold=0.7008795000000001 1.5000000000000002 1.0000000180025095e-35 0.076416000000000012 0.3543650000000001 1.0000000180025095e-35
decision_type=2 10 10 10 8 10
left_child=1 2 -1 4 -2 -5
right_child=3 -3 -4 5 -6 -7
leaf_value=-0.016665060782229721 0.015990336369879218 0.0066056559463916172 0.0006217725504903171 -0.0059490697238492674 0 0.0077733504659858472
leaf_weight=17.439188070595272 7.9280932322144571 2.6081502214074126 1.4984291046857823 9.3773470520973188 11.79352720454335 2.0299853682517996
leaf_count=263 57 14 8 58 132 15
internal_value=-0.000763499 -0.00980934 -0.0140318 0.00493042 0.0089256 -0.000314691
internal_weight=52.6747 21.5458 18.9376 31.129 19.7216 11.4073
internal_count=547 285 271 262 189 73
is_linear=0
shrinkage=0.03


Tree=125
num_leaves=4
num_cat=0
split_feature=3 24 17
split_gain=3.21489 2.33319 3.11185
threshold=1.0000000180025095e-35 1.0000000180025095e-35 0.10894200000000002
decision_type=10 10 8
left_child=1 2 -1
right_child=-2 -3 -4
leaf_value=-0.020311184126167187 0.016886788686002376 0.012543449208685485 -0.00058406878289866775
leaf_weight=7.0843188241124144 5.8236900791525832 4.0118836760520926 38.842485446482897
leaf_count=87 50 26 409
internal_value=0 -0.00266932 -0.005299
internal_weight=55.7624 49.9387 45.9268
internal_count=572 522 496
is_linear=0
shrinkage=0.03


Tree=126
num_leaves=4
num_cat=0
split_feature=26 3 17
split_gain=2.66583 2.42782 1.56764
threshold=1.0000000180025095e-35 1.5000000000000002 0.10894200000000002
decision_type=10 10 8
left_child=1 2 -1
right_child=-2 -3 -4
leaf_value=-0.01395767008128173 0.017866007726030683 0.015339280232677841 0
leaf_weight=6.7632762826979151 5.0604257658123961 4.2130357995629302 38.416319835931063
leaf_count=88 37 36 403
internal_value=0.00175477 -0.000251762 -0.00319291
internal_weight=54.4531 49.3926 45.1796
internal_count=564 527 491
is_linear=0
shrinkage=0.03


Tree=127
num_leaves=4
num_cat=0
split_feature=24 3 2
split_gain=2.29026 2.45222 1.72046
threshold=1.0000000180025095e-35 1.5000000000000002 0.32575750000000009
decision_type=10 10 10
left_child=1 2 -1
right_child=-2 -3 -4
leaf_value=-0.0003294295676761691 0.01481343847023907 0.013645845558830059 -0.013690621422460686
leaf_weight=33.00520358607173 4.9593629091978064 3.6527502611279479 12.084591582417486
leaf_count=364 37 33 132
internal_value=0 -0.00246598 -0.00516489
internal_weight=53.7019 48.7425 45.0898
internal_count=566 529 496
is_linear=0
shrinkage=0.03


Tree=128
num_leaves=6
num_cat=0
split_feature=28 23 19 9 9
split_gain=2.52254 2.2058 2.84157 1.70266 0.681343
threshold=0.96426450000000019 0.0049875000000000015 0.078375500000000015 1.0000000180025095e-35 8.0568855000000017
decision_type=2 10 10 8 10
left_child=4 3 -3 -2 -1
right_child=1 2 -4 -5 -6
leaf_value=-0.015558579024289284 -0.012729622847779995 -0.00093694769698282176 0.01805146203413514 0.0025077453692256397 0
leaf_weight=5.6934292018413535 5.764975585043433 7.1566533334553268 13.361197456717489 18.903882790356874 0.95131615549325932
leaf_count=86 87 51 73 245 6
internal_value=0.00089831 0.00413354 0.010878 -0.000963013 -0.0124344
internal_weight=51.8315 45.1867 20.5179 24.6689 6.64475
internal_count=548 456 124 332 92
is_linear=0
shrinkage=0.03


Tree=129
num_leaves=7
num_cat=0
split_feature=19 4 19 24 7 19
split_gain=2.91113 3.27991 1.98929 1.92455 1.27877 0.248866
threshold=0.19305950000000002 1.0000000180025095e-35 0.57704100000000014 1.0000000180025095e-35 8.0568855000000017 0.078375500000000015
decision_type=10 10 8 8 10 10
left_child=1 3 4 -1 -2 -3
right_child=2 5 -4 -5 -6 -7
leaf_value=-0.015261730783209413 0.019616258267509058 0.015499121848665818 -0.0030479926723569416 -1.8514104652514789e-05 0 0
leaf_weight=12.796913228929041 10.270722165703768 3.867878168821334 2.4447322450578222 22.070528775453568 1.5759599730372436 1.1769588738679884
leaf_count=123 58 30 28 301 11 10
internal_value=0.000547036 -0.00313316 0.0113203 -0.00717113 0.0163228 0.013313
internal_weight=54.2037 39.9123 14.2914 34.8674 11.8467 5.04484
internal_count=561 464 97 424 69 40
is_linear=0
shrinkage=0.03


Tree=130
num_leaves=7
num_cat=0
split_feature=28 22 19 29 16 4
split_gain=2.17466 2.96579 1.68444 1.50577 1.09425 0.696104
threshold=0.98241700000000021 0.070410000000000014 0.12957900000000003 0.61577900000000008 0.39997000000000005 1.0000000180025095e-35
decision_type=2 8 10 2 10 8
left_child=1 5 -3 -2 -5 -1
right_child=3 2 -4 4 -6 -7
leaf_value=-0.020265969692424293 -0.0052975161028376173 -0.0044620658155719506 0.01142499053991208 0.011952769960151337 -0.0015706113838577444 0
leaf_weight=7.3740038257092246 3.2459373734891441 13.673465553671123 6.0709188133478156 19.018755614757541 1.5152411237359036 0.87294501811266023
leaf_count=95 63 174 32 171 9 7
internal_value=0 -0.00558013 0 0.00608685 0.0096071 -0.0179758
internal_weight=51.7713 27.9913 19.7444 23.7799 20.534 8.24695
internal_count=551 308 206 243 180 102
is_linear=0
shrinkage=0.03


end of trees

feature_importances:
reranker_score_gte_multilingual_reranker_base=70
embedding_cosine_gte_multilingual_base=63
shared_title_count_capped=60
has_shared_contact_exact=57
shared_description_count_capped=44
max_category_share_percentile_gap_abs=37
profile_category_jaccard=35
title_length_median_percentile_gap_abs=31
shared_contact_count_capped=30
repeated_title_share_percentile_gap_abs=29
description_length_median_percentile_gap_abs=26
repeated_description_share_percentile_gap_abs=26
shared_category_count_capped=21
price_median_percentile_gap_abs=14
digit_ratio_mean_percentile_gap_abs=12
item_count_percentile_gap_abs=9
shared_description_idf_sum=8
punct_ratio_mean_percentile_gap_abs=8
shared_description_idf_mean=7
same_market_raw_bool=1
shared_title_idf_sum=1
shared_title_idf_mean=1
shared_low_df_sentence_count=1

parameters:
[boosting: gbdt]
[objective: binary]
[metric: binary_logloss,auc]
[tree_learner: serial]
[device_type: cpu]
[data_sample_strategy: bagging]
[data: ]
[valid: ]
[num_iterations: 160]
[learning_rate: 0.03]
[num_leaves: 7]
[num_threads: 0]
[seed: 20260321]
[deterministic: 1]
[force_col_wise: 1]
[force_row_wise: 0]
[histogram_pool_size: -1]
[max_depth: 3]
[min_data_in_leaf: 10]
[min_sum_hessian_in_leaf: 0.001]
[bagging_fraction: 0.8]
[pos_bagging_fraction: 1]
[neg_bagging_fraction: 1]
[bagging_freq: 1]
[bagging_seed: 20260321]
[bagging_by_query: 0]
[feature_fraction: 0.6]
[feature_fraction_bynode: 1]
[feature_fraction_seed: 20260321]
[extra_trees: 0]
[extra_seed: 14909]
[early_stopping_round: 0]
[early_stopping_min_delta: 0]
[first_metric_only: 0]
[max_delta_step: 0]
[lambda_l1: 1]
[lambda_l2: 3]
[linear_lambda: 0]
[min_gain_to_split: 0.05]
[drop_rate: 0.1]
[max_drop: 50]
[skip_drop: 0.5]
[xgboost_dart_mode: 0]
[uniform_drop: 0]
[drop_seed: 4518]
[top_rate: 0.2]
[other_rate: 0.1]
[min_data_per_group: 100]
[max_cat_threshold: 32]
[cat_l2: 10]
[cat_smooth: 10]
[max_cat_to_onehot: 4]
[top_k: 20]
[monotone_constraints: ]
[monotone_constraints_method: basic]
[monotone_penalty: 0]
[feature_contri: ]
[forcedsplits_filename: ]
[refit_decay_rate: 0.9]
[cegb_tradeoff: 1]
[cegb_penalty_split: 0]
[cegb_penalty_feature_lazy: ]
[cegb_penalty_feature_coupled: ]
[path_smooth: 0]
[interaction_constraints: ]
[verbosity: -1]
[saved_feature_importance_type: 0]
[use_quantized_grad: 0]
[num_grad_quant_bins: 4]
[quant_train_renew_leaf: 0]
[stochastic_rounding: 1]
[linear_tree: 0]
[max_bin: 255]
[max_bin_by_feature: ]
[min_data_in_bin: 3]
[bin_construct_sample_cnt: 200000]
[data_random_seed: 20260321]
[is_enable_sparse: 1]
[enable_bundle: 1]
[use_missing: 1]
[zero_as_missing: 0]
[feature_pre_filter: 1]
[pre_partition: 0]
[two_round: 0]
[header: 0]
[label_column: ]
[weight_column: ]
[group_column: ]
[ignore_column: ]
[categorical_feature: ]
[forcedbins_filename: ]
[precise_float_parser: 0]
[parser_config_file: ]
[objective_seed: 21012]
[num_class: 1]
[is_unbalance: 0]
[scale_pos_weight: 1]
[sigmoid: 1]
[boost_from_average: 1]
[reg_sqrt: 0]
[alpha: 0.9]
[fair_c: 1]
[poisson_max_delta_step: 0.7]
[tweedie_variance_power: 1.5]
[lambdarank_truncation_level: 30]
[lambdarank_norm: 1]
[label_gain: ]
[lambdarank_position_bias_regularization: 0]
[eval_at: ]
[multi_error_top_k: 1]
[auc_mu_weights: ]
[num_machines: 1]
[local_listen_port: 12400]
[time_out: 120]
[machine_list_filename: ]
[machines: ]
[gpu_platform_id: -1]
[gpu_device_id: -1]
[gpu_use_dp: 0]
[num_gpu: 1]

end of parameters

pandas_categorical:null
