tree
version=v4
num_class=1
num_tree_per_iteration=1
label_index=0
max_feature_idx=25
objective=binary sigmoid:1
feature_names=same_market_raw_bool same_source_dataset_bool profile_category_jaccard shared_title_count_capped shared_description_count_capped shared_category_count_capped shared_title_idf_sum shared_description_idf_sum shared_title_idf_mean shared_description_idf_mean boilerplate_ratio_max boilerplate_ratio_gap_abs shared_boilerplate_count shared_low_df_sentence_count shared_rare_ngram_count item_count_percentile_gap_abs price_median_percentile_gap_abs title_length_median_percentile_gap_abs description_length_median_percentile_gap_abs digit_ratio_mean_percentile_gap_abs punct_ratio_mean_percentile_gap_abs repeated_title_share_percentile_gap_abs repeated_description_share_percentile_gap_abs max_category_share_percentile_gap_abs embedding_cosine_gte_multilingual_base reranker_score_gte_multilingual_reranker_base
feature_infos=[0:1] [0:1] [0:1] [0:5] [0:5] [0:5] [0:70.616864000000007] [0:79.443972000000002] [0:8.8271080000000008] [0:8.8271080000000008] [0:0.20000000000000001] [0:0.20000000000000001] [0:1] [0:9] [0:8] [0:0.70916299999999999] [0:0.96791400000000005] [0:0.92293000000000003] [0:0.88129299999999999] [0:0.90190499999999996] [0:0.93838699999999997] [0:0.78087600000000001] [0:0.625498] [0:0.99695599999999995] [0.88623300000000005:0.99833300000000003] [0.41123199999999999:0.96361600000000003]
tree_sizes=883 685 782 864 779 870 777 864 884 835 879 879 884 878 859 854 890 783 867 887 782 757 879 779 870 776 863 652 874 885 879 893 672 885 763 861 871 890 683 867 758 659 843 678 868 652 677 862 846 859 880 863 771 757 662 852 870 865 836 659 648 686 861 771 574 896 661 865 745 670 829 768 866 766 643 661 892 661 663 660 851 651 858 677 577 661 873 659 677 746 874 864 783 681 789 654 659 677 651 682 881 661 891 871 659 679 874 679 876 663 866 886

Tree=0
num_leaves=7
num_cat=0
split_feature=25 24 21 4 5 3
split_gain=125.867 37.2074 23.8939 18.1388 15.7415 4.44202
threshold=0.68316900000000003 0.97683400000000009 0.12386950000000001 1.0000000180025095e-35 1.5000000000000002 1.5000000000000002
decision_type=2 2 10 10 10 8
left_child=3 2 -2 4 -1 -3
right_child=1 5 -4 -5 -6 -7
leaf_value=-0.039723210411304333 -0.025505204129147294 0.020752903794226375 0.028253156642789622 0.010496230133092073 0.011031593056608344 0.042929759281616658
leaf_weight=57.922301337122917 18.553800821304325 35.330896973609924 8.1450326442718488 6.2224872708320609 3.8058972358703604 32.471317537128925
leaf_count=470 144 116 22 21 12 170
internal_value=-0.000270456 0.0216757 -0.00689764 -0.0308404 -0.0357642 0.0331664
internal_weight=162.452 94.501 26.6988 67.9507 61.7282 67.8022
internal_count=955 452 166 503 482 286
is_linear=0
shrinkage=1


Tree=1
num_leaves=5
num_cat=0
split_feature=3 21 2 7
split_gain=76.6812 27.0112 12.545 10.1693
threshold=1.5000000000000002 0.00092500000000000015 1.0000000180025095e-35 1.0000000180025095e-35
decision_type=10 8 10 10
left_child=1 3 -3 -1
right_child=-2 2 -4 -5
leaf_value=-0.027034929397287969 0.050240671547620214 -0.0029482182279958022 0.023328738636365781 0.0064601151593488386
leaf_weight=53.307781204581261 20.831554263830185 65.915697935968637 18.050421550869942 6.7354769110679618
leaf_count=262 45 589 56 24
internal_value=0.000153896 -0.0077647 0.00296554 -0.0226731
internal_weight=164.841 144.009 83.9661 60.0433
internal_count=976 931 645 286
is_linear=0
shrinkage=0.03


Tree=2
num_leaves=6
num_cat=0
split_feature=24 4 3 6 22
split_gain=104.221 35.2152 18.0241 17.8379 14.2396
threshold=0.97851850000000018 1.0000000180025095e-35 1.5000000000000002 1.0000000180025095e-35 0.24325000000000002
decision_type=2 10 10 10 10
left_child=1 4 3 -2 -1
right_child=2 -3 -4 -5 -6
leaf_value=-0.037190027304111507 0.018127401141080999 0.027424892649636375 0.046884314434969987 -0.020577206816239115 0.007319066006767583
leaf_weight=64.813721194863319 63.581904768943787 6.8714236766099921 16.175766229629517 9.5008836388587934 4.9517830908298484
leaf_count=523 362 18 35 47 17
internal_value=-0.0015057 -0.026785 0.020039 0.0120885 -0.0334471
internal_weight=165.895 76.6369 89.2586 73.0828 69.7655
internal_count=1002 558 444 409 540
is_linear=0
shrinkage=0.03


Tree=3
num_leaves=7
num_cat=0
split_feature=25 3 21 21 3 22
split_gain=103.651 20.1152 17.8981 15.0869 8.49964 0.705103
threshold=0.68316900000000003 1.5000000000000002 0.052490000000000002 0.080088500000000021 3.5000000000000004 0.14302150000000002
decision_type=2 10 10 8 10 10
left_child=2 3 4 -2 -1 -4
right_child=1 -3 5 -5 -6 -7
leaf_value=-0.035537901753673815 -0.0018067852487452349 0.046324959862276083 0.015546614813460822 0.023171008258054144 0.011145709132697645 0
leaf_weight=61.0248111076653 38.872657433152199 17.056470543146133 4.0923417806625357 40.298668712377548 1.3852921128272999 2.9283145219087601
leaf_count=489 159 37 12 291 3 12
internal_value=-0.00104166 0.0187118 -0.0284744 0.0109237 -0.0335794 0.0103797
internal_weight=165.659 96.2278 69.4308 79.1713 62.4101 7.02066
internal_count=1003 487 516 450 492 24
is_linear=0
shrinkage=0.03


Tree=4
num_leaves=6
num_cat=0
split_feature=24 21 19 3 24
split_gain=85.7508 37.022 36.6594 16.19 0.58517
threshold=0.97334950000000009 0.12386950000000001 1.0000000180025095e-35 1.5000000000000002 0.96567650000000016
decision_type=2 10 8 10 2
left_child=1 4 -2 -4 -1
right_child=2 -3 3 -5 -6
leaf_value=-0.043564559034980577 -0.037545535263826084 0.021672655728062901 0.014224869176555823 0.045976364147711273 -0.021393436337565002
leaf_weight=31.894294127821922 7.3374108374118796 8.8114232122898084 80.926802478730679 18.376006931066513 19.018365755677223
leaf_count=271 43 26 473 40 144
internal_value=0.000137556 -0.0276643 0.0163126 0.0215697 -0.0374903
internal_weight=166.364 59.7241 106.64 99.3028 50.9127
internal_count=997 441 556 513 415
is_linear=0
shrinkage=0.03


Tree=5
num_leaves=7
num_cat=0
split_feature=25 21 24 24 21 20
split_gain=102.464 34.2743 22.7435 16.0269 9.91318 2.65388
threshold=0.71548950000000011 0.052490000000000002 0.97683400000000009 0.9798785000000001 0.12386950000000001 0.53924100000000008
decision_type=2 10 2 2 10 10
left_child=1 3 4 -1 -2 -4
right_child=2 -3 5 -5 -6 -7
leaf_value=-0.038521583006790983 -0.017418401101186372 0.022182091376521586 0.03387357342838733 -0.0070657425496071903 0.021288982808089201 0
leaf_weight=52.311223398894072 13.365450121462347 10.698048412799833 57.958208184689283 25.429216418415308 6.0994674712419501 2.5809167772531501
leaf_count=429 100 32 246 163 17 10
internal_value=-0.000100414 -0.0221755 0.0238601 -0.0292487 -0.00273055 0.0326071
internal_weight=168.443 88.4385 80.004 77.7404 19.4649 60.5391
internal_count=997 624 373 592 117 256
is_linear=0
shrinkage=0.03


Tree=6
num_leaves=6
num_cat=0
split_feature=25 3 3 19 25
split_gain=95.5334 17.9464 14.6308 9.33664 8.36451
threshold=0.68316900000000003 1.5000000000000002 2.5000000000000004 0.57113900000000017 0.59205150000000006
decision_type=2 10 10 10 2
left_child=2 3 4 -2 -1
right_child=1 -3 -4 -5 -6
leaf_value=-0.044402440127265463 0.014774909868692428 0.044421278386969618 0.021368515648532524 -0.016970643675934954 -0.018111363090599176
leaf_weight=23.328703761100769 74.264644458889961 18.229182720184326 2.75988745689392 5.9826016128063193 43.788843978196383
leaf_count=204 419 40 6 30 309
internal_value=5.12207e-05 0.0190405 -0.0259804 0.0115216 -0.0291863
internal_weight=168.354 98.4764 69.8774 80.2472 67.1175
internal_count=1008 489 519 449 513
is_linear=0
shrinkage=0.03


Tree=7
num_leaves=7
num_cat=0
split_feature=24 21 19 16 24 24
split_gain=81.1914 50.2508 31.8136 7.39474 4.75966 3.04534
threshold=0.9785695000000002 0.052490000000000002 0.0041160000000000007 0.46014800000000006 0.96567650000000016 0.99270800000000003
decision_type=2 10 8 10 2 2
left_child=1 4 5 -4 -1 -2
right_child=2 -3 3 -5 -6 -7
leaf_value=-0.042983182010797774 -0.035060885840541137 0.023896383876869431 0.027722695798442908 -0.0041564293764083087 -0.01926003318209657 0
leaf_weight=30.658732485026121 6.4558242708444578 14.756810382008551 81.240331523120403 4.5733388960361472 29.734300702810287 1.6042253971099851
leaf_count=263 38 44 394 20 224 6
internal_value=0.00143905 -0.0211504 0.0199275 0.0256029 -0.0332406 -0.02834
internal_weight=169.024 75.1498 93.8737 85.8137 60.393 8.06005
internal_count=989 531 458 414 487 44
is_linear=0
shrinkage=0.03


Tree=8
num_leaves=7
num_cat=0
split_feature=25 4 3 2 25 23
split_gain=87.5401 17.1967 16.8751 12.65 7.38379 5.37041
threshold=0.68316900000000003 1.0000000180025095e-35 1.5000000000000002 0.32575750000000009 0.62835750000000012 0.71218550000000014
decision_type=2 10 10 10 2 10
left_child=1 4 3 -2 -1 -3
right_child=2 5 -4 -5 -6 -7
leaf_value=-0.040488291129764625 0.019069481540823427 0.026227566810919256 0.042732688730964412 -0.0050660753139497748 -0.014887633861090309 -0.011111625367032514
leaf_weight=34.790007460862398 49.581980172544718 4.938869133591651 17.58419331908226 26.823150560259819 27.774753827601671 2.5139054358005524
leaf_count=288 312 12 39 113 205 13
internal_value=-0.000658803 -0.0256276 0.0178498 0.0103473 -0.030782 0.0111883
internal_weight=164.007 70.0175 93.9893 76.4051 62.5648 7.45277
internal_count=982 518 464 425 493 25
is_linear=0
shrinkage=0.03


Tree=9
num_leaves=7
num_cat=0
split_feature=24 25 4 2 23 19
split_gain=81.9322 33.0287 20.6367 8.91795 4.46204 3.24
threshold=0.97851850000000018 0.61878350000000004 1.0000000180025095e-35 0.47222200000000009 0.81133400000000011 0.11496250000000001
decision_type=2 2 10 10 10 10
left_child=2 5 3 -1 -3 -2
right_child=1 4 -4 -5 -6 -7
leaf_value=-0.017027683790532863 -0.032858205981302464 0.028369561644091736 0.020619969166933202 -0.043838063799493052 0 0
leaf_weight=45.084435451775789 7.6915859766304475 71.056595679372549 6.0423315316438666 22.009735450148582 5.3222173154354087 1.435466021299362
leaf_count=397 69 324 17 129 21 5
internal_value=0 0.0197403 -0.0227052 -0.0277505 0.0264628 -0.0266723
internal_weight=158.642 85.5059 73.1365 67.0942 76.3788 9.12705
internal_count=962 419 543 526 345 74
is_linear=0
shrinkage=0.03


Tree=10
num_leaves=7
num_cat=0
split_feature=25 24 25 24 22 2
split_gain=81.6469 23.401 19.0414 18.7485 8.0664 6.34967
threshold=0.71548950000000011 0.97334950000000009 0.62835750000000012 0.97683400000000009 0.13270100000000004 0.38750000000000007
decision_type=2 2 2 2 10 8
left_child=1 4 -3 5 -1 -2
right_child=3 2 -4 -5 -6 -7
leaf_value=-0.038308900730147914 0.012097444618368002 -0.029141282676454001 0.0094553751369709348 0.029730897932595108 0.0023010883391481381 -0.018035583428929271
leaf_weight=39.33565491810441 8.6750789880752581 14.200344137847422 30.722975835204124 60.196273129433393 3.0179302692413321 9.8342803791165334
leaf_count=340 29 115 169 252 11 86
internal_value=0 -0.0194996 -0.00317959 0.0218914 -0.0347929 -0.00280041
internal_weight=165.983 87.2769 44.9233 78.7056 42.3536 18.5094
internal_count=1002 635 284 367 351 115
is_linear=0
shrinkage=0.03


Tree=11
num_leaves=7
num_cat=0
split_feature=25 25 24 24 21 20
split_gain=85.9692 20.7539 20.7151 16.3227 7.98824 2.97524
threshold=0.71720200000000012 0.60031250000000014 0.97151950000000009 0.97851850000000018 0.14425450000000004 0.25015000000000004
decision_type=2 2 2 2 8 10
left_child=1 -1 -3 4 -2 -5
right_child=3 2 -4 5 -6 -7
leaf_value=-0.041572433419514096 -0.019031175908211826 -0.028097300579976937 0.0051779017941753604 0.034156983981383629 0.014921135669807314 0.003987141569486697
leaf_weight=24.74798009544611 8.2949518859386462 25.620490625500679 36.359184712171555 48.698631785809994 10.917258121073244 6.4847014844417563
leaf_count=211 42 202 208 208 75 23
internal_value=0.000258828 -0.0195471 -0.00877752 0.0235981 0 0.0315157
internal_weight=161.123 86.7277 61.9797 74.3955 19.2122 55.1833
internal_count=969 621 410 348 117 231
is_linear=0
shrinkage=0.03


Tree=12
num_leaves=7
num_cat=0
split_feature=25 23 23 4 2 4
split_gain=65.9929 19.8866 25.2171 16.4811 9.15735 5.79385
threshold=0.70586950000000004 0.00089200000000000011 0.73287700000000011 1.0000000180025095e-35 0.32575750000000009 1.0000000180025095e-35
decision_type=2 10 10 8 10 8
left_child=1 5 -3 4 -2 -1
right_child=3 2 -4 -5 -6 -7
leaf_value=-0.040077171131106044 0.016509396788333394 0.025073205661553754 -0.023711662688103551 0.03058025251025949 -0.010939974135029099 -0.013829988951643142
leaf_weight=25.957334041595459 19.27805732190609 15.657097890973089 16.504630789160728 45.744409646838903 17.711410239338875 22.910715118050575
leaf_count=151 63 48 87 258 79 306
internal_value=0.000349383 -0.0183693 0 0.0190337 0.00278111 -0.0298618
internal_weight=163.764 81.0298 32.1617 82.7339 36.9895 48.868
internal_count=992 592 135 400 142 457
is_linear=0
shrinkage=0.03


Tree=13
num_leaves=7
num_cat=0
split_feature=25 5 4 2 4 15
split_gain=68.888 18.6741 13.655 10.0223 9.90555 3.12978
threshold=0.70063150000000007 1.5000000000000002 1.0000000180025095e-35 0.32575750000000009 1.0000000180025095e-35 0.27208550000000004
decision_type=2 10 8 10 8 8
left_child=1 4 3 -2 -1 -4
right_child=2 -3 5 -5 -6 -7
leaf_value=-0.033468697955922944 0.017426933931249125 0.022407184790904838 0.037462101184297679 -0.0099371957773164744 -0.0081201407370242208 0.014864218352431513
leaf_weight=43.731354802846909 21.581214100122452 5.4604589790105811 23.916779071092606 19.63514518737793 28.411353763192892 22.826478958129883
leaf_count=244 70 15 59 87 319 210
internal_value=0 -0.0202167 0.0178727 0.00392265 -0.0246079 0.0285918
internal_weight=165.563 77.6032 87.9596 41.2164 72.1427 46.7433
internal_count=1004 578 426 157 563 269
is_linear=0
shrinkage=0.03


Tree=14
num_leaves=7
num_cat=0
split_feature=24 21 3 18 24 2
split_gain=72.8621 37.7437 9.56059 11.1454 2.46944 2.3838
threshold=0.97851850000000018 0.052490000000000002 1.5000000000000002 0.074024500000000007 0.95943100000000014 0.47222200000000009
decision_type=2 10 10 8 2 10
left_child=1 5 3 -2 -3 -1
right_child=2 4 -4 -5 -6 -7
leaf_value=-0.020379180515750699 -0.001995740059367858 0 0.039494677650451303 0.021320693583881799 0.027555093395900874 -0.04058264834621849
leaf_weight=38.945417415350676 24.641584500670433 1.29491627216339 16.953729808330536 48.243786681443453 10.630848318338392 21.73723766207695
leaf_count=376 102 6 39 290 29 131
internal_value=0.00172276 -0.019977 0.0196626 0.0132751 0.0233347 -0.0296582
internal_weight=162.448 72.6084 89.8391 72.8854 11.9258 60.6827
internal_count=973 542 431 392 35 507
is_linear=0
shrinkage=0.03


Tree=15
num_leaves=7
num_cat=0
split_feature=25 5 21 16 7 16
split_gain=68.7944 17.0416 12.5476 9.94014 9.77689 3.45732
threshold=0.68106350000000015 1.5000000000000002 1.0000000180025095e-35 0.014880000000000003 8.1421350000000015 0.43112550000000005
decision_type=2 10 8 10 10 10
left_child=1 4 3 -2 -1 -4
right_child=2 -3 5 -5 -6 -7
leaf_value=-0.030046981742472958 0.021170236463128662 0.020012650232709508 0.025553037365291575 -0.012775668317848227 0.0086893777695208375 0
leaf_weight=55.32685736566782 9.458919361233713 4.985556185245513 64.943391814827919 17.600101724267006 3.9326296895742408 3.6678278595209113
leaf_count=464 28 14 352 81 13 15
internal_value=0.00133105 -0.0218974 0.0174251 0 -0.0266996 0.0240013
internal_weight=159.915 64.245 95.6702 27.059 59.2595 68.6112
internal_count=967 491 476 109 477 367
is_linear=0
shrinkage=0.03


Tree=16
num_leaves=7
num_cat=0
split_feature=24 15 22 23 24 24
split_gain=55.5002 22.8895 11.8057 10.6784 8.52015 2.82269
threshold=0.97266400000000008 1.0000000180025095e-35 0.12851350000000003 0.76460150000000004 0.99186800000000008 0.96567650000000016
decision_type=2 8 10 10 2 2
left_child=2 4 5 -3 -2 -1
right_child=1 3 -4 -5 -6 -7
leaf_value=-0.035915006921713358 -0.027689159518205657 0.021902866978568747 0.006272084313197689 -0.0099413799550389335 0.0095830471270392046 -0.01291800939657385
leaf_weight=31.008844528347254 13.036001756787302 79.011992283165455 7.1843006014823905 7.6040923446416846 5.0751028656959525 17.08236300572753
leaf_count=275 72 436 26 35 17 132
internal_value=-0.000568924 0.012014 -0.0243151 0.0185333 -0.0159461 -0.0295717
internal_weight=160.003 104.727 55.2755 86.6161 18.1111 48.0912
internal_count=993 560 433 471 89 407
is_linear=0
shrinkage=0.03


Tree=17
num_leaves=6
num_cat=0
split_feature=25 5 3 2 25
split_gain=58.99 22.4113 10.7392 9.33446 8.36068
threshold=0.71548950000000011 1.5000000000000002 1.0000000180025095e-35 0.32575750000000009 0.60031250000000014
decision_type=2 10 10 10 2
left_child=1 4 3 -2 -1
right_child=2 -3 -4 -5 -6
leaf_value=-0.037635682779959774 0.017715820754311565 0.023989817010499723 0.036147434553441306 -0.0068047242282175844 -0.013652211012824794
leaf_weight=23.804590780287981 38.62586934119463 7.3748186975717536 20.564034223556519 16.922281205654144 51.402883283793926
leaf_count=219 248 20 51 73 378
internal_value=-0.000117435 -0.0175578 0.0183745 0.00976753 -0.0227795
internal_weight=158.694 82.5823 76.1122 55.5482 75.2075
internal_count=989 617 372 321 597
is_linear=0
shrinkage=0.03


Tree=18
num_leaves=7
num_cat=0
split_feature=24 22 20 7 19 24
split_gain=60.3531 20.6493 13.7997 5.80478 4.82843 1.21139
threshold=0.9785695000000002 0.12851350000000003 1.0000000180025095e-35 8.1421350000000015 0.57113900000000017 0.99163200000000018
decision_type=2 10 8 10 10 2
left_child=1 3 5 -1 -4 -2
right_child=2 -3 4 -5 -6 -7
leaf_value=-0.028845804718147235 -0.024653287735132496 0.012456772603908567 0.021808176404619635 0.0021261313514855701 -0.0062868169193260144 0
leaf_weight=58.646138090640306 4.0521787106990805 11.966659381985663 76.515329089015722 3.5925154387950888 2.9184506833553305 1.7163238525390623
leaf_count=507 25 41 387 13 14 7
internal_value=-0.000112719 -0.019659 0.0166603 -0.0265826 0.0202208 -0.0190914
internal_weight=159.408 74.2053 85.2023 62.2387 79.4338 5.7685
internal_count=994 561 433 520 401 32
is_linear=0
shrinkage=0.03


Tree=19
num_leaves=7
num_cat=0
split_feature=24 21 19 3 15 23
split_gain=48.6605 28.823 19.032 5.30064 4.41271 3.28186
threshold=0.97851850000000018 0.10762700000000001 1.0000000180025095e-35 1.5000000000000002 0.32105100000000003 0.016871000000000004
decision_type=2 10 8 10 10 10
left_child=1 4 -2 -4 -1 -3
right_child=2 5 3 -5 -6 -7
leaf_value=-0.028193810616589442 -0.024423592671318883 -0.0017072950184030338 0.014513738537878242 0.036756714917555521 -0.00065866770137870071 0.029126177686569898
leaf_weight=52.281719770282507 6.3870079070329657 1.4426034241914738 63.576266698539257 15.450655698776243 8.447545573115347 8.968446880578993
leaf_count=472 38 7 355 37 40 23
internal_value=0.000815142 -0.0169291 0.0160064 0.0204135 -0.0250457 0.0231906
internal_weight=156.554 71.1403 85.4139 79.0269 60.7293 10.4111
internal_count=972 542 430 392 512 30
is_linear=0
shrinkage=0.03


Tree=20
num_leaves=6
num_cat=0
split_feature=25 3 2 5 25
split_gain=65.5558 11.7887 11.2375 11.1455 9.50542
threshold=0.69844400000000018 1.0000000180025095e-35 0.32575750000000009 1.5000000000000002 0.62835750000000012
decision_type=2 10 10 10 2
left_child=3 2 -2 4 -1
right_child=1 -3 -4 -5 -6
leaf_value=-0.035098682126095702 0.018456772615658954 0.036585960867492578 -0.0072194196171325503 0.014695798210963729 -0.010119284473023613
leaf_weight=32.029140364378691 42.062857996672392 21.68927264213562 19.228745013475418 4.669143170118331 35.596746060997248
leaf_count=288 273 54 84 14 251
internal_value=0.000234863 0.0183124 0.00997387 -0.0200192 -0.0233632
internal_weight=155.276 82.9809 61.2916 72.295 67.6259
internal_count=964 411 357 553 539
is_linear=0
shrinkage=0.03


Tree=21
num_leaves=6
num_cat=0
split_feature=24 19 22 19 4
split_gain=49.8136 15.5839 12.7645 11.1336 2.66885
threshold=0.97266400000000008 0.00032450000000000008 0.13270100000000004 0.24434850000000002 1.0000000180025095e-35
decision_type=2 8 10 8 10
left_child=2 -2 4 -3 -1
right_child=1 3 -4 -5 -6
leaf_value=-0.031310117797155965 -0.024540027554857031 0.02452289968099387 0.0098921035505595417 0.0034634049650262653 0
leaf_weight=41.072444282472134 6.5988311171531668 50.724230855703354 5.8704615086317053 47.516571547836065 1.5664495080709446
leaf_count=375 40 156 20 364 6
internal_value=0 0.0116551 -0.0242069 0.0150377 -0.0299006
internal_weight=153.349 104.84 48.5094 98.2408 42.6389
internal_count=961 560 401 520 381
is_linear=0
shrinkage=0.03


Tree=22
num_leaves=7
num_cat=0
split_feature=24 21 25 25 22 4
split_gain=55.696 33.205 21.979 3.47048 2.97507 2.32578
threshold=0.97851850000000018 0.052490000000000002 0.61878350000000004 0.68428500000000014 0.0022595000000000007 1.0000000180025095e-35
decision_type=2 10 2 2 10 8
left_child=1 5 4 -4 -2 -1
right_child=2 -3 3 -5 -6 -7
leaf_value=-0.034735998739958078 -0.028496037247091564 0.019918183833668425 0.0036521825028039243 0.024625805275719892 0.0016045172245936043 -0.014275418552503361
leaf_weight=36.729809865355492 7.3947607725858671 12.707066148519514 13.185976978391407 63.130736581981182 1.2566921710968015 20.287728440016508
leaf_count=224 67 39 75 278 4 282
internal_value=0 -0.0192458 0.0162361 0.0216554 -0.0222616 -0.0290331
internal_weight=154.693 69.7246 84.9682 76.3167 8.65145 57.0175
internal_count=969 545 424 353 71 506
is_linear=0
shrinkage=0.03


Tree=23
num_leaves=6
num_cat=0
split_feature=25 5 3 2 3
split_gain=44.9654 15.7094 15.4145 11.9522 6.49912
threshold=0.69210750000000021 1.5000000000000002 1.0000000180025095e-35 0.32575750000000009 2.5000000000000004
decision_type=2 10 10 10 10
left_child=1 4 3 -2 -1
right_child=2 -3 -4 -5 -6
leaf_value=-0.02364734897567872 0.014838948641546706 0.020166697515233051 0.034415265166299246 -0.011158056713986574 0.012807399575051401
leaf_weight=64.898257039487362 41.012174617499113 5.9983527213335028 22.317800745368004 21.070485055446625 1.788921833038329
leaf_count=542 276 17 58 96 4
internal_value=-0.000106066 -0.0172135 0.0143687 0.00544714 -0.0217297
internal_weight=157.086 72.6855 84.4005 62.0827 66.6872
internal_count=993 563 430 372 546
is_linear=0
shrinkage=0.03


Tree=24
num_leaves=7
num_cat=0
split_feature=4 2 2 23 19 19
split_gain=28.7458 26.9002 19.5146 15.4494 1.60583 1.06424
threshold=1.0000000180025095e-35 0.47222200000000009 1.0000000180025095e-35 0.73287700000000011 0.26617150000000006 0.38322950000000006
decision_type=10 10 10 10 10 10
left_child=1 2 -1 -2 -5 -3
right_child=3 5 -4 4 -6 -7
leaf_value=-0.0038412611605601601 0.035960421363870766 -0.014756616145577084 0.027594346498631062 0 -0.02203233888849726 -0.034395283892309995
leaf_weight=65.793001800775528 24.474031627178196 23.117571860551834 20.60617583990097 2.737572342157363 2.3561535179615021 15.053407460451124
leaf_count=608 63 116 62 10 14 96
internal_value=0.00115878 -0.00508907 0.00399495 0.0264464 -0.0119446 -0.0251721
internal_weight=154.138 124.57 86.3992 29.5678 5.09373 38.171
internal_count=969 882 670 87 24 212
is_linear=0
shrinkage=0.03


Tree=25
num_leaves=6
num_cat=0
split_feature=24 19 2 24 20
split_gain=52.9951 21.2072 12.8044 11.528 3.61574
threshold=0.9785695000000002 0.00032450000000000008 0.47222200000000009 0.96567650000000016 0.25015000000000004
decision_type=2 8 10 2 10
left_child=2 -2 3 -1 -3
right_child=1 4 -4 -5 -6
leaf_value=-0.024385859739641469 -0.028306712288386691 0.023163721420054361 -0.038328994258251675 0.0026062586731266926 0.00058248293687084745
leaf_weight=21.381483964622021 5.7539486289024344 66.021826516836882 19.575727120041847 28.969773638993502 10.251123860478399
leaf_count=217 37 347 129 210 39
internal_value=0 0.0159799 -0.0188757 -0.00902026 0.0206441
internal_weight=151.954 82.0269 69.927 50.3513 76.273
internal_count=979 423 556 427 386
is_linear=0
shrinkage=0.03


Tree=26
num_leaves=7
num_cat=0
split_feature=24 21 19 19 24 20
split_gain=42.105 28.5636 15.7985 7.53053 2.78239 1.1385
threshold=0.97851850000000018 0.10762700000000001 0.0041160000000000007 0.5558725000000001 0.96567650000000016 0.062783000000000019
decision_type=2 10 8 10 2 10
left_child=1 4 -2 -4 -1 -3
right_child=2 5 3 -5 -6 -7
leaf_value=-0.033378932062017051 -0.023408387141201227 0 0.020324712493924969 -0.017402448472462081 -0.014574712954298286 0.024588523312978009
leaf_weight=30.346989497542381 6.0077479332685462 3.103971153497695 70.736058689653873 2.0069195032119742 29.813051719218493 8.8752408325672132
leaf_count=282 37 12 375 12 243 24
internal_value=-0.00076036 -0.0171373 0.0139531 0.0182397 -0.0256701 0.0202708
internal_weight=150.89 72.1393 78.7507 72.743 60.16 11.9792
internal_count=985 561 424 387 525 36
is_linear=0
shrinkage=0.03


Tree=27
num_leaves=5
num_cat=0
split_feature=3 20 22 22
split_gain=35.6138 13.759 8.35659 2.44263
threshold=1.5000000000000002 0.24224200000000004 0.032279000000000009 0.16110350000000004
decision_type=10 10 10 10
left_child=1 2 -1 -3
right_child=-2 3 -4 -5
leaf_value=-0.0045997488279000392 0.035958979270067817 -0.023021781106879406 0.016013347079963939 0
leaf_weight=76.631348475813866 17.670915305614471 34.650319471955299 19.759350419044495 3.9215988665819159
leaf_count=655 45 196 67 15
internal_value=-0.000563455 -0.0062408 0 -0.020667
internal_weight=152.634 134.963 96.3907 38.5719
internal_count=978 933 722 211
is_linear=0
shrinkage=0.03


Tree=28
num_leaves=7
num_cat=0
split_feature=25 24 23 23 3 24
split_gain=40.9055 18.6222 10.7676 11.8858 7.5368 5.34124
threshold=0.68106350000000015 0.95943100000000014 0.0072370000000000012 0.73287700000000011 1.5000000000000002 0.9928570000000001
decision_type=2 2 10 10 8 2
left_child=2 -2 5 -4 -3 -1
right_child=1 4 3 -5 -6 -7
leaf_value=-0.028800378166632376 -0.025459737201061237 0.0080208591011005619 0.017870194495187376 -0.020987958483772457 0.027427386033319383 0.0066683317041993147
leaf_weight=38.01096773520112 6.9452625401318064 49.309901714324951 12.018734082579615 10.39642223715782 38.113971132785082 1.6442247927188862
leaf_count=392 62 181 40 64 248 8
internal_value=0.000822113 0.0132898 -0.017411 0 0.0174425 -0.0262609
internal_weight=156.439 94.3691 62.0703 22.4152 87.4239 39.6552
internal_count=995 491 504 104 429 400
is_linear=0
shrinkage=0.03


Tree=29
num_leaves=7
num_cat=0
split_feature=25 24 25 15 3 2
split_gain=41.8267 22.1747 14.1089 5.47936 5.38445 4.21437
threshold=0.73728700000000014 0.97334950000000009 0.60785100000000003 0.32105100000000003 1.0000000180025095e-35 0.32575750000000009
decision_type=2 2 2 10 8 10
left_child=1 3 -3 -1 5 -2
right_child=4 2 -4 -5 -6 -7
leaf_value=-0.033807913989258143 0.016304065973571688 -0.025988899576253787 0.0097629073271983755 -0.00078801978435888355 0.027029345276437154 -0.0038424801793864993
leaf_weight=32.094165790826082 15.829180195927622 10.121208589524029 37.351061254739761 7.5366681963205329 32.314223129302263 13.095216229557989
leaf_count=327 50 92 205 38 191 57
internal_value=0 -0.0130054 0.000454465 -0.0287295 0.0186752 0.00673925
internal_weight=148.342 87.1031 47.4723 39.6308 61.2386 28.9244
internal_count=960 662 297 365 298 107
is_linear=0
shrinkage=0.03


Tree=30
num_leaves=7
num_cat=0
split_feature=24 25 21 16 15 20
split_gain=41.6715 23.8221 14.9087 5.11077 4.55394 2.45221
threshold=0.97683400000000009 0.62835750000000012 0.10762700000000001 0.47545650000000006 0.34436500000000003 0.062783000000000019
decision_type=2 2 10 10 8 10
left_child=2 -2 4 -3 -1 -4
right_child=1 3 5 -5 -6 -7
leaf_value=-0.032321710351895579 -0.023579716980448605 0.020370397014424606 -0.002364562489717603 -0.0071917172153903768 -0.010320760911252809 0.022091158173244318
leaf_weight=30.686892971396446 10.883500546216963 76.349431164562702 2.170080915093421 3.4233241677284232 23.407934173941612 5.7194698750972748
leaf_count=198 96 369 10 16 290 15
internal_value=0 0.0126293 -0.0186348 0.0186074 -0.0243694 0.0138112
internal_weight=152.641 90.6563 61.9844 79.7728 54.0948 7.88955
internal_count=994 481 513 385 488 25
is_linear=0
shrinkage=0.03


Tree=31
num_leaves=7
num_cat=0
split_feature=25 4 15 23 4 4
split_gain=41.3577 7.39759 6.98695 6.53598 7.95226 1.38098
threshold=0.68106350000000015 1.0000000180025095e-35 0.32105100000000003 0.73287700000000011 1.0000000180025095e-35 1.0000000180025095e-35
decision_type=2 10 10 10 10 10
left_child=1 2 -1 4 -2 -5
right_child=3 -3 -4 5 -6 -7
leaf_value=-0.024495957970139412 0.010010101303083815 0.0084756709189214453 0.0034830486357500419 0.0012563631878645665 0.032986429002960872 -0.01418430349519095
leaf_weight=48.66640493273735 60.960028156638145 5.8284008353948584 6.5540344864130011 9.6234406083822233 20.161320969462395 3.8872064650058737
leaf_count=448 381 20 30 40 55 19
internal_value=0.00141738 -0.0171356 -0.0206515 0.0138523 0.0170498 -0.00313922
internal_weight=155.681 61.0488 55.2204 94.632 81.1213 13.5106
internal_count=993 498 478 495 436 59
is_linear=0
shrinkage=0.03


Tree=32
num_leaves=5
num_cat=0
split_feature=25 24 19 21
split_gain=32.696 24.182 11.1472 7.42133
threshold=0.59205150000000006 0.96567650000000016 0.57113900000000017 0.12386950000000001
decision_type=2 2 10 10
left_child=-1 3 -3 -2
right_child=1 2 -4 -5
leaf_value=-0.034310854777153461 -0.027759483877316023 0.014269907256982604 -0.018453968717241438 0.011760254565201512
leaf_weight=19.243545360863209 19.4320542216301 96.8495087698102 7.004424273967742 2.3308868557214728
leaf_count=199 186 538 40 6
internal_value=-0.000561224 0.00505542 0.0113259 -0.0214033
internal_weight=144.86 125.617 103.854 21.7629
internal_count=969 770 578 192
is_linear=0
shrinkage=0.03


Tree=33
num_leaves=7
num_cat=0
split_feature=25 20 17 7 19 5
split_gain=35.1619 19.1663 7.75913 3.94334 3.63709 3.39306
threshold=0.62835750000000012 0.28273050000000005 0.41322550000000008 8.1421350000000015 0.14007500000000003 1.5000000000000002
decision_type=2 10 8 10 10 10
left_child=3 2 -2 5 -3 -1
right_child=1 4 -4 -5 -6 -7
leaf_value=-0.03091602281812101 0.02177423380286516 0.00096627031159992563 0.0032690411532310007 0.0045197519318599397 -0.019647541340071996 0.00065373304017290904
leaf_weight=26.948635477572687 58.393417730927467 7.7815531492233303 38.716855552047491 1.0814362466335286 17.339677438139915 1.2429380416870106
leaf_count=278 191 31 380 3 97 4
internal_value=0.00154876 0.00889522 0.0150151 -0.0261727 -0.0127735 -0.0286333
internal_weight=151.505 122.232 97.1103 29.273 25.1212 28.1916
internal_count=984 699 571 285 128 282
is_linear=0
shrinkage=0.03


Tree=34
num_leaves=6
num_cat=0
split_feature=24 19 19 21 24
split_gain=24.9261 13.218 13.578 6.11344 0.973036
threshold=0.96567650000000016 0.0041160000000000007 0.57113900000000017 0.12386950000000001 0.90790150000000014
decision_type=2 8 10 10 2
left_child=3 -2 -3 4 -1
right_child=1 2 -4 -5 -6
leaf_value=0 -0.026673052850644537 0.011281303427268028 -0.025290852834335527 0.0053489103543269247 -0.0304232953033064
leaf_weight=1.3619212880730689 7.6089275628328314 100.02958361431956 6.7658853381872168 2.8121063709259024 25.231192801147699
leaf_count=10 50 594 43 9 258
internal_value=-0.00136954 0.00487501 0.00806336 -0.0247926 -0.0292128
internal_weight=143.81 114.404 106.795 29.4052 26.5931
internal_count=964 687 637 277 268
is_linear=0
shrinkage=0.03


Tree=35
num_leaves=7
num_cat=0
split_feature=24 25 19 19 25 25
split_gain=34.3776 27.3143 10.2243 3.3446 1.15961 0.324677
threshold=0.96567650000000016 0.58515400000000006 0.58259800000000006 0.20602100000000004 0.78477400000000008 0.65480800000000017
decision_type=2 2 10 8 2 2
left_child=3 -2 -3 5 -5 -1
right_child=1 2 -4 4 -6 -7
leaf_value=0.0017618828572600631 -0.031738460679889509 0.015326831076082976 -0.016381744774536192 -0.03257265552811682 0 -0.0067586593331577178
leaf_weight=2.7047457247972515 10.879393018782137 100.11383160576224 6.7101385444402686 23.361230406910185 1.2267590835690487 3.0100795924663544
leaf_count=14 113 549 39 259 11 16
internal_value=0 0.00762886 0.0126688 -0.0267975 -0.0312405 -6.52895e-05
internal_weight=148.006 117.703 106.824 30.3028 24.588 5.71483
internal_count=1001 701 588 300 270 30
is_linear=0
shrinkage=0.03


Tree=36
num_leaves=7
num_cat=0
split_feature=25 25 19 2 3 19
split_gain=28.4524 13.0609 9.28828 3.55918 2.03904 0.295388
threshold=0.73728700000000014 0.58515400000000006 0.24434850000000002 0.32575750000000009 1.0000000180025095e-35 0.0083935000000000017
decision_type=2 2 10 10 10 8
left_child=1 -1 -3 5 -5 -2
right_child=3 2 -4 4 -6 -7
leaf_value=-0.03036525780807502 0 0.0048872647152699384 -0.016578683200321003 -0.0015354415976191753 0.016780653718587474 0.02293083445886809
leaf_weight=16.808900564908981 1.6136481910943974 48.887674253433943 24.25898689031601 13.068355292081835 4.121955767273902 39.628742210566998
leaf_count=178 6 363 136 56 12 221
internal_value=0.00168392 -0.00860445 -0.00221059 0.0176577 0.00321139 0.0223749
internal_weight=148.388 89.9556 73.1467 58.4327 17.1903 41.2424
internal_count=972 677 499 295 68 227
is_linear=0
shrinkage=0.03


Tree=37
num_leaves=7
num_cat=0
split_feature=25 24 4 18 22 18
split_gain=26.2994 14.7507 8.4734 7.06374 3.97809 1.6868
threshold=0.68106350000000015 0.95943100000000014 1.0000000180025095e-35 0.10815050000000002 0.059618000000000004 0.12806200000000004
decision_type=2 2 10 10 8 10
left_child=2 -2 3 -1 -3 -4
right_child=1 4 5 -5 -6 -7
leaf_value=-0.026278402456715162 -0.024522673886648045 0.0059552859268979632 0.01980009458857367 -0.0016603430922049803 0.021381967463350714 -0.00012894470699434464
leaf_weight=32.647118151187897 6.0845803320407859 36.382284983992577 4.2606092989444724 19.360244572162628 44.623743135482073 2.3631336092948914
leaf_count=358 58 139 11 105 281 11
internal_value=0.000936232 0.0114334 -0.0139671 -0.0182498 0.0152706 0.011749
internal_weight=145.722 87.0906 58.6311 52.0074 81.006 6.62374
internal_count=963 478 485 463 420 22
is_linear=0
shrinkage=0.03


Tree=38
num_leaves=5
num_cat=0
split_feature=3 24 23 22
split_gain=32.5589 17.0328 15.4617 4.81418
threshold=1.5000000000000002 0.96567650000000016 0.0063255000000000013 0.13270100000000004
decision_type=10 2 8 10
left_child=1 3 -3 -1
right_child=-2 2 -4 -5
leaf_value=-0.030830506356644354 0.033787641394859895 -0.018794028672125027 0.0064319464668369589 0.00050642599346263314
leaf_weight=24.438714463263754 17.24155792593956 27.848766289651394 71.223032098263502 2.9463032931089392
leaf_count=259 48 153 510 12
internal_value=-0.00137287 -0.00707041 -0.00070905 -0.0267546
internal_weight=143.698 126.457 99.0718 27.385
internal_count=982 934 663 271
is_linear=0
shrinkage=0.03


Tree=39
num_leaves=7
num_cat=0
split_feature=25 25 19 3 22 22
split_gain=25.2442 10.3083 14.5402 5.21718 4.61436 1.57761
threshold=0.71548950000000011 0.59205150000000006 0.20602100000000004 1.5000000000000002 0.017530500000000004 0.13270100000000004
decision_type=2 2 8 10 8 10
left_child=1 5 -3 4 -2 -1
right_child=3 2 -4 -5 -6 -7
leaf_value=-0.02996795603614201 -0.0049460280703523809 0.013848016906237003 -0.015114099003494603 0.030465218264449447 0.013059172730554536 0
leaf_weight=18.460524819791321 13.185142949223517 22.597829982638359 35.645231131464243 12.40591838955879 42.129616938531399 1.0065763443708409
leaf_count=197 58 85 327 36 266 5
internal_value=0.000577399 -0.0106919 -0.00325929 0.0138382 0.00821924 -0.0281895
internal_weight=145.431 77.7102 58.2431 67.7207 55.3148 19.4671
internal_count=974 614 412 360 324 202
is_linear=0
shrinkage=0.03


Tree=40
num_leaves=6
num_cat=0
split_feature=25 24 19 4 24
split_gain=28.0216 23.7334 8.83074 5.06016 3.32471
threshold=0.59205150000000006 0.96567650000000016 0.57113900000000017 2.5000000000000004 0.92814050000000015
decision_type=2 2 10 10 2
left_child=4 3 -3 -2 -1
right_child=1 2 -4 -5 -6
leaf_value=0 -0.024048165368900257 0.015015610069528406 -0.016691322934981837 0.0092838833087850164 -0.033435884622876326
leaf_weight=1.0914733186364198 20.57072684168816 98.816026017069817 5.246353641152381 1.8739746510982502 17.508248165249825
leaf_count=9 209 542 31 5 198
internal_value=0.00103579 0.00648307 0.012714 -0.0193197 -0.0303798
internal_weight=145.107 126.507 104.062 22.4447 18.5997
internal_count=994 787 573 214 207
is_linear=0
shrinkage=0.03


Tree=41
num_leaves=5
num_cat=0
split_feature=25 19 23 22
split_gain=24.1138 17.2677 8.41685 2.30933
threshold=0.60031250000000014 0.57113900000000017 0.81133400000000011 0.086371000000000017
decision_type=2 10 10 8
left_child=-1 2 -2 -3
right_child=1 3 -4 -5
leaf_value=-0.028845211390725965 0.012627778802642955 -0.030618629168196007 -0.0098831334274896415 0
leaf_weight=17.984375223517418 101.58590607345104 8.9653251543641055 13.64287808537483 1.4535724967718131
leaf_count=208 623 64 70 6
internal_value=0.00075502 0.00579885 0.00952563 -0.0260972
internal_weight=143.632 125.648 115.229 10.4189
internal_count=971 763 693 70
is_linear=0
shrinkage=0.03


Tree=42
num_leaves=7
num_cat=0
split_feature=24 21 25 25 24 20
split_gain=28.9988 16.0418 12.0361 4.80195 2.92038 2.13529
threshold=0.98260900000000007 0.10762700000000001 0.65028050000000015 0.77492600000000011 0.98312600000000006 0.25015000000000004
decision_type=2 10 2 2 2 10
left_child=1 3 4 -1 -2 -4
right_child=2 -3 5 -5 -6 -7
leaf_value=-0.022615394035259011 0.007053700567131083 0.015323048167315943 0.020316967142217781 0 -0.020651346427706163 0
leaf_weight=57.437572054564953 1.2412749379873265 10.910635083913801 48.786482226103544 8.0873466506600362 8.2318332977592927 6.6117551922798148
leaf_count=532 4 35 252 57 76 25
internal_value=-0.0014748 -0.0139317 0.0127278 -0.0196984 -0.0137925 0.018252
internal_weight=141.307 76.4356 64.8713 65.5249 9.47311 55.3982
internal_count=981 624 357 589 80 277
is_linear=0
shrinkage=0.03


Tree=43
num_leaves=5
num_cat=0
split_feature=3 25 5 18
split_gain=24.7853 14.3999 9.19825 3.46585
threshold=1.5000000000000002 0.71548950000000011 1.5000000000000002 0.29332350000000001
decision_type=10 2 10 8
left_child=1 2 -1 -3
right_child=-2 3 -4 -5
leaf_value=-0.017424594804394903 0.031957203428890212 -0.001471211881203768 0.015099584858878412 0.012219260278434042
leaf_weight=65.359090965241194 15.519417107105253 25.215081661939621 5.5320098400115958 30.503251127898693
leaf_count=589 46 102 17 225
internal_value=-0.000293507 -0.00512636 -0.0139706 0.00575416
internal_weight=142.129 126.609 70.8911 55.7183
internal_count=979 933 606 327
is_linear=0
shrinkage=0.03


Tree=44
num_leaves=7
num_cat=0
split_feature=24 21 15 23 24 15
split_gain=22.0116 9.03803 7.91263 4.72824 2.71136 2.41209
threshold=0.97334950000000009 0.14425450000000004 1.0000000180025095e-35 0.73287700000000011 0.99186800000000008 0.34436500000000003
decision_type=2 10 8 8 2 10
left_child=1 5 4 -4 -2 -1
right_child=2 -3 3 -5 -6 -7
leaf_value=-0.025419695596379799 -0.016724310985407512 0.0091899575539997943 0.017417200566214784 0.0015819393950140012 0.0044780433456392396 0
leaf_weight=35.317877117544413 12.054136432707311 6.5361463129520407 43.514157772064209 34.916352845728397 3.9630120918154708 5.249906286597251
leaf_count=380 74 22 148 317 15 29
internal_value=-0.0011405 -0.0174517 0.00697337 0.0110539 -0.010022 -0.02277
internal_weight=141.552 47.1039 94.4477 78.4305 16.0171 40.5678
internal_count=985 431 554 465 89 409
is_linear=0
shrinkage=0.03


Tree=45
num_leaves=5
num_cat=0
split_feature=3 2 2 24
split_gain=27.1167 16.1663 11.4994 10.4679
threshold=1.5000000000000002 0.47222200000000009 1.0000000180025095e-35 0.98590300000000008
decision_type=10 10 10 2
left_child=1 2 -1 -3
right_child=-2 3 -4 -5
leaf_value=-0.0041027540839290331 0.03237559963770046 -0.032414780579447647 0.020077595906548437 0
leaf_weight=69.888843916356564 16.978060990571976 22.924165241420269 20.117216065526009 13.078090175986288
leaf_count=665 51 160 68 59
internal_value=0 -0.00518212 0.00145252 -0.0213739
internal_weight=142.986 126.008 90.0061 36.0023
internal_count=1003 952 733 219
is_linear=0
shrinkage=0.03


Tree=46
num_leaves=5
num_cat=0
split_feature=3 2 2 9
split_gain=21.3647 10.1298 10.35 9.31931
threshold=1.5000000000000002 0.47222200000000009 1.0000000180025095e-35 7.9813810000000007
decision_type=10 10 10 8
left_child=1 2 -1 -3
right_child=-2 3 -4 -5
leaf_value=-0.0047231778531949369 0.0309558959179588 -0.022828251728521255 0.018444180809140176 0.013216334282406537
leaf_weight=66.046234779059887 14.115748554468153 33.366100735962391 20.007944360375404 4.6658388972282401
leaf_count=630 43 214 67 14
internal_value=-0.000288819 -0.00472605 0.000766332 -0.0170321
internal_weight=138.202 124.086 86.0542 38.0319
internal_count=968 925 697 228
is_linear=0
shrinkage=0.03


Tree=47
num_leaves=7
num_cat=0
split_feature=25 24 5 3 18 20
split_gain=29.3989 10.5277 6.95824 4.0766 3.78818 3.13188
threshold=0.69844400000000018 0.97683400000000009 1.5000000000000002 2.5000000000000004 0.11042150000000002 0.28273050000000005
decision_type=2 2 10 10 10 10
left_child=2 4 3 -1 -2 -3
right_child=1 5 -4 -5 -6 -7
leaf_value=-0.021274005869621526 0.0028434753846343862 0.020789659429361597 0.010782903216525369 0.0080642850088688198 -0.019362314948723251 0
leaf_weight=53.933973528444767 13.357219267636539 46.074440184980631 4.4414250850677481 1.5549179911613453 7.5738288760185233 7.7697850465774527
leaf_count=531 99 242 14 4 45 30
internal_value=-0.00101654 0.0111122 -0.0164347 -0.0195675 -0.005358 0.0179874
internal_weight=134.706 74.7753 59.9303 55.4889 20.931 53.8442
internal_count=965 416 549 535 144 272
is_linear=0
shrinkage=0.03


Tree=48
num_leaves=7
num_cat=0
split_feature=24 25 22 15 25 19
split_gain=20.5567 14.0882 7.34473 4.06256 3.69991 0.634448
threshold=0.97334950000000009 0.58515400000000006 0.12851350000000003 0.027976500000000005 0.86336700000000011 0.13086600000000004
decision_type=2 2 10 8 2 10
left_child=2 -2 4 -3 -1 -4
right_child=1 3 5 -5 -6 -7
leaf_value=-0.02140472547150668 -0.024398469626366055 0 0 0.017107983467771863 0.0042825295267460766 0.014280254773044523
leaf_weight=37.640676893293858 6.4482915475964537 18.232708796858788 3.6381699144840232 65.063101589679718 2.6056234911084166 3.6724130734801292
leaf_count=394 75 77 15 373 17 12
internal_value=0.00141507 0.00996504 -0.01376 0.0137286 -0.0188663 0.00875149
internal_weight=137.301 89.7441 47.5569 83.2958 40.2463 7.31058
internal_count=963 525 438 450 411 27
is_linear=0
shrinkage=0.03


Tree=49
num_leaves=7
num_cat=0
split_feature=24 21 20 16 24 23
split_gain=22.4784 24.5103 5.6054 3.37272 2.49625 1.82212
threshold=0.98241700000000021 0.11378600000000001 1.0000000180025095e-35 0.47545650000000006 0.96567650000000016 0.016871000000000004
decision_type=2 10 8 10 2 10
left_child=1 4 -2 -4 -1 -3
right_child=2 5 3 -5 -6 -7
leaf_value=-0.026517831580302874 -0.011091213711491174 0 0.01795987447026318 -0.0065610653583187189 -0.010775319101034431 0.026585979494382052
leaf_weight=24.871071688830853 4.1749406307935706 1.7163462042808522 54.224960397928953 2.1607053577899924 40.624937456101179 11.189746513962744
leaf_count=282 28 8 298 11 330 31
internal_value=0 -0.0103664 0.0134409 0.0162311 -0.0180909 0.0229662
internal_weight=138.963 78.4021 60.5606 56.3857 65.496 12.9061
internal_count=988 651 337 309 612 39
is_linear=0
shrinkage=0.03


Tree=50
num_leaves=7
num_cat=0
split_feature=24 2 23 25 16 22
split_gain=20.5627 15.5868 9.89615 9.36016 3.7354 1.83318
threshold=0.98241700000000021 0.47222200000000009 0.0020485000000000004 0.61878350000000004 0.47545650000000006 0.0022595000000000007
decision_type=2 10 10 2 10 10
left_child=1 2 -1 5 -5 -2
right_child=3 -3 -4 4 -6 -7
leaf_value=-0.012981297445589081 -0.0202972519659083 -0.031078066510596192 0.010933218482414783 0.019201812012370662 -0.006500888193992309 0.0017605487210649914
leaf_weight=29.12852705270052 5.5989177450537673 19.987503446638584 26.757867448031902 51.031024511903524 2.3424765467643729 1.2551455199718473
leaf_count=388 62 151 106 259 11 4
internal_value=0 -0.0102205 -0.00104813 0.0127432 0.0172557 -0.0139073
internal_weight=136.101 75.8739 55.8864 60.2276 53.3735 6.85406
internal_count=981 645 494 336 270 66
is_linear=0
shrinkage=0.03


Tree=51
num_leaves=7
num_cat=0
split_feature=24 25 22 3 3 20
split_gain=21.4313 13.4266 8.01774 5.20723 3.60856 0.697008
threshold=0.97418450000000012 0.58515400000000006 0.13270100000000004 1.5000000000000002 1.5000000000000002 0.11133650000000002
decision_type=2 2 10 10 8 10
left_child=2 -2 4 -3 -1 -4
right_child=1 3 5 -5 -6 -7
leaf_value=-0.026774324319406465 -0.024107423844345773 0.0085327593619011315 0 0.02942699231553024 -0.004414684736458621 0.013236146127815509
leaf_weight=25.260991781949997 6.4110715314745894 71.205998349934816 3.3905605897307378 13.654043078422545 14.912110619246958 4.697169616818428
leaf_count=193 77 405 15 45 237 15
internal_value=0.000842348 0.00950857 -0.0145593 0.0131261 -0.0200529 0.00806506
internal_weight=139.532 91.2711 48.2608 84.86 40.1731 8.08773
internal_count=987 527 460 450 430 30
is_linear=0
shrinkage=0.03


Tree=52
num_leaves=6
num_cat=0
split_feature=25 20 4 16 22
split_gain=16.5714 10.4638 5.9776 3.90791 1.43219
threshold=0.59205150000000006 0.25015000000000004 1.0000000180025095e-35 0.37031950000000008 0.13270100000000004
decision_type=2 10 10 10 10
left_child=4 2 -2 -3 -1
right_child=1 3 -4 -5 -6
leaf_value=-0.02645062503175008 0.0052267391376372378 -0.00032960364642210642 0.024225102069831327 -0.023843319534633374 0
leaf_weight=15.631756629794836 71.407543748617172 22.009247250854973 19.696329414844513 7.9853916689753524 0.96240671724081117
leaf_count=200 559 109 65 56 5
internal_value=0.000915515 0.00514558 0.0102943 -0.00909758 -0.0244844
internal_weight=137.693 121.099 91.1039 29.9946 16.5942
internal_count=994 789 624 165 205
is_linear=0
shrinkage=0.03


Tree=53
num_leaves=6
num_cat=0
split_feature=25 24 2 19 24
split_gain=16.9914 14.6596 7.76689 4.22101 1.77476
threshold=0.59205150000000006 0.96567650000000016 0.47222200000000009 0.20602100000000004 0.92814050000000015
decision_type=2 2 10 8 2
left_child=4 3 -3 -2 -1
right_child=1 2 -4 -5 -6
leaf_value=0 0.00086837135347683184 0.014110885795787127 -0.0028917715691676189 -0.023911513960027459 -0.029168253349734777
leaf_weight=1.0224648155271996 5.6561509594321278 73.438614018261433 30.21474339812994 15.497167151421307 14.386041630059479
leaf_count=9 27 456 139 184 188
internal_value=0 0.00405134 0.00893143 -0.0167587 -0.0267724
internal_weight=140.215 124.807 103.653 21.1533 15.4085
internal_count=1003 806 595 211 197
is_linear=0
shrinkage=0.03


Tree=54
num_leaves=5
num_cat=0
split_feature=3 20 25 25
split_gain=19.7809 12.1766 11.0044 4.61666
threshold=1.5000000000000002 0.24224200000000004 0.59205150000000006 0.74556700000000009
decision_type=10 10 2 2
left_child=1 2 -1 -3
right_child=-2 3 -4 -5
leaf_value=-0.022598989215471557 0.029785517085212754 -0.025164778796504004 0.0055573773244079932 0
leaf_weight=11.63044949993491 14.164649695158003 24.793058395385742 78.806937351822853 8.1440261304378492
leaf_count=159 47 179 581 35
internal_value=-0.000212475 -0.00451926 0.00100601 -0.0193426
internal_weight=137.539 123.374 90.4374 32.9371
internal_count=1001 954 740 214
is_linear=0
shrinkage=0.03


Tree=55
num_leaves=7
num_cat=0
split_feature=25 24 23 4 15 25
split_gain=18.5138 10.1245 4.97569 4.51065 3.13688 0.749907
threshold=0.68106350000000015 0.95943100000000014 0.57592050000000017 1.0000000180025095e-35 0.32105100000000003 0.79625200000000007
decision_type=2 2 10 10 10 2
left_child=3 5 -3 4 -1 -2
right_child=1 2 -4 -5 -6 -7
leaf_value=-0.020222765364196465 -0.024237629754749038 0.014835688216579674 -0.0034605113001307795 0.006366633842237783 0 0
leaf_weight=40.809469882398844 5.2191437929868689 63.384947665035725 12.398601323366163 4.7504939734935752 5.4261993020772925 1.0668162666261194
leaf_count=450 55 367 55 17 30 8
internal_value=-0.000569706 0.0079369 0.0114438 -0.0144982 -0.0175085 -0.0211492
internal_weight=133.056 82.0695 75.7835 50.9862 46.2357 6.28596
internal_count=982 485 422 497 480 63
is_linear=0
shrinkage=0.03


Tree=56
num_leaves=7
num_cat=0
split_feature=24 21 20 20 24 15
split_gain=19.3507 7.8707 7.8576 7.25745 1.20741 1.02256
threshold=0.97201400000000004 0.12386950000000001 1.0000000180025095e-35 0.23727050000000002 0.99270800000000003 0.34436500000000003
decision_type=2 10 8 10 2 10
left_child=1 5 4 -4 -2 -1
right_child=2 -3 3 -5 -6 -7
leaf_value=-0.024142386867263461 -0.022638792493510432 0.0086835361714520838 0.015028067115435076 -0.0045811600283686277 0 -0.00051379231204125341
leaf_weight=29.428309950977564 4.9064339175820342 6.1177331805229178 67.963511887937784 18.007020503282547 1.3084665983915327 4.6755498498678199
leaf_count=360 41 21 439 82 6 29
internal_value=5.34217e-05 -0.016373 0.00782578 0.0105676 -0.0179392 -0.022015
internal_weight=132.407 40.2216 92.1854 85.9705 6.2149 34.1039
internal_count=978 410 568 521 47 389
is_linear=0
shrinkage=0.03


Tree=57
num_leaves=7
num_cat=0
split_feature=25 19 22 24 24 2
split_gain=16.6763 9.61275 8.10498 6.26346 4.25187 2.48271
threshold=0.71548950000000011 0.24869850000000002 0.0022595000000000007 0.95943100000000014 0.98331800000000014 0.41428550000000003
decision_type=2 10 10 2 2 10
left_child=1 2 -1 -2 -3 -5
right_child=3 4 -4 5 -6 -7
leaf_value=-0.010521268937235227 -0.017018760449200556 -0.031385446603930965 0.013984849240577376 0.016844868023517 0 0.0010366922996221035
leaf_weight=32.43068315461278 3.4977398030459872 17.707190446555618 15.06595369428396 42.542055536061525 4.504698045551776 16.90464061498642
leaf_count=392 35 150 60 251 18 69
internal_value=-0.00043704 -0.0105419 -0.00178479 0.0102693 -0.0256372 0.0130957
internal_weight=132.653 69.7085 47.4966 62.9444 22.2119 59.4467
internal_count=975 620 452 355 168 320
is_linear=0
shrinkage=0.03


Tree=58
num_leaves=7
num_cat=0
split_feature=25 25 20 15 17 19
split_gain=17.5819 7.99266 7.84216 1.72859 1.71185 0.157717
threshold=0.78477400000000008 0.59205150000000006 0.15918700000000002 0.32105100000000003 0.43631700000000001 0.0065270000000000007
decision_type=2 2 10 10 10 8
left_child=1 3 -3 -1 5 -2
right_child=4 2 -4 -5 -6 -7
leaf_value=-0.028161201614497592 0 0.0037204468908535295 -0.014469626739472276 0 0 0.019440734813001383
leaf_weight=13.728165395557877 1.5499935001134897 53.532394118607044 30.118488147854805 0.98352144658565599 2.5041309148073188 29.715034112334251
leaf_count=198 6 427 178 6 11 162
internal_value=-0.000500314 -0.00714577 -0.00275688 -0.0257134 0.0170443 0.0188866
internal_weight=132.132 98.3626 83.6509 14.7117 33.7692 31.265
internal_count=988 809 605 204 179 168
is_linear=0
shrinkage=0.03


Tree=59
num_leaves=5
num_cat=0
split_feature=3 19 25 5
split_gain=19.5396 7.90667 7.87168 1.94517
threshold=1.5000000000000002 0.50499100000000008 0.58515400000000006 1.5000000000000002
decision_type=10 10 2 8
left_child=1 2 -1 -3
right_child=-2 3 -4 -5
leaf_value=-0.022966823476098418 0.029178753220598968 -0.028289112928121495 0.00063098195310893842 0
leaf_weight=11.374681357294319 13.35621118545532 12.281212508678433 92.818763352930546 1.2651697769761092
leaf_count=164 46 106 679 5
internal_value=-0.00133351 -0.00568223 -0.00223597 -0.0251651
internal_weight=131.096 117.74 104.193 13.5464
internal_count=1000 954 843 111
is_linear=0
shrinkage=0.03


Tree=60
num_leaves=5
num_cat=0
split_feature=3 25 5 22
split_gain=16.911 9.77015 4.00458 1.55206
threshold=1.5000000000000002 0.59205150000000006 1.5000000000000002 0.13270100000000004
decision_type=10 2 10 10
left_child=1 3 -3 -1
right_child=-2 2 -4 -5
leaf_value=-0.026567427900315306 0.02891046653451115 -0.0023632489601917795 0.014280235502271258 0
leaf_weight=13.654348794370886 13.337380230426787 92.338045001029968 12.062715351581572 0.92556471377611238
leaf_count=196 47 706 40 5
internal_value=3.97906e-05 -0.00358202 0 -0.0242736
internal_weight=132.318 118.981 104.401 14.5799
internal_count=994 947 746 201
is_linear=0
shrinkage=0.03


Tree=61
num_leaves=5
num_cat=0
split_feature=25 23 23 19
split_gain=14.119 10.5843 11.9501 4.09665
threshold=0.59205150000000006 0.73287700000000011 0.00089200000000000011 0.12878400000000004
decision_type=2 10 10 10
left_child=-1 2 -2 -3
right_child=1 3 -4 -5
leaf_value=-0.025759085924978609 -0.0012593472845371509 0.0014432573059174607 0.019192148261150486 -0.024114683586396176
leaf_weight=14.800206609070299 58.254932079464197 5.0700553283095386 39.405306212604046 12.808961570262907
leaf_count=206 523 20 138 84
internal_value=-0.000685396 0.00284401 0.00702072 -0.0162642
internal_weight=130.339 115.539 97.6602 17.879
internal_count=971 765 661 104
is_linear=0
shrinkage=0.03


Tree=62
num_leaves=7
num_cat=0
split_feature=24 22 9 22 19 19
split_gain=13.693 7.74251 4.1161 3.32058 1.7254 0.0797908
threshold=0.96567650000000016 0.0022595000000000007 7.9813810000000007 0.13270100000000004 0.50499100000000008 0.20602100000000004
decision_type=2 10 8 10 10 8
left_child=3 2 -2 5 -3 -1
right_child=1 4 -4 -5 -6 -7
leaf_value=-0.00064634700079281657 -0.010937836700326189 0.015876387353398989 0.0041563901467200409 0.001910816970704189 0 -0.02533154670196985
leaf_weight=2.879044756293303 25.164472937583923 38.622336141765118 32.562187816947699 2.5811116918921462 4.8260769769549361 17.433144249022007
leaf_count=20 149 141 366 11 24 244
internal_value=0 0.00464693 -0.00214483 -0.0197247 0.0138722 -0.023653
internal_weight=124.068 101.175 57.7267 22.8933 43.4484 20.3122
internal_count=955 680 515 275 165 264
is_linear=0
shrinkage=0.03


Tree=63
num_leaves=6
num_cat=0
split_feature=24 25 3 4 25
split_gain=15.4248 9.32168 6.42046 3.79089 2.62422
threshold=0.96567650000000016 0.58515400000000006 1.5000000000000002 1.5000000000000002 0.5161245000000001
decision_type=2 2 10 10 2
left_child=3 -2 -3 4 -1
right_child=1 2 -4 -5 -6
leaf_value=0.00066870449297214368 -0.022713437839688887 0.0043001008781142743 0.026961460126037111 0.0049493964369815456 -0.026474615743418532
leaf_weight=1.1161129474639953 6.5004075653851023 88.124837331473827 11.473402142524717 1.8588131517171849 20.677572548389435
leaf_count=14 92 561 43 6 263
internal_value=0 0.00519056 0.00791505 -0.0202628 -0.0239618
internal_weight=129.751 106.099 99.5982 23.6525 21.7937
internal_count=979 696 604 283 277
is_linear=0
shrinkage=0.03


Tree=64
num_leaves=4
num_cat=0
split_feature=3 25 19
split_gain=14.8654 11.3962 8.14842
threshold=1.5000000000000002 0.58515400000000006 0.56118850000000009
decision_type=10 2 10
left_child=1 -1 -3
right_child=-2 2 -4
leaf_value=-0.027595274500696081 0.028110133384572848 0.0033215458710054912 -0.022645162366989064
leaf_weight=11.81277935579419 12.659822717308996 96.825597651302814 9.1654392480850202
leaf_count=180 47 677 75
internal_value=0.000431008 -0.00291941 0.00023935
internal_weight=130.464 117.804 105.991
internal_count=979 932 752
is_linear=0
shrinkage=0.03


Tree=65
num_leaves=7
num_cat=0
split_feature=24 23 23 13 4 24
split_gain=11.9456 8.85524 4.02397 3.46416 2.85823 2.25622
threshold=0.96567650000000016 0.00089200000000000011 0.73399800000000004 1.0000000180025095e-35 3.5000000000000004 0.90790150000000014
decision_type=2 8 8 10 10 2
left_child=4 3 -3 -2 5 -1
right_child=1 2 -4 -5 -6 -7
leaf_value=0.00062588655002843087 -0.015066118386480797 0.016759530107513201 0.0019353560305475225 0.0054694921166724801 0.0046891241042047553 -0.024046179143111926
leaf_weight=1.0347601883113444 21.514563411474231 33.696675285696983 41.204222097992897 6.1893909573554984 1.1582203805446614 20.647690054029226
leaf_count=9 138 122 399 24 3 265
internal_value=-0.000351285 0.00389652 0.0093782 -0.00941501 -0.0188313 -0.0217203
internal_weight=125.446 102.605 74.9009 27.704 22.8407 21.6825
internal_count=960 683 521 162 277 274
is_linear=0
shrinkage=0.03


Tree=66
num_leaves=5
num_cat=0
split_feature=3 24 18 24
split_gain=14.3944 12.3211 7.38878 1.68279
threshold=1.5000000000000002 0.96567650000000016 0.10815050000000002 0.90790150000000014
decision_type=10 2 8 2
left_child=1 3 -3 -1
right_child=-2 2 -4 -5
leaf_value=0 0.027364420228669448 -0.010080051771189504 0.0070576940359407267 -0.024526026732659162
leaf_weight=0.83750433847308414 11.964259460568426 31.479141965508461 61.413187980651855 20.760739296674728
leaf_count=7 46 169 477 278
internal_value=-0.000108904 -0.00386062 0.000803579 -0.022792
internal_weight=126.455 114.491 92.8923 21.5982
internal_count=977 931 646 285
is_linear=0
shrinkage=0.03


Tree=67
num_leaves=7
num_cat=0
split_feature=25 19 19 20 24 24
split_gain=12.1738 8.16902 5.3221 3.40467 2.46476 3.99745
threshold=0.74430000000000007 0.24434850000000002 0.0013750000000000001 0.058614000000000006 0.97718500000000008 0.96967550000000013
decision_type=2 10 10 10 2 2
left_child=1 2 -1 -3 5 -2
right_child=4 3 -4 -5 -6 -7
leaf_value=-0.010030327259037578 0.0098218262733924516 0 0.0077064164261211217 -0.026250956195843972 0.01398815173630848 -0.01972741116539517
leaf_weight=26.729209899902344 7.9803941585123521 4.073384381830695 27.598515838384628 19.241008929908276 39.18166334554553 3.5227076709270477
leaf_count=390 49 21 118 162 213 30
internal_value=-0.000237729 -0.00781769 -0.000564976 -0.0215869 0.0106029 0
internal_weight=128.327 77.6421 54.3277 23.3144 50.6848 11.5031
internal_count=983 691 508 183 292 79
is_linear=0
shrinkage=0.03


Tree=68
num_leaves=6
num_cat=0
split_feature=25 20 23 18 15
split_gain=10.9062 7.53898 4.71579 3.0834 1.60447
threshold=0.59205150000000006 0.28273050000000005 0.82047450000000011 0.19956300000000002 0.32105100000000003
decision_type=2 10 10 10 10
left_child=4 2 -2 -3 -1
right_child=1 3 -4 -5 -6
leaf_value=-0.025772463418987628 0.010193630832065374 -0.018374679925106489 -0.010036850689767604 0 0
leaf_weight=11.487686214968559 83.922154773026705 12.82062327116728 7.8793161138892165 12.50239387899637 0.97584711015224535
leaf_count=185 605 83 45 71 7
internal_value=0.000464706 0.00372321 0.00787813 -0.00951909 -0.0229983
internal_weight=129.588 117.124 91.8015 25.323 12.4635
internal_count=996 804 650 154 192
is_linear=0
shrinkage=0.03


Tree=69
num_leaves=5
num_cat=0
split_feature=3 18 5 9
split_gain=14.8762 8.28461 6.34493 3.32201
threshold=1.5000000000000002 0.05392750000000001 1.5000000000000002 7.9813810000000007
decision_type=10 8 10 10
left_child=1 3 -3 -1
right_child=-2 2 -4 -5
leaf_value=-0.023391366244497006 0.027138881157690486 -0.0032991877556764367 0.018926257857445446 5.0709926647301052e-05
leaf_weight=20.532666102051738 11.969522953033445 77.008237063884735 10.510711871087549 3.8305364400148383
leaf_count=147 47 732 33 14
internal_value=-0.000726153 -0.00459923 0 -0.0190078
internal_weight=123.852 111.882 87.5189 24.3632
internal_count=973 926 765 161
is_linear=0
shrinkage=0.03


Tree=70
num_leaves=7
num_cat=0
split_feature=21 9 23 2 22 23
split_gain=9.05052 4.11598 5.44413 4.91352 1.39783 2.6662
threshold=0.11378600000000001 8.0951295000000005 0.76460150000000004 0.47222200000000009 0.42430300000000004 0.034814500000000005
decision_type=10 8 8 10 10 10
left_child=1 3 -3 -1 5 -2
right_child=4 2 -4 -5 -6 -7
leaf_value=0 0 0.017799096166001078 -0.0029283242132947429 -0.016754970611587525 0 0.025857865752396701
leaf_weight=30.391043141484261 2.8713213652372387 12.190741971135138 38.289567416533828 30.221776038408279 2.5620678216218939 12.459487169981001
leaf_count=162 14 45 510 212 11 40
internal_value=-4.17568e-05 -0.00358538 0.00223395 -0.0087803 0.0178796 0.0208084
internal_weight=128.986 111.093 50.4803 60.6128 17.8929 15.3308
internal_count=994 929 555 374 65 54
is_linear=0
shrinkage=0.03


Tree=71
num_leaves=6
num_cat=0
split_feature=21 24 15 20 15
split_gain=10.5186 11.5643 3.85285 3.25205 1.39459
threshold=0.11378600000000001 0.98260900000000007 0.32105100000000003 1.0000000180025095e-35 0.10600450000000002
decision_type=10 2 8 8 10
left_child=1 2 -1 -3 -2
right_child=4 3 -4 -5 -6
leaf_value=-0.020102362204224136 0 -0.011605505968529018 -0.0030159040802528927 0.0089329145930758455 0.022067602920468922
leaf_weight=30.421514146029949 3.7111807912588146 4.2910158410668364 27.78469455987215 45.243659365922213 15.2905385941267
leaf_count=229 16 35 370 284 51
internal_value=-6.19814e-05 -0.00404868 -0.0129839 0.00602156 0.0186491
internal_weight=126.743 107.741 58.2062 49.5347 19.0017
internal_count=985 918 599 319 67
is_linear=0
shrinkage=0.03


Tree=72
num_leaves=7
num_cat=0
split_feature=24 2 23 24 24 2
split_gain=9.33206 10.6557 7.34185 1.76949 3.44712 2.99398
threshold=0.98260900000000007 0.47222200000000009 0.0020485000000000004 0.98791800000000018 0.99357300000000015 0.32575750000000009
decision_type=2 10 10 2 2 10
left_child=1 2 -1 5 -5 -2
right_child=3 -3 -4 4 -6 -7
leaf_value=-0.010834623992151297 0.019611190907880407 -0.025149882045493357 0.010449871707380171 -0.0034351516793640958 0.016211522018398691 0
leaf_weight=26.279828118160367 18.473295833915476 19.009308002889156 26.034204684197903 22.803382270038131 8.0593566633760911 8.2020629197359067
leaf_count=379 111 160 110 163 42 36
internal_value=-0.000306158 -0.00763372 0 0.00820959 0.00179107 0.0136929
internal_weight=128.861 71.3233 52.314 57.5381 30.8627 26.6754
internal_count=1001 649 489 352 205 147
is_linear=0
shrinkage=0.03


Tree=73
num_leaves=6
num_cat=0
split_feature=25 4 23 18 15
split_gain=9.38171 6.42766 9.90574 9.07596 1.2932
threshold=0.59205150000000006 1.0000000180025095e-35 0.71218550000000014 0.26283050000000008 0.32105100000000003
decision_type=2 10 10 8 10
left_child=4 3 -3 -2 -1
right_child=1 2 -4 -5 -6
leaf_value=-0.024073007287427263 -0.010954347297554895 0.026941218545491426 -0.013530664230647154 0.0073806692751835429 0
leaf_weight=11.439944153651593 38.814065411686897 17.13108749687672 4.2658687084913245 54.839876338839531 1.0934261456131924
leaf_count=190 212 61 22 498 8
internal_value=0.000140692 0.00324348 0.0169711 -1.18857e-05 -0.0215358
internal_weight=127.584 115.051 21.397 93.6539 12.5334
internal_count=991 793 83 710 198
is_linear=0
shrinkage=0.03


Tree=74
num_leaves=5
num_cat=0
split_feature=3 19 25 21
split_gain=10.3753 7.19167 5.44953 2.02999
threshold=1.5000000000000002 0.50499100000000008 0.58515400000000006 0.040835500000000004
decision_type=10 10 2 10
left_child=1 2 -1 -3
right_child=-2 3 -4 -5
leaf_value=-0.019000367999094166 0.025384490389050433 -0.026072583474958812 0.0022863253181400704 0
leaf_weight=9.1460909005254489 10.076714336872099 10.550009105354544 96.414644423872232 0.9616797864437111
leaf_count=153 42 101 696 3
internal_value=0 -0.00275526 0 -0.0225573
internal_weight=127.149 117.072 105.561 11.5117
internal_count=995 953 849 104
is_linear=0
shrinkage=0.03


Tree=75
num_leaves=5
num_cat=0
split_feature=3 24 18 25
split_gain=12.1824 7.20485 8.43946 1.63272
threshold=1.5000000000000002 0.96775100000000014 0.26283050000000008 0.74035250000000008
decision_type=10 2 8 2
left_child=1 3 -3 -1
right_child=-2 2 -4 -5
leaf_value=-0.019536135736460819 0.026495937043414009 -0.0080380835200338525 0.0095190012016760361 0
leaf_weight=19.629085030406717 11.495473071932791 42.449096821248531 49.736961137503386 5.258405312895774
leaf_count=277 48 224 417 39
internal_value=0.000331971 -0.00258503 0.00112075 -0.0160313
internal_weight=128.569 117.074 92.1861 24.8875
internal_count=1005 957 641 316
is_linear=0
shrinkage=0.03


Tree=76
num_leaves=7
num_cat=0
split_feature=25 24 25 21 3 19
split_gain=8.64029 5.86201 5.42279 3.41444 1.95763 1.60166
threshold=0.78036250000000018 0.97151950000000009 0.58515400000000006 0.13168750000000004 1.0000000180025095e-35 0.22789350000000003
decision_type=2 2 2 10 8 10
left_child=1 3 -3 -1 5 -2
right_child=4 2 -4 -5 -6 -7
leaf_value=-0.018216524960222621 -0.0039349261260696365 -0.020764809806982257 0.0043987790438819998 0.0046560631683501032 0.020450302656525129 0.012338694386356389
leaf_weight=26.714710567146543 8.1448321044445056 5.746101275086402 56.243532214313745 3.604393556714057 15.594222232699392 5.8034013882279387
leaf_count=346 35 87 341 13 117 20
internal_value=0.000107854 -0.00421326 0.000753783 -0.0144226 0.0136752 0.00205145
internal_weight=121.851 92.3087 61.9896 30.3191 29.5425 13.9482
internal_count=959 787 428 359 172 55
is_linear=0
shrinkage=0.03


Tree=77
num_leaves=5
num_cat=0
split_feature=3 24 5 24
split_gain=12.3095 7.22817 4.08172 1.75656
threshold=1.5000000000000002 0.96567650000000016 1.5000000000000002 0.90790150000000014
decision_type=10 2 8 2
left_child=1 3 -3 -1
right_child=-2 2 -4 -5
leaf_value=0 0.025684921966906308 -0.0061391724525895119 0.0061357653732525778 -0.021149839988909354
leaf_weight=1.1706304792314792 10.522111073136328 50.278331242501736 41.409406408667564 20.238493971526623
leaf_count=11 45 266 393 277
internal_value=-0.00111452 -0.00446553 -0.000259793 -0.0190025
internal_weight=123.619 113.097 91.6877 21.4091
internal_count=992 947 659 288
is_linear=0
shrinkage=0.03


Tree=78
num_leaves=5
num_cat=0
split_feature=3 21 20 2
split_gain=11.239 7.3898 4.87091 2.99654
threshold=1.5000000000000002 0.062116500000000012 0.15918700000000002 1.0000000180025095e-35
decision_type=10 8 10 10
left_child=1 2 -1 -3
right_child=-2 3 -4 -5
leaf_value=-0.00082490530595172925 0.025293586397018571 0 -0.018979399471615636 0.018242927091005116
leaf_weight=28.838584635406733 10.140443116426466 42.532387722283602 30.150144044309855 7.613818332552909
leaf_count=157 44 514 227 24
internal_value=-0.000673485 -0.00396593 -0.0110574 0.0039648
internal_weight=119.275 109.135 58.9887 50.1462
internal_count=966 922 384 538
is_linear=0
shrinkage=0.03


Tree=79
num_leaves=5
num_cat=0
split_feature=25 25 20 16
split_gain=10.8204 6.29256 5.07227 4.31892
threshold=0.59205150000000006 0.78036250000000018 0.25015000000000004 0.020114000000000003
decision_type=2 2 8 10
left_child=-1 2 -2 -3
right_child=1 3 -4 -5
leaf_value=-0.025450844525070092 0.0048102306118922413 0.021692614670460447 -0.0096674274654880762 0
leaf_weight=11.9422968365252 36.082664392888546 16.598417323082685 42.743952423334122 15.904730699956415
leaf_count=204 159 118 443 74
internal_value=-0.00134073 0.00158312 -0.0027403 0.0122588
internal_weight=123.272 111.33 78.8266 32.5031
internal_count=998 794 602 192
is_linear=0
shrinkage=0.03


Tree=80
num_leaves=7
num_cat=0
split_feature=21 19 25 23 15 22
split_gain=9.53724 8.56839 5.5204 4.89648 1.8755 0.216
threshold=0.045361000000000005 0.45985500000000007 0.59205150000000006 0.011713500000000002 0.048007000000000001 0.12851350000000003
decision_type=10 10 2 10 10 10
left_child=1 2 -1 5 -5 -2
right_child=3 -3 -4 4 -6 -7
leaf_value=-0.017810127424920601 0 -0.023743132144054397 0.003453399678618436 0 0.026664563622933218 -0.0092361009344122114
leaf_weight=9.6615283563733083 2.042290896177295 12.371359437704085 77.275289293378592 3.0500667840242413 16.128167808055878 1.6805954426527021
leaf_count=172 10 122 595 14 53 10
internal_value=0.000827707 -0.00306178 0.000241494 0.0172534 0.0231756 -0.00552043
internal_weight=122.209 99.3082 86.9368 22.9011 19.1782 3.72289
internal_count=976 889 767 87 67 20
is_linear=0
shrinkage=0.03


Tree=81
num_leaves=5
num_cat=0
split_feature=3 25 19 15
split_gain=9.65498 5.46864 3.39855 2.08665
threshold=1.5000000000000002 0.62835750000000012 0.5363880000000002 0.23709800000000003
decision_type=10 2 10 10
left_child=1 3 -3 -1
right_child=-2 2 -4 -5
leaf_value=-0.019745288052081356 0.024567658084412532 0.0022100543417536847 -0.016235540270788728 0
leaf_weight=17.302543036639694 9.5512590855360013 81.278992332518101 7.0421872437000266 3.1611051112413397
leaf_count=267 43 583 59 21
internal_value=-0.000122008 -0.00315927 0 -0.016041
internal_weight=118.336 108.785 88.3212 20.4636
internal_count=973 930 642 288
is_linear=0
shrinkage=0.03


Tree=82
num_leaves=7
num_cat=0
split_feature=24 3 18 19 24 24
split_gain=10.8269 4.85115 4.67946 2.96923 1.05587 0.218001
threshold=0.96567650000000016 1.5000000000000002 0.29783800000000005 0.24434850000000002 0.94558300000000017 0.91731600000000013
decision_type=2 10 10 8 2 2
left_child=3 2 -2 4 -1 -5
right_child=1 -3 -4 5 -6 -7
leaf_value=0.010891246356693479 -0.00076578657382702742 0.023426388669836318 0.015465872010207188 0 -0.007189338359026607 -0.024508900335299805
leaf_weight=2.0047487840056446 73.536630038172007 8.9431052654981595 16.441830985248089 0.6103142723441114 3.8997911401093006 13.64843359403312
leaf_count=12 579 43 62 10 27 234
internal_value=0.000699595 0.00512019 0.0022809 -0.0175471 0 -0.0238343
internal_weight=119.085 98.9216 89.9785 20.1633 5.90454 14.2587
internal_count=967 684 641 283 39 244
is_linear=0
shrinkage=0.03


Tree=83
num_leaves=5
num_cat=0
split_feature=3 20 25 17
split_gain=8.77777 6.38194 7.8377 5.31913
threshold=1.5000000000000002 0.15918700000000002 0.59205150000000006 0.31416550000000004
decision_type=10 10 2 10
left_child=1 2 -1 -3
right_child=-2 3 -4 -5
leaf_value=-0.019989530527283687 0.024453343579024997 -0.0200168859938353 0.0069538414464303993 0.00057440680535098389
leaf_weight=7.962763186544179 9.810594514012335 22.161708813160658 67.847204022109509 15.306471351534126
leaf_count=157 47 150 530 104
internal_value=0.000742635 -0.00163078 0.00308996 -0.0114446
internal_weight=123.089 113.278 75.81 37.4682
internal_count=988 941 687 254
is_linear=0
shrinkage=0.03


Tree=84
num_leaves=4
num_cat=0
split_feature=3 16 16
split_gain=7.12503 5.51413 3.76934
threshold=1.5000000000000002 0.47068100000000007 0.41437850000000004
decision_type=10 10 10
left_child=1 2 -1
right_child=-2 -3 -4
leaf_value=-0.0029305254915563722 0.021997480198957156 -0.023717908539778808 0.016926635417982366
leaf_weight=94.328008119016886 7.6882996261119834 8.0996963642537576 6.2508833296596995
leaf_count=838 38 74 23
internal_value=-0.00106212 -0.00350915 -0.000952278
internal_weight=116.367 108.679 100.579
internal_count=973 935 861
is_linear=0
shrinkage=0.03


Tree=85
num_leaves=5
num_cat=0
split_feature=3 24 20 24
split_gain=9.3454 5.01273 2.91454 1.65545
threshold=1.5000000000000002 0.97334950000000009 1.0000000180025095e-35 0.94019850000000016
decision_type=10 2 8 2
left_child=1 3 -3 -1
right_child=-2 2 -4 -5
leaf_value=0 0.024097967899447851 -0.016320076367921037 0.0031635018859998538 -0.014838360601900278
leaf_weight=5.3280356563627711 9.4365412443876249 4.4622488692402831 67.036595832556486 29.398566242307425
leaf_count=65 46 41 459 364
internal_value=-0.000269256 -0.003311 0.000936611 -0.0122307
internal_weight=115.662 106.225 71.4988 34.7266
internal_count=975 929 500 429
is_linear=0
shrinkage=0.03


Tree=86
num_leaves=7
num_cat=0
split_feature=24 21 19 19 23 22
split_gain=9.78856 8.14201 2.76107 2.50755 2.33367 0.946956
threshold=0.98260900000000007 0.11378600000000001 0.26923150000000007 0.00032450000000000008 0.68426300000000007 0.26095600000000008
decision_type=2 10 10 8 10 8
left_child=1 2 -1 -2 -5 -3
right_child=3 5 -4 4 -6 -7
leaf_value=-0.0055844341266465371 -0.0065021859174542338 0.018527989696293636 -0.021778721452573785 0.013899477638697744 -0.0015575307253840108 0
leaf_weight=37.558621836826205 3.7896763458847991 6.636304855346677 17.585554905235767 44.556604627519846 5.9928365945816031 2.9802385121583947
leaf_count=435 32 23 167 293 26 12
internal_value=0.000115101 -0.00736125 -0.012122 0.00946749 0.0115222 0.0139515
internal_weight=119.1 64.7607 55.1442 54.3391 50.5494 9.61654
internal_count=988 637 602 351 319 35
is_linear=0
shrinkage=0.03


Tree=87
num_leaves=5
num_cat=0
split_feature=3 24 25 24
split_gain=8.33863 5.03341 5.08047 2.11481
threshold=1.5000000000000002 0.96567650000000016 0.68316900000000003 0.94019850000000016
decision_type=10 2 2 2
left_child=1 3 -3 -1
right_child=-2 2 -4 -5
leaf_value=0 0.023747131600366497 -0.007748215184331584 0.0064252300279270388 -0.020150837391230563
leaf_weight=5.5991254355758455 9.545011490583418 32.929079465568066 57.077473565936089 13.782828755676745
leaf_count=66 49 298 349 211
internal_value=0.000360687 -0.00199245 0.000834622 -0.0148134
internal_weight=118.934 109.389 90.0066 19.382
internal_count=973 924 647 277
is_linear=0
shrinkage=0.03


Tree=88
num_leaves=5
num_cat=0
split_feature=3 24 25 22
split_gain=7.02064 5.21078 5.38254 2.32003
threshold=1.5000000000000002 0.96567650000000016 0.58515400000000006 0.13270100000000004
decision_type=10 2 2 10
left_child=1 3 -3 -1
right_child=-2 2 -4 -5
leaf_value=-0.018075256291737406 0.023085066474700749 -0.020369950863211216 0.0039057338281217155 0.0023606068771645085
leaf_weight=17.699545543640856 8.5255278944969159 5.8668453954160205 86.879112601280212 2.5791369080543509
leaf_count=276 43 100 565 12
internal_value=0.0006063 -0.00138378 0.00146666 -0.0142181
internal_weight=121.55 113.025 92.746 20.2787
internal_count=996 953 665 288
is_linear=0
shrinkage=0.03


Tree=89
num_leaves=6
num_cat=0
split_feature=25 24 5 19 24
split_gain=8.33489 5.9079 3.90908 2.32463 0.41251
threshold=0.58515400000000006 0.96567650000000016 1.5000000000000002 0.20602100000000004 0.92814050000000015
decision_type=2 2 8 8 2
left_child=4 3 -3 -2 -1
right_child=1 2 -4 -5 -6
leaf_value=0 0.00061713764044937888 0 0.011676284081522522 -0.018437407090632213 -0.024285655068814156
leaf_weight=0.50012900866567989 4.4505531862378147 50.576246529817581 44.043545052409172 12.007147250697015 9.3477810770273191
leaf_count=8 25 240 370 182 180
internal_value=-6.79722e-05 0.00227533 0.00544622 -0.0124421 -0.0231935
internal_weight=120.925 111.077 94.6198 16.4577 9.84791
internal_count=1005 817 610 207 188
is_linear=0
shrinkage=0.03


Tree=90
num_leaves=7
num_cat=0
split_feature=19 25 24 24 24 21
split_gain=7.48102 5.60377 5.06018 2.82106 2.5057 0.257965
threshold=0.50499100000000008 0.58515400000000006 0.96567650000000016 0.92235000000000011 0.98511150000000014 0.027506500000000003
decision_type=10 2 2 2 2 10
left_child=1 3 -3 -1 5 -2
right_child=4 2 -4 -5 -6 -7
leaf_value=0.0075005389082743587 -0.025896914371619579 -0.0090473159745112601 0.0086816167608484082 -0.022375724129424707 0.0012413950807734176 0
leaf_weight=0.47550457529723456 8.8445564769208396 13.216884028166531 85.176042728126049 7.5454356372356415 1.3960375040769566 0.86098502576351243
leaf_count=3 103 170 541 153 5 4
internal_value=0.000591971 0.00346298 0.00580703 -0.0163229 -0.0196826 -0.024636
internal_weight=117.515 106.414 98.3929 8.02094 11.1016 9.70554
internal_count=979 867 711 156 112 107
is_linear=0
shrinkage=0.03


Tree=91
num_leaves=7
num_cat=0
split_feature=24 19 21 25 19 6
split_gain=8.45829 6.50604 6.37948 3.55332 3.3676 1.98709
threshold=0.97418450000000012 0.005497000000000001 0.13168750000000004 0.74758450000000021 0.24434850000000002 7.1610060000000004
decision_type=2 8 10 2 8 10
left_child=2 5 3 -1 -3 -2
right_child=1 4 -4 -5 -6 -7
leaf_value=-0.021196399587705406 -0.02416684555434415 0.015208808690800997 0.01061880776803964 0 0.0015720651231777025 4.3000651822157286e-05
leaf_weight=25.328825535252694 4.8785217180848113 34.760483205318451 6.3764456808567038 6.5999720543622962 39.915123481303453 1.2468237429857252
leaf_count=375 47 139 23 55 342 5
internal_value=3.40986e-05 0.00574625 -0.010831 -0.0165177 0.00864824 -0.0175573
internal_weight=119.106 80.801 38.3052 31.9288 74.6756 6.12535
internal_count=986 533 453 430 481 52
is_linear=0
shrinkage=0.03


Tree=92
num_leaves=6
num_cat=0
split_feature=25 24 24 25 23
split_gain=6.37064 7.21998 2.953 2.79772 2.33234
threshold=0.58515400000000006 0.96567650000000016 0.90790150000000014 0.64525250000000012 0.81133400000000011
decision_type=2 2 2 2 10
left_child=2 3 -1 -2 -3
right_child=1 4 -4 -5 -6
leaf_value=0.0067853326828127272 0.0025559068440823506 0.0092920808602806639 -0.023653841527459779 -0.01905383665619725 -0.0034782296011329366
leaf_weight=0.53525436669587989 4.0688357669860116 84.213036976754665 8.8526287972927076 11.773690242320297 9.7656939178705198
leaf_count=3 65 556 177 153 49
internal_value=0.001769 0.00418858 -0.0182737 -0.0123884 0.00758918
internal_weight=119.209 109.821 9.38788 15.8425 93.9787
internal_count=1003 823 180 218 605
is_linear=0
shrinkage=0.03


Tree=93
num_leaves=5
num_cat=0
split_feature=3 24 19 22
split_gain=8.52259 5.87359 3.18547 2.73953
threshold=1.5000000000000002 0.97151950000000009 0.005497000000000001 0.13270100000000004
decision_type=10 2 8 10
left_child=1 3 -3 -1
right_child=-2 2 -4 -5
leaf_value=-0.018582131158134892 0.022765576852308941 -0.016447002047089397 0.0026009595466722963 0.00040069536322921072
leaf_weight=25.011500677093867 8.5162494927644712 5.8505719974637023 66.970777219161391 4.9373387172818175
leaf_count=372 46 52 482 22
internal_value=-0.00138891 -0.00426308 8.4749e-05 -0.0147906
internal_weight=111.286 102.77 72.8213 29.9488
internal_count=974 928 534 394
is_linear=0
shrinkage=0.03


Tree=94
num_leaves=6
num_cat=0
split_feature=21 25 15 5 22
split_gain=7.92153 5.99733 4.04863 3.99648 1.71248
threshold=0.11378600000000001 0.76087050000000012 0.095195500000000016 1.5000000000000002 1.0000000180025095e-35
decision_type=10 2 10 10 10
left_child=1 3 -2 -1 -3
right_child=2 4 -4 -5 -6
leaf_value=-0.012060580550513157 -0.0039337630296931584 0.011576831473611503 0.02291159267234024 0.0075318061269392059 -0.0013685406686217761
leaf_weight=62.465312041342258 3.7291606217622784 16.965800251811746 13.297090746462343 6.8883240893483153 9.351767957210539
leaf_count=693 19 140 47 26 46
internal_value=-0.00107102 -0.00477177 0.0158253 -0.00946839 0.00628418
internal_weight=112.697 95.6712 17.0263 69.3536 26.3176
internal_count=971 905 66 719 186
is_linear=0
shrinkage=0.03


Tree=95
num_leaves=5
num_cat=0
split_feature=19 3 18 24
split_gain=7.3133 4.41072 3.4458 2.27865
threshold=0.50499100000000008 1.5000000000000002 0.29332350000000001 0.98511150000000014
decision_type=10 10 10 2
left_child=1 2 -1 -2
right_child=3 -3 -4 -5
leaf_value=-0.001706346595079576 -0.025924964021290006 0.021753155095090088 0.011746701027458702 0
leaf_weight=77.807369405403733 8.246972341090439 7.5575890243053427 18.260026447474957 1.315114453434943
leaf_count=724 99 41 93 5
internal_value=0.000417075 0.00320291 0.000826203 -0.0209402
internal_weight=113.187 103.625 96.0674 9.56209
internal_count=962 858 817 104
is_linear=0
shrinkage=0.03


Tree=96
num_leaves=5
num_cat=0
split_feature=3 19 24 21
split_gain=6.81491 6.26384 4.05672 1.74524
threshold=1.5000000000000002 0.5363880000000002 0.96567650000000016 0.040835500000000004
decision_type=10 10 2 10
left_child=1 2 -1 -3
right_child=-2 3 -4 -5
leaf_value=-0.010912690531433464 0.022995587242810606 -0.024776190812253591 0.0043273905769068682 0
leaf_weight=15.738217331469057 8.7565690129995328 8.5880904980003798 82.482893602922559 0.91930432617664415
leaf_count=238 48 105 593 3
internal_value=0.0011925 -0.000883814 0.001338 -0.0210513
internal_weight=116.485 107.729 98.2211 9.50739
internal_count=987 939 831 108
is_linear=0
shrinkage=0.03


Tree=97
num_leaves=5
num_cat=0
split_feature=3 18 24 24
split_gain=7.81599 3.71637 3.35428 2.63007
threshold=1.5000000000000002 0.26283050000000008 0.99371650000000011 0.96646850000000006
decision_type=10 8 2 2
left_child=1 2 -1 -3
right_child=-2 3 -4 -5
leaf_value=-0.011387860974534305 0.02296693041812619 -0.0082298670840677268 0.012266440136180607 0.0056691242110063177
leaf_weight=44.588011272251606 8.7402515560388547 12.425144996494053 2.419293299317359 44.940385766327381
leaf_count=295 48 217 7 408
internal_value=-8.43635e-06 -0.00279975 -0.0089077 0.0019023
internal_weight=113.113 104.373 47.0073 57.3655
internal_count=975 927 302 625
is_linear=0
shrinkage=0.03


Tree=98
num_leaves=5
num_cat=0
split_feature=3 15 21 17
split_gain=6.48878 4.02906 4.29933 3.78106
threshold=1.5000000000000002 0.10974700000000001 0.090908500000000017 0.17362050000000004
decision_type=10 8 10 10
left_child=1 3 -3 -1
right_child=-2 2 -4 -5
leaf_value=-0.018775243067601272 0.021922841728415986 -0.001576048456941584 0.016302542762767092 0
leaf_weight=18.204149898141623 7.8856096863746634 59.314071552827954 11.588437527418135 17.708386324346066
leaf_count=127 45 657 39 106
internal_value=0 -0.0023533 0.00148329 -0.0102293
internal_weight=114.701 106.815 70.9025 35.9125
internal_count=974 929 696 233
is_linear=0
shrinkage=0.03


Tree=99
num_leaves=5
num_cat=0
split_feature=3 24 20 21
split_gain=8.46765 4.26436 2.62729 2.01507
threshold=1.5000000000000002 0.97334950000000009 0.14148300000000003 0.35259000000000001
decision_type=10 2 10 10
left_child=1 3 -3 -1
right_child=-2 2 -4 -5
leaf_value=-0.01440179825727643 0.022836764374439041 0.0041338460219784495 -0.0079551695751799417 0.0044555404946640216
leaf_weight=31.291231673210859 8.8150677680969221 49.914598528295755 20.081072021275759 1.9091989398002613
leaf_count=417 51 396 98 6
internal_value=-0.000930669 -0.00383117 7.02365e-05 -0.0122093
internal_weight=112.011 103.196 69.9957 33.2004
internal_count=968 917 494 423
is_linear=0
shrinkage=0.03


Tree=100
num_leaves=7
num_cat=0
split_feature=2 24 2 7 25 9
split_gain=6.09613 11.0286 8.98204 4.37757 3.16318 2.77808
threshold=0.47222200000000009 0.98590300000000008 1.0000000180025095e-35 7.7873875000000004 0.70714550000000009 8.3680730000000008
decision_type=10 2 10 10 2 10
left_child=2 5 4 -4 -1 -2
right_child=1 -3 3 -5 -6 -7
leaf_value=-0.0077560311092565604 -0.028098240766230426 0.0071587591955376388 0.026097488733881919 -0.0028455045731500283 0.0051619106726009771 0.00068419210690339935
leaf_weight=30.82453116029501 16.360243048518903 14.067139714956282 17.060248203575615 3.1320698112249366 29.815620578825474 1.0768949687480915
leaf_count=408 161 69 63 16 255 5
internal_value=0 -0.0104051 0.00457007 0.0205272 -0.0009892 -0.0250133
internal_weight=112.337 31.5043 80.8325 20.1923 60.6402 17.4371
internal_count=977 235 742 79 663 166
is_linear=0
shrinkage=0.03


Tree=101
num_leaves=5
num_cat=0
split_feature=3 25 23 24
split_gain=5.51925 3.8834 3.55732 2.02533
threshold=1.5000000000000002 0.58515400000000006 0.73287700000000011 0.90790150000000014
decision_type=10 2 10 2
left_child=1 3 -3 -1
right_child=-2 2 -4 -5
leaf_value=0.0028331560014131472 0.021020098092771999 0.0027111021149184224 -0.011436248688467227 -0.02269493512117093
leaf_weight=0.39246054366230865 7.2572690546512595 79.335931045934558 16.852130513638258 8.1168276127427799
leaf_count=2 43 641 111 176
internal_value=0 -0.00201024 0 -0.0184794
internal_weight=111.955 104.697 96.1881 8.50929
internal_count=973 930 752 178
is_linear=0
shrinkage=0.03


Tree=102
num_leaves=7
num_cat=0
split_feature=25 24 2 16 18 7
split_gain=5.17585 6.17543 6.05492 3.3136 2.79916 1.8695
threshold=0.62835750000000012 0.97683400000000009 0.47222200000000009 0.47068100000000007 0.29332350000000001 8.6832670000000025
decision_type=2 2 10 10 10 10
left_child=4 2 -2 -3 5 -1
right_child=1 3 -4 -5 -6 -7
leaf_value=-0.021609278261426369 0.00045802688170986446 0.010733388671979935 -0.025513888871212968 -0.012565546160333787 0.0025874258555521543 0.0010871155527202637
leaf_weight=13.584414290264249 24.822079468518496 60.284805569797754 7.6197153180837622 2.3676467537879935 3.9221880733966819 0.75259301066398698
leaf_count=252 234 370 81 14 34 2
internal_value=0.000147988 0.00329893 -0.00643892 0.00886201 -0.0130008 -0.0187055
internal_weight=113.353 95.0942 32.4418 62.6525 18.2592 14.337
internal_count=987 699 315 384 288 254
is_linear=0
shrinkage=0.03


Tree=103
num_leaves=7
num_cat=0
split_feature=24 21 2 20 9 24
split_gain=5.75233 7.67423 2.59142 2.111 2.67417 0.594045
threshold=0.9785695000000002 0.12386950000000001 0.47222200000000009 1.0000000180025095e-35 7.5856710000000005 0.9924940000000001
decision_type=2 10 10 8 10 2
left_child=1 2 -1 5 -5 -2
right_child=3 -3 -4 4 -6 -7
leaf_value=-0.0050630708594224519 -0.013350227191566814 0.015806412926438421 -0.023657820778714901 0.01182461550387289 -0.00093365895575856016 0
leaf_weight=29.900715632364154 2.4397397972643371 7.6664385944604865 10.988341569900511 47.296292077749968 14.503082379698752 0.9912736415863036
leaf_count=402 27 28 132 327 76 5
internal_value=0.000912734 -0.00637981 -0.0120192 0.0068226 0.00846293 -0.00822325
internal_weight=113.786 48.5555 40.8891 65.2304 61.7994 3.43101
internal_count=997 562 534 435 403 32
is_linear=0
shrinkage=0.03


Tree=104
num_leaves=5
num_cat=0
split_feature=19 3 24 24
split_gain=4.88739 3.38545 2.76017 1.85606
threshold=0.5363880000000002 1.5000000000000002 0.96567650000000016 0.98511150000000014
decision_type=10 10 2 2
left_child=1 2 -1 -2
right_child=3 -3 -4 -5
leaf_value=-0.0094377592776601262 -0.021903684115186957 0.020216420088495484 0.0034593169709261906 0
leaf_weight=14.358062328770755 7.6521491110324842 6.7232832461595526 85.795187789946795 1.5224436670541761
leaf_count=223 95 41 628 7
internal_value=0.000884224 0.00309365 0.00109885 -0.0168097
internal_weight=116.051 106.877 100.153 9.17459
internal_count=994 892 851 102
is_linear=0
shrinkage=0.03


Tree=105
num_leaves=5
num_cat=0
split_feature=3 23 24 23
split_gain=5.71893 4.52219 5.10193 4.1714
threshold=1.5000000000000002 0.0063255000000000013 0.98568700000000009 0.50185950000000012
decision_type=10 8 2 8
left_child=1 2 -1 -3
right_child=-2 3 -4 -5
leaf_value=-0.023313645326818556 0.02055544986259392 0.011005108219186962 0.00020682972881253353 -0.0037094372275582959
leaf_weight=14.659909922629597 7.0537449866533271 21.766128703951836 10.99838265031576 52.98900874517858
leaf_count=154 44 81 57 615
internal_value=-0.00069972 -0.00303592 -0.0132186 0.00044841
internal_weight=107.467 100.413 25.6583 74.7551
internal_count=951 907 211 696
is_linear=0
shrinkage=0.03


Tree=106
num_leaves=7
num_cat=0
split_feature=2 24 2 19 18 18
split_gain=3.43078 8.30868 5.13691 3.54772 2.78103 1.4076
threshold=0.47222200000000009 0.98590300000000008 1.0000000180025095e-35 0.15065950000000003 0.065956000000000015 0.017728500000000005
decision_type=10 2 10 10 10 10
left_child=2 -2 4 -4 -1 -3
right_child=1 5 3 -5 -6 -7
leaf_value=0.0015950658051410431 -0.022252598288526385 -0.0024753172713279478 0 0.023395377686021498 -0.011136380611951451 0.01274185662989789
leaf_weight=42.489369120448828 16.789554782211784 3.8564836345612994 7.6858450621366527 11.21537175029516 18.667930137366056 8.5824958682060224
leaf_count=554 162 31 36 42 123 31
internal_value=-0.00117129 -0.00961131 0.00178474 0.0144732 -0.00216256 0.00651666
internal_weight=109.287 29.2285 80.0585 18.9012 61.1573 12.439
internal_count=979 224 755 78 677 62
is_linear=0
shrinkage=0.03


Tree=107
num_leaves=5
num_cat=0
split_feature=3 18 24 24
split_gain=6.11537 4.56621 3.71789 2.67708
threshold=1.5000000000000002 0.26283050000000008 0.96567650000000016 0.99371650000000011
decision_type=10 8 2 2
left_child=1 3 -3 -1
right_child=-2 2 -4 -5
leaf_value=-0.012887929543131992 0.020665959844847533 -0.012205004445435916 0.0054073920986084352 0.0074235485698380009
leaf_weight=42.005921225994825 7.0574392378330222 10.156753540039061 48.862448938190937 2.7715459316968909
leaf_count=290 44 200 452 9
internal_value=-0.0013129 -0.00362676 0.00144894 -0.0106156
internal_weight=110.854 103.797 59.0192 44.7775
internal_count=995 951 652 299
is_linear=0
shrinkage=0.03


Tree=108
num_leaves=7
num_cat=0
split_feature=24 23 16 9 4 24
split_gain=7.58043 1.95093 3.14691 2.75004 1.82687 1.3163
threshold=0.96567650000000016 0.00089200000000000011 0.25355950000000005 1.0000000180025095e-35 1.5000000000000002 0.90790150000000014
decision_type=2 10 10 10 10 2
left_child=4 2 -2 -3 5 -1
right_child=1 3 -4 -5 -6 -7
leaf_value=0 0.0040025330754580686 0.014712567274219992 -0.015137516523127188 -0.00020353550307387427 0.0013586152580013261 -0.020115150384050332
leaf_weight=0.80019846558571117 47.646899841725826 28.088967025279999 5.9279599077999583 11.259904898703097 1.6583002507686604 15.130679275840519
leaf_count=8 472 116 46 58 7 275
internal_value=0.00138438 0.00512975 0.000664054 0.0100238 -0.0148097 -0.018026
internal_weight=110.513 92.9237 53.5749 39.3489 17.5892 15.9309
internal_count=982 692 518 174 290 283
is_linear=0
shrinkage=0.03


Tree=109
num_leaves=5
num_cat=0
split_feature=3 24 19 21
split_gain=5.30648 4.77887 3.07864 1.49615
threshold=1.5000000000000002 0.96567650000000016 0.005497000000000001 0.14425450000000004
decision_type=10 2 8 10
left_child=1 3 -3 -1
right_child=-2 2 -4 -5
leaf_value=-0.018710745270394194 0.020224273978794598 -0.016681107060487761 0.0020741228063936978 0
leaf_weight=15.314696684479715 6.8759818151593199 5.6489972844719878 81.643249742686749 1.5900729298591603
leaf_count=275 45 55 608 6
internal_value=-0.000495359 -0.00267024 1.42387e-05 -0.0159523
internal_weight=111.073 104.197 87.2922 16.9048
internal_count=989 944 663 281
is_linear=0
shrinkage=0.03


Tree=110
num_leaves=7
num_cat=0
split_feature=2 2 9 7 7 3
split_gain=4.13582 6.50897 5.8889 4.1019 2.13182 1.97889
threshold=0.47222200000000009 1.0000000180025095e-35 7.9813810000000007 8.6832670000000025 8.2941500000000019 1.5000000000000002
decision_type=8 10 8 10 10 10
left_child=1 5 -2 -3 -4 -1
right_child=2 3 4 -5 -6 -7
leaf_value=-0.0055508466201886408 -0.014315014627588791 0.024595659158456896 0 -0.0056848812784917376 0.016407056791890775 0.012720883312720418
leaf_weight=23.338314224034551 25.783298917114735 17.081946693360809 32.834529109299183 1.9547262787818898 5.5430629402399054 3.2684343308210364
leaf_count=147 220 66 495 11 22 21
internal_value=0.000734369 0.00759202 -0.00381862 0.0197744 0.00303477 -0.00123147
internal_weight=109.804 45.6434 64.1609 19.0367 38.3776 26.6067
internal_count=982 245 737 77 517 168
is_linear=0
shrinkage=0.03


Tree=111
num_leaves=7
num_cat=0
split_feature=24 2 25 2 7 18
split_gain=4.89061 8.48967 3.21558 2.88134 2.20984 1.53445
threshold=0.98260900000000007 0.34848450000000003 0.63185900000000006 1.0000000180025095e-35 1.0000000180025095e-35 0.33860950000000006
decision_type=2 10 2 10 10 10
left_child=1 3 5 -1 -4 -2
right_child=2 -3 4 -5 -6 -7
leaf_value=-0.0045068587937566618 -0.017320318861422573 -0.026243136628147333 0.012234090428455247 0.012409589089405327 -0.00038654470421172773 0.0027436792531891395
leaf_weight=35.721965437754989 4.8365401998162261 12.869047835469244 31.73764294013381 8.7319650277495366 12.372794352471827 1.0895789861679075
leaf_count=443 71 145 211 36 67 3
internal_value=-0.00136689 -0.00738324 0.0049877 0 0.00825807 -0.0105881
internal_weight=107.36 57.323 50.0366 44.4539 44.1104 5.92612
internal_count=976 624 352 479 278 74
is_linear=0
shrinkage=0.03


end of trees

feature_importances:
embedding_cosine_gte_multilingual_base=112
reranker_score_gte_multilingual_reranker_base=86
shared_title_count_capped=58
digit_ratio_mean_percentile_gap_abs=52
profile_category_jaccard=36
repeated_title_share_percentile_gap_abs=36
max_category_share_percentile_gap_abs=32
repeated_description_share_percentile_gap_abs=28
punct_ratio_mean_percentile_gap_abs=26
shared_description_count_capped=22
item_count_percentile_gap_abs=20
description_length_median_percentile_gap_abs=18
shared_category_count_capped=15
price_median_percentile_gap_abs=12
shared_description_idf_sum=9
shared_description_idf_mean=8
title_length_median_percentile_gap_abs=4
shared_title_idf_sum=2
shared_low_df_sentence_count=1

parameters:
[boosting: gbdt]
[objective: binary]
[metric: binary_logloss,auc]
[tree_learner: serial]
[device_type: cpu]
[data_sample_strategy: bagging]
[data: ]
[valid: ]
[num_iterations: 120]
[learning_rate: 0.03]
[num_leaves: 7]
[num_threads: 0]
[seed: 20260322]
[deterministic: 1]
[force_col_wise: 1]
[force_row_wise: 0]
[histogram_pool_size: -1]
[max_depth: 3]
[min_data_in_leaf: 10]
[min_sum_hessian_in_leaf: 0.001]
[bagging_fraction: 0.8]
[pos_bagging_fraction: 1]
[neg_bagging_fraction: 1]
[bagging_freq: 1]
[bagging_seed: 20260322]
[bagging_by_query: 0]
[feature_fraction: 0.6]
[feature_fraction_bynode: 1]
[feature_fraction_seed: 20260322]
[extra_trees: 0]
[extra_seed: 18836]
[early_stopping_round: 0]
[early_stopping_min_delta: 0]
[first_metric_only: 0]
[max_delta_step: 0]
[lambda_l1: 1]
[lambda_l2: 3]
[linear_lambda: 0]
[min_gain_to_split: 0.05]
[drop_rate: 0.1]
[max_drop: 50]
[skip_drop: 0.5]
[xgboost_dart_mode: 0]
[uniform_drop: 0]
[drop_seed: 22382]
[top_rate: 0.2]
[other_rate: 0.1]
[min_data_per_group: 100]
[max_cat_threshold: 32]
[cat_l2: 10]
[cat_smooth: 10]
[max_cat_to_onehot: 4]
[top_k: 20]
[monotone_constraints: ]
[monotone_constraints_method: basic]
[monotone_penalty: 0]
[feature_contri: ]
[forcedsplits_filename: ]
[refit_decay_rate: 0.9]
[cegb_tradeoff: 1]
[cegb_penalty_split: 0]
[cegb_penalty_feature_lazy: ]
[cegb_penalty_feature_coupled: ]
[path_smooth: 0]
[interaction_constraints: ]
[verbosity: -1]
[saved_feature_importance_type: 0]
[use_quantized_grad: 0]
[num_grad_quant_bins: 4]
[quant_train_renew_leaf: 0]
[stochastic_rounding: 1]
[linear_tree: 0]
[max_bin: 255]
[max_bin_by_feature: ]
[min_data_in_bin: 3]
[bin_construct_sample_cnt: 200000]
[data_random_seed: 20260322]
[is_enable_sparse: 1]
[enable_bundle: 1]
[use_missing: 1]
[zero_as_missing: 0]
[feature_pre_filter: 1]
[pre_partition: 0]
[two_round: 0]
[header: 0]
[label_column: ]
[weight_column: ]
[group_column: ]
[ignore_column: ]
[categorical_feature: ]
[forcedbins_filename: ]
[precise_float_parser: 0]
[parser_config_file: ]
[objective_seed: 31326]
[num_class: 1]
[is_unbalance: 0]
[scale_pos_weight: 1]
[sigmoid: 1]
[boost_from_average: 1]
[reg_sqrt: 0]
[alpha: 0.9]
[fair_c: 1]
[poisson_max_delta_step: 0.7]
[tweedie_variance_power: 1.5]
[lambdarank_truncation_level: 30]
[lambdarank_norm: 1]
[label_gain: ]
[lambdarank_position_bias_regularization: 0]
[eval_at: ]
[multi_error_top_k: 1]
[auc_mu_weights: ]
[num_machines: 1]
[local_listen_port: 12400]
[time_out: 120]
[machine_list_filename: ]
[machines: ]
[gpu_platform_id: -1]
[gpu_device_id: -1]
[gpu_use_dp: 0]
[num_gpu: 1]

end of parameters

pandas_categorical:null
