tree
version=v4
num_class=1
num_tree_per_iteration=1
label_index=0
max_feature_idx=24
objective=binary sigmoid:1
feature_names=same_market_raw_bool same_source_dataset_bool profile_category_jaccard shared_title_count_capped shared_description_count_capped shared_category_count_capped shared_title_idf_sum shared_description_idf_sum shared_title_idf_mean shared_description_idf_mean boilerplate_ratio_max boilerplate_ratio_gap_abs shared_boilerplate_count shared_low_df_sentence_count shared_rare_ngram_count item_count_percentile_gap_abs price_median_percentile_gap_abs title_length_median_percentile_gap_abs description_length_median_percentile_gap_abs digit_ratio_mean_percentile_gap_abs punct_ratio_mean_percentile_gap_abs repeated_title_share_percentile_gap_abs repeated_description_share_percentile_gap_abs max_category_share_percentile_gap_abs embedding_cosine_paraphrase_multilingual_mpnet
feature_infos=[0:1] [0:1] [0:1] [0:5] [0:5] [0:5] [0:61.502074] [0:79.443972000000002] [0:8.8271080000000008] [0:8.8271080000000008] [0:0.125] [0:0.125] [0:1] [0:9] [0:7] [0:0.84691799999999995] [0:0.97017900000000001] [0:0.97814400000000001] [0:0.90912599999999999] [0:0.87231599999999998] [0:0.92139599999999999] [0:0.78087600000000001] [0:0.625498] [0:0.96330300000000002] [0.22664200000000001:0.99467700000000003]
tree_sizes=1198 765 959 1040 994 1195 660 1306 862 992 1087 1095 970 1094 951 1079 1098 685 1101 1079 841 1065 674 685 1064 1296 680 763 840 1261 993 970 935 886 744 1241 1051 858 1294 778 959 962 859 978 1073 1146 873 945 927 936 868 1280 1296 895 1261 1288 1072 846 1063 866 870 960 1078 1066 873 859 769 1166 876

Tree=0
num_leaves=10
num_cat=0
split_feature=24 4 3 2 24 24 2 9 5
split_gain=115.672 36.2731 15.1913 18.2196 12.4884 14.0741 6.41129 3.99713 1.34035
threshold=0.85893200000000014 1.0000000180025095e-35 1.0000000180025095e-35 0.44097200000000009 0.78572700000000018 0.82529500000000011 0.069048000000000012 8.3586015000000007 2.5000000000000004
decision_type=2 10 10 10 2 2 8 10 10
left_child=1 4 3 6 8 -6 -2 -5 -1
right_child=2 -3 -4 7 5 -7 -8 -9 -10
leaf_value=-0.084282427022620079 0.00026295508847869593 0.069937048293641502 0.088385605664917363 -0.067407299139527171 0.011755799918097581 -0.066039606072955379 0.052601728123558636 0.0096638986493101688 -0.00081184069322128385
leaf_weight=30.253227934241298 8.366296246647833 4.3211206793785086 16.596135780215263 3.8692983686923972 10.328918978571894 9.7605779618024808 30.46708545088768 1.2159785330295561 1.1356208622455586
leaf_count=253 33 10 39 22 60 78 188 4 5
internal_value=0.000823507 -0.0501899 0.0483413 0.0302395 -0.0624399 -0.0268457 0.0423748 -0.0471784 -0.0821974
internal_weight=116.314 55.7995 60.5148 43.9187 51.4783 20.0895 38.8334 5.08528 31.3888
internal_count=692 406 286 247 396 138 221 26 258
is_linear=0
shrinkage=1


Tree=1
num_leaves=6
num_cat=0
split_feature=24 3 21 24 9
split_gain=115.464 39.5908 31.1732 13.0438 2.59504
threshold=0.78143000000000018 1.0000000180025095e-35 0.0038650000000000004 0.8908545000000001 8.5171115000000022
decision_type=2 10 8 2 10
left_child=4 2 -2 -4 -1
right_child=1 -3 3 -5 -6
leaf_value=-0.082505172010364447 -0.078662290773344801 0.087000324243205196 -0.0049481000807518232 0.043330656091355717 0
leaf_weight=30.312215536832813 7.2054097503423682 21.310444861650467 22.595962353050709 30.99625675752759 0.78271457552909751
leaf_count=254 41 50 158 173 3
internal_value=-0.000244823 0.0306619 0.00889388 0.0229407 -0.0802783
internal_weight=113.203 82.1081 60.7976 53.5922 31.0949
internal_count=679 422 372 331 257
is_linear=0
shrinkage=0.05


Tree=2
num_leaves=8
num_cat=0
split_feature=24 4 21 24 15 24 5
split_gain=98.0602 39.1244 32.3206 18.4292 3.436 5.50335 1.47693
threshold=0.78143000000000018 1.0000000180025095e-35 0.007818000000000002 0.91192750000000011 0.37963000000000008 0.74205000000000021 2.5000000000000004
decision_type=2 10 8 2 10 2 10
left_child=4 2 -2 -4 6 -6 -1
right_child=1 -3 3 -5 5 -7 -8
leaf_value=-0.081352913076046723 -0.077477050448905238 0.084356132062418696 -0.0049794306103037181 0.050346265884927834 -0.050882040876431722 0.039541406333173296 0
leaf_weight=27.082722350955017 8.0614180862903577 21.215976998209953 29.807896394282579 27.029518432915211 2.4452357888221736 1.2898257374763487 1.1336523890495289
leaf_count=237 46 50 204 137 14 3 5
internal_value=0 0.0277453 0.00737466 0.0215207 -0.0728856 -0.012498 -0.0790036
internal_weight=118.066 86.1148 64.8988 56.8374 31.9514 3.73506 28.2164
internal_count=696 437 387 341 259 17 242
is_linear=0
shrinkage=0.05


Tree=3
num_leaves=9
num_cat=0
split_feature=24 4 2 24 6 15 24 5
split_gain=85.8063 34.8115 30.1512 11.6667 2.29633 2.04243 1.42762 1.345
threshold=0.78143000000000018 1.0000000180025095e-35 0.47222200000000009 0.8908545000000001 8.3366935000000009 0.37963000000000008 0.73463450000000008 2.5000000000000004
decision_type=2 10 10 2 10 10 2 10
left_child=4 2 3 -2 5 7 -7 -1
right_child=1 -3 -4 -5 -6 6 -8 -9
leaf_value=-0.078890434004520005 -0.0063290935029962098 0.080660559205320656 -0.076168252584184998 0.038206416394560426 0 -0.034751530511538641 0.013126524169831552 0
leaf_weight=25.998093906790029 22.857297789305449 20.19407120347023 7.8604062944650641 34.359445132315159 0.77849277853965659 1.3904821872711175 1.2083557844161985 1.1336523890495289
leaf_count=228 162 48 45 189 3 8 4 5
internal_value=0 0.0256743 0.00680317 0.0202821 -0.0701058 -0.0722576 -0.00973383 -0.0765496
internal_weight=115.78 85.2712 65.0771 57.2167 30.5091 29.7306 2.59884 27.1317
internal_count=692 444 396 351 248 245 12 233
is_linear=0
shrinkage=0.05


Tree=4
num_leaves=8
num_cat=0
split_feature=24 3 24 0 3 2 2
split_gain=84.4202 25.0473 11.424 12.9457 5.51223 10.7752 3.80043
threshold=0.8908545000000001 1.0000000180025095e-35 0.7411120000000001 1.0000000180025095e-35 1.0000000180025095e-35 0.44097200000000009 0.048809500000000013
decision_type=2 10 2 10 10 10 8
left_child=1 2 -1 -4 5 6 -2
right_child=4 -3 3 -5 -6 -7 -8
leaf_value=-0.078570176939955466 0.0027174992018551844 0.060051485541734784 -0.0035344657994066195 -0.0645371973578103 0.073574000814958601 -0.039789160002520418 0.049171611780617491
leaf_weight=21.743488743901253 6.8512108772993079 4.2234559655189505 22.192392256110907 14.116531908512114 13.632486596703528 3.2053844779729834 25.989087231457233
leaf_count=188 26 10 180 77 33 17 150
internal_value=-0.00219136 -0.0407541 -0.0498356 -0.0295324 0.0454395 0.0316189 0.0407503
internal_weight=111.954 62.2759 58.0524 36.3089 49.6782 36.0457 32.8403
internal_count=681 455 445 257 226 193 176
is_linear=0
shrinkage=0.05


Tree=5
num_leaves=10
num_cat=0
split_feature=24 4 23 24 20 4 23 20 23
split_gain=71.9618 34.2663 14.0049 12.7383 5.05317 1.81415 2.0501 0.975458 2.04103
threshold=0.8908545000000001 1.0000000180025095e-35 0.069790500000000019 0.7411120000000001 0.29356350000000003 1.0000000180025095e-35 0.0014810000000000001 0.59936750000000016 0.36653400000000008
decision_type=2 10 8 2 10 10 8 10 10
left_child=1 2 -1 -4 5 6 -2 8 -6
right_child=4 -3 3 -5 7 -7 -8 -9 -10
leaf_value=-0.079547402904743547 -0.012498240465578091 0.066833549867530637 -0.069998510413002452 -0.0040057318263611308 -0.035512870063661245 0.071322356229169312 0.040778995020219456 0.023650147493093222 0.016280072301818022
leaf_weight=20.668585956096649 0.52235162258148449 5.9118759036064139 9.5531748458743078 24.937982495874166 2.5144432783126822 13.057956516742705 30.060845859348774 1.4500780850648878 1.6251009404659269
leaf_count=121 3 14 115 195 13 32 163 4 5
internal_value=0.00094303 -0.0347234 -0.0475304 -0.0251342 0.0453991 0.0509524 0.038548 0 -0.011825
internal_weight=110.302 61.0716 55.1597 34.4912 49.2308 43.6412 30.5832 5.58962 4.13954
internal_count=665 445 431 310 220 198 166 22 18
is_linear=0
shrinkage=0.05


Tree=6
num_leaves=5
num_cat=0
split_feature=4 21 23 18
split_gain=53.257 49.4045 19.6191 12.2049
threshold=1.0000000180025095e-35 0.007818000000000002 0.0048635000000000006 0.13526500000000005
decision_type=10 8 8 10
left_child=1 -1 -3 -4
right_child=-2 2 3 -5
leaf_value=-0.076810472253625639 0.075848456027501121 -0.066740750642840893 0 0.043173813778307035
leaf_weight=21.19206565618515 19.379808515310287 6.4498362839221945 43.006296329200268 24.293144688010216
leaf_count=126 47 38 404 77
internal_value=0.00331935 -0.0121758 0.00722583 0.0159786
internal_weight=114.321 94.9413 73.7493 67.2994
internal_count=692 645 519 481
is_linear=0
shrinkage=0.05


Tree=7
num_leaves=11
num_cat=0
split_feature=24 4 4 21 21 24 18 5 15 15
split_gain=68.5061 20.769 12.7459 12.8804 5.3158 8.33396 5.15519 4.98683 1.99761 0.824308
threshold=0.87185200000000007 1.0000000180025095e-35 1.0000000180025095e-35 0.12244600000000001 0.35188800000000003 0.78143000000000018 0.5574205000000001 1.0000000180025095e-35 0.36682500000000001 0.24009500000000003
decision_type=2 10 8 10 8 2 10 10 10 8
left_child=1 4 3 6 8 -6 -2 -5 -1 -4
right_child=2 -3 9 7 5 -7 -8 -9 -10 -11
leaf_value=-0.069457843595315163 -0.044385831319107935 0.053984204170713805 0.070974331793790826 -0.0095515044877581036 -0.056835850394999478 0.0073928946923541919 0.031527867082859255 0.051931316255851928 -0.014553580238609946 0.037744518213840311
leaf_weight=27.454157724976543 9.3578643202781695 3.6997652649879447 14.913454234600069 3.0325779020786277 7.8990787342190769 9.023575831204651 1.2719087898731221 11.308464869856833 4.0121007561683646 16.244304560124874
leaf_count=160 47 9 37 13 123 90 3 32 19 140
internal_value=-0.00141277 -0.042304 0.0362148 0.00764331 -0.051569 -0.0234171 -0.0304658 0.0376785 -0.0641964 0.0569446
internal_weight=108.217 52.0887 56.1286 24.9708 48.3889 16.9227 10.6298 14.341 31.4663 31.1578
internal_count=673 401 272 95 392 213 50 45 179 177
is_linear=0
shrinkage=0.05


Tree=8
num_leaves=7
num_cat=0
split_feature=24 4 21 2 3 5
split_gain=63.7848 22.1829 23.1989 9.69154 8.08556 1.4406
threshold=0.78572700000000018 1.0000000180025095e-35 0.007818000000000002 0.47222200000000009 1.5000000000000002 2.5000000000000004
decision_type=2 10 8 10 10 10
left_child=4 2 -2 -4 5 -1
right_child=1 -3 3 -5 -6 -7
leaf_value=-0.067597579177187936 -0.066076910636053643 0.069157600811014117 0.025149034472292837 -0.052509199498721432 0.028862354168873134 0
leaf_weight=29.079525455832488 7.6681988835334769 18.036563143134117 51.969389587640762 2.7654873430728903 1.2404748499393452 1.1079106777906407
leaf_count=259 46 46 312 16 3 5
internal_value=-0.000942085 0.022468 0.00727539 0.0194848 -0.0599134 -0.065544
internal_weight=111.868 80.4396 62.4031 54.7349 31.4279 30.1874
internal_count=687 420 374 328 267 264
is_linear=0
shrinkage=0.05


Tree=9
num_leaves=8
num_cat=0
split_feature=24 3 24 2 3 2 5
split_gain=57.1989 21.5486 9.64047 11.6478 4.73779 7.08121 4.99474
threshold=0.8908545000000001 1.0000000180025095e-35 0.7411120000000001 0.21363650000000003 1.0000000180025095e-35 0.44097200000000009 1.0000000180025095e-35
decision_type=2 10 2 10 10 10 8
left_child=1 2 -1 -4 5 6 -2
right_child=4 -3 3 -5 -6 -7 -8
leaf_value=-0.068349188543312803 -0.0032617350029130604 0.056918030316078054 -0.0017511145799285429 -0.062800572317206996 0.064983005472148192 -0.033412411542501984 0.042557529281704309
leaf_weight=19.523674815893173 5.9500689208507529 4.8037608563899985 25.070482347160578 10.547097727656363 14.476229086518286 2.7910085171461096 28.229410000145435
leaf_count=190 24 12 195 63 38 15 162
internal_value=0.00158979 -0.0310236 -0.0404307 -0.02231 0.039865 0.0272296 0.0340787
internal_weight=111.392 59.945 55.1413 35.6176 51.4467 36.9705 34.1795
internal_count=699 460 448 258 239 201 186
is_linear=0
shrinkage=0.05


Tree=10
num_leaves=9
num_cat=0
split_feature=24 3 21 24 3 24 15 24
split_gain=49.6078 18.5927 21.4233 5.1609 4.59149 4.4861 1.22473 1.63996
threshold=0.78143000000000018 1.0000000180025095e-35 0.092367000000000019 0.8908545000000001 1.5000000000000002 0.93127750000000009 0.37963000000000008 0.7193655000000001
decision_type=2 10 8 2 10 2 10 2
left_child=4 2 5 -4 6 -2 -1 -8
right_child=1 -3 3 -5 -6 -7 7 -9
leaf_value=-0.062875881502817532 -0.050782846055613888 0.065377162904213845 0.0016739995814676876 0.037790807966463891 0.019082167583737882 0.0046331546539785159 -0.034139532830640355 0.01625360671555081
leaf_weight=25.714858584105976 13.723376885056497 15.83857887983322 17.719945780932903 26.88182895258069 0.83004432916641135 3.4551126658916465 1.7660786062479013 1.1800346076488493
leaf_count=242 75 42 137 156 2 13 11 4
internal_value=-0.00134862 0.0194412 0.00599899 0.0245055 -0.0551656 -0.0388216 -0.0589868 -0.00965836
internal_weight=107.11 77.6188 61.7803 44.6018 29.491 17.1785 28.661 2.94611
internal_count=682 423 381 293 259 88 257 15
is_linear=0
shrinkage=0.05


Tree=11
num_leaves=9
num_cat=0
split_feature=24 3 2 23 5 3 18 24
split_gain=48.4411 17.2181 18.2376 6.4633 4.60864 4.47846 1.38787 1.67081
threshold=0.78143000000000018 1.0000000180025095e-35 0.24264700000000003 1.0000000180025095e-35 4.5000000000000009 1.5000000000000002 0.46012250000000005 0.7376140000000001
decision_type=2 10 10 8 8 10 10 2
left_child=5 2 3 -2 -4 6 -1 -8
right_child=1 -3 4 -5 -6 -7 7 -9
leaf_value=-0.062524399342489198 -0.044080993767172436 0.064038013443815919 -0.061408972613231694 0.024919410832882891 0.0020316207029116131 0.018768442687410083 -0.033405182474074716 0.017357094211804654
leaf_weight=24.966461770236499 2.0483292937278739 15.878658443689345 8.7386115193366969 47.912254557013512 2.8203029036521921 0.82687640190124412 1.8441633582115167 1.1727074980735777
leaf_count=242 12 43 52 309 11 2 12 4
internal_value=-0.000544154 0.0198717 0.00682241 0.0204022 -0.0455601 -0.0544849 -0.0583422 -0.00892697
internal_weight=106.208 77.3982 61.5195 49.9606 11.5589 28.8102 27.9833 3.01687
internal_count=687 427 384 321 63 260 258 16
is_linear=0
shrinkage=0.05


Tree=12
num_leaves=8
num_cat=0
split_feature=24 4 2 23 3 5 15
split_gain=44.223 14.5247 18.0027 9.13186 4.12757 1.61327 0.687721
threshold=0.78572700000000018 1.0000000180025095e-35 0.47222200000000009 0.0014810000000000001 1.5000000000000002 2.5000000000000004 0.37963000000000008
decision_type=2 10 10 8 10 10 10
left_child=4 2 3 -2 5 6 -1
right_child=1 -3 -4 -5 -6 -7 -8
leaf_value=-0.061046164684275962 -0.050543524325455225 0.062126326854710638 -0.060498395230805718 0.023902636420000213 0.018461351935727007 0 -0.013301347669284123
leaf_weight=23.322833385318528 2.8645741045474997 15.101934447884558 6.6678557693958274 53.729589022696018 0.82363265752792258 0.91525755822658439 3.2324875593185416
leaf_count=236 17 42 42 330 2 4 17
internal_value=0.0005708 0.0201819 0.00857585 0.0184964 -0.0511868 -0.0549857 -0.0571473
internal_weight=106.658 78.364 63.262 56.5942 28.2942 27.4706 26.5553
internal_count=690 431 389 347 259 257 253
is_linear=0
shrinkage=0.05


Tree=13
num_leaves=9
num_cat=0
split_feature=24 4 2 24 20 2 3 15
split_gain=39.4036 19.6508 8.72687 8.9491 6.89998 4.58666 1.90225 3.17392
threshold=0.8908545000000001 1.0000000180025095e-35 0.21363650000000003 0.7411120000000001 0.27958850000000007 0.069048000000000012 1.5000000000000002 0.057998000000000001
decision_type=2 10 10 2 10 10 10 8
left_child=1 2 3 -1 6 -6 7 -2
right_child=4 -3 -4 -5 5 -7 -8 -9
leaf_value=-0.05711417247196892 -0.0010342563128991741 0.054009417098341075 -0.066156838062730025 -0.0019370191112738782 -0.057457577582778245 0.017559665632553397 0.05970386913830511 0.035906621990304609
leaf_weight=9.9432130791246873 5.7088215351104763 4.929942935705184 17.86768601834774 23.714853256940842 2.0775642395019522 2.8525021225214005 11.216387420892714 24.752147130668163
leaf_count=127 24 13 120 183 12 10 32 151
internal_value=-0.000680744 -0.0286674 -0.0383534 -0.0206897 0.0325367 -0.0161942 0.0392425 0.0284776
internal_weight=103.063 56.4557 51.5258 33.6581 46.6074 4.93007 41.6774 30.461
internal_count=672 443 430 310 229 22 207 175
is_linear=0
shrinkage=0.05


Tree=14
num_leaves=8
num_cat=0
split_feature=24 4 2 24 4 2 2
split_gain=40.2288 17.1188 10.0552 10.234 2.93042 9.07036 3.35351
threshold=0.89397950000000004 1.0000000180025095e-35 0.24264700000000003 0.7411120000000001 1.0000000180025095e-35 0.44097200000000009 0.069048000000000012
decision_type=2 10 10 2 10 10 8
left_child=1 2 3 -1 5 6 -2
right_child=4 -3 -4 -5 -6 -7 -8
leaf_value=-0.056374595473162349 0 0.052208453797016087 -0.064902031565995374 0 0.059464443342222187 -0.044691391874575478 0.042001592830808648
leaf_weight=10.160368122160433 6.5297681242227581 4.7967727482318869 17.405653476715088 26.391962707042694 11.369555711746214 2.5933293253183356 24.009297274053097
leaf_count=134 25 13 120 197 33 16 141
internal_value=0.000777915 -0.0258735 -0.03449 -0.0173637 0.0362048 0.0252714 0.0338071
internal_weight=103.257 58.7548 53.958 36.5523 44.502 33.1324 30.5391
internal_count=679 464 451 331 215 182 166
is_linear=0
shrinkage=0.05


Tree=15
num_leaves=9
num_cat=0
split_feature=24 4 23 21 20 2 4 2
split_gain=38.2563 18.9455 8.09206 6.88265 3.59177 5.72545 1.38437 0.148867
threshold=0.8908545000000001 1.0000000180025095e-35 0.069790500000000019 0.059233000000000008 0.27958850000000007 0.069048000000000012 1.0000000180025095e-35 0.17708350000000003
decision_type=2 10 8 10 10 10 10 10
left_child=1 2 -1 -4 6 -6 -2 -7
right_child=4 -3 3 -5 5 7 -8 -9
leaf_value=-0.064150108695754771 0.027729142191362313 0.052404611057949205 -0.034774068948121545 0.011656130126411396 -0.052975833292757103 0.038198383060277993 0.056201516318684967 0.00076435606146194957
leaf_weight=17.729513734579086 27.98381569981575 5.0890833437442771 22.641010172665119 10.01321320235729 1.9119534343481053 2.0009542107582097 11.868491187691687 1.9971988648176191
leaf_count=125 170 14 278 40 11 5 36 8
internal_value=0 -0.0275317 -0.0373693 -0.0199179 0.0333149 0 0.0385442 0.029356
internal_weight=101.235 55.4728 50.3837 32.6542 45.7624 5.91011 39.8523 3.99815
internal_count=687 457 443 318 230 24 206 13
is_linear=0
shrinkage=0.05


Tree=16
num_leaves=9
num_cat=0
split_feature=24 4 23 23 16 24 5 24
split_gain=37.2683 14.7798 5.36403 7.85283 2.84563 1.71942 0.895633 0.390652
threshold=0.8908545000000001 1.0000000180025095e-35 0.069790500000000019 0.47808800000000007 0.48804800000000004 0.90237450000000008 1.0000000180025095e-35 0.89589750000000012
decision_type=2 10 8 8 10 2 8 2
left_child=1 2 -1 -4 5 7 -7 -2
right_child=4 -3 3 -5 -6 6 -8 -9
leaf_value=-0.062011005867616521 0.014368168269486246 0.048332520570516409 0.010180606318788744 -0.039408326588968021 -0.019062174444600899 0.011318969842864426 0.041732386805113694 -0.0057705430850015851
leaf_weight=15.782611459493635 2.6316272132098666 3.9984157979488364 10.288108229637144 21.89075081422925 1.1340071856975544 6.7107321768999091 31.814600482583046 2.6779659613966942
leaf_count=115 13 11 42 281 6 25 159 18
internal_value=-0.000908884 -0.0296061 -0.0378778 -0.0230643 0.031597 0.0340464 0.037682 0.00150593
internal_weight=96.9288 51.9599 47.9615 32.1789 44.9689 43.8349 38.5253 5.30959
internal_count=670 449 438 323 221 215 184 31
is_linear=0
shrinkage=0.05


Tree=17
num_leaves=5
num_cat=0
split_feature=4 23 2 22
split_gain=27.0236 24.4095 11.2731 8.11256
threshold=1.0000000180025095e-35 0.0048635000000000006 0.47222200000000009 0.053048000000000005
decision_type=10 8 10 10
left_child=1 -1 3 -3
right_child=-2 2 -4 -5
leaf_value=-0.061314474401619239 0.060300948224366768 -0.0048089013656101029 -0.054899074105956007 0.030071102897914894
leaf_weight=16.134583204984665 15.427557557821272 33.929251499474049 5.6202757507562628 28.910165265202522
leaf_count=121 47 370 38 101
internal_value=0.0023905 -0.00874693 0.00433385 0.0111765
internal_weight=100.022 84.5943 68.4597 62.8394
internal_count=677 630 509 471
is_linear=0
shrinkage=0.05


Tree=18
num_leaves=9
num_cat=0
split_feature=24 3 24 21 20 20 4 21
split_gain=28.6825 14.9012 6.30812 6.41655 5.60668 3.36807 1.26763 8.33537
threshold=0.8908545000000001 1.0000000180025095e-35 0.7411120000000001 0.055778500000000002 0.27958850000000007 0.59936750000000016 1.0000000180025095e-35 0.036704000000000007
decision_type=2 10 2 8 10 10 10 8
left_child=1 2 -1 -4 6 -6 7 -2
right_child=4 -3 3 -5 5 -7 -8 -9
leaf_value=-0.057919258335522916 -0.032056229578664934 0.04946617149531167 -0.048704219659732047 -0.0015497804906252311 -0.045739260411300497 0.024229181177637768 0.052646362650539159 0.035998489538047393
leaf_weight=17.026740603148937 3.8251340240240124 4.4896343052387229 10.007207632064818 22.814705215394497 2.7276698946952815 1.1697838604450224 10.437136277556418 24.874673958867788
leaf_count=194 20 13 68 186 15 3 34 154
internal_value=-0.000974942 -0.0250707 -0.0335196 -0.0181555 0.0287083 -0.0192098 0.0346284 0.0249586
internal_weight=97.3727 54.3383 49.8487 32.8219 43.0344 3.89745 39.1369 28.6998
internal_count=687 461 448 254 226 18 208 174
is_linear=0
shrinkage=0.05


Tree=19
num_leaves=9
num_cat=0
split_feature=24 4 21 2 23 3 5 15
split_gain=27.1797 11.6433 16.1298 6.42884 3.6991 2.42635 1.50431 0.923908
threshold=0.78572700000000018 1.0000000180025095e-35 0.092367000000000019 0.17708350000000003 1.0000000180025095e-35 2.5000000000000004 2.5000000000000004 0.37963000000000008
decision_type=2 10 8 10 8 10 10 10
left_child=5 2 3 -2 -4 6 7 -1
right_child=1 -3 4 -5 -6 -7 -8 -9
leaf_value=-0.052895769639228332 0.00067515466258383987 0.055911663329719391 -0.031154137697727298 -0.058908647582844267 0.025441593213141458 0.011224039760875576 0 -0.0060829429261027371
leaf_weight=18.789471622556459 6.5066510289907447 14.396415740251539 1.4500998556613911 8.9499959200620633 44.093442346900702 0.70182144641876121 0.86056417226791282 2.874803587794303
leaf_count=226 27 47 9 58 293 2 4 16
internal_value=0.00265651 0.0175127 0.00692594 -0.0345109 0.0221723 -0.0426944 -0.0460108 -0.0485592
internal_weight=98.6233 75.3966 61.0002 15.4566 45.5435 23.2267 22.5248 21.6643
internal_count=682 434 387 85 302 248 246 242
is_linear=0
shrinkage=0.05


Tree=20
num_leaves=7
num_cat=0
split_feature=24 3 21 24 7 7
split_gain=23.2167 14.4073 14.6516 4.81309 1.48743 0.975316
threshold=0.7411120000000001 1.0000000180025095e-35 0.0038650000000000004 0.91192750000000011 17.222693000000003 8.6832670000000025
decision_type=2 10 8 2 10 10
left_child=4 2 5 -4 -1 -2
right_child=1 -3 3 -5 -6 -7
leaf_value=-0.055651629334270758 -0.056173481467609379 0.055643025420510632 -0.00042961880282660998 0.027878370296994276 0 0
leaf_weight=15.213725715875622 8.6436903551220858 13.349244043231009 34.127665963023901 23.106824994087219 0.50145226716995317 0.81057208776474077
leaf_count=187 66 44 253 131 2 4
internal_value=0 0.0110723 0.000756093 0.0109934 -0.0528288 -0.0519556
internal_weight=95.7532 80.038 66.6888 57.2345 15.7152 9.45426
internal_count=687 498 454 384 189 70
is_linear=0
shrinkage=0.05


Tree=21
num_leaves=9
num_cat=0
split_feature=24 4 2 23 18 6 24 15
split_gain=24.4423 10.6556 11.4472 5.17296 1.91825 1.32652 1.09048 0.226546
threshold=0.78143000000000018 1.0000000180025095e-35 0.47222200000000009 0.0014810000000000001 0.46012250000000005 8.3366935000000009 0.7411120000000001 0.39309100000000002
decision_type=2 10 10 8 10 10 2 10
left_child=4 2 3 -2 5 7 -6 -1
right_child=1 -3 -4 -5 6 -7 -8 -9
leaf_value=-0.053234508147668815 -0.041034949313341472 0.054359657249763639 -0.05269885385433614 0.018132653965442749 -0.021514477052431955 0 0.02376747539316687 -0.0041461104980851952
leaf_weight=16.54261688888074 2.3434286266565314 13.220250293612478 5.7344731986522666 50.335005082190037 1.3294790983200067 0.49557098746299644 1.0075883716344831 1.6566061079502095
leaf_count=222 15 45 42 328 11 2 3 10
internal_value=0.00183163 0.016082 0.00585755 0.0139759 -0.0434343 -0.0483976 0 -0.0506912
internal_weight=92.665 71.6332 58.4129 52.6784 21.0319 18.6948 2.33707 18.1992
internal_count=678 430 385 343 248 234 14 232
is_linear=0
shrinkage=0.05


Tree=22
num_leaves=5
num_cat=0
split_feature=4 21 24 7
split_gain=23.8466 18.8875 10.8089 4.81087
threshold=1.0000000180025095e-35 0.007818000000000002 0.7411120000000001 1.0000000180025095e-35
decision_type=10 8 2 10
left_child=1 -1 -3 -4
right_child=-2 2 3 -5
leaf_value=-0.058067481452634566 0.054920229855354441 -0.048209574584674536 0.013271106361249663 -0.046326744403248188
leaf_weight=15.495755277574061 14.902293615043162 7.9414030462503424 53.289518371224403 2.0000611096620551
leaf_count=131 52 130 369 12
internal_value=0 -0.0112443 0.000923902 0.00950828
internal_weight=93.629 78.7267 63.231 55.2896
internal_count=694 642 511 381
is_linear=0
shrinkage=0.05


Tree=23
num_leaves=5
num_cat=0
split_feature=4 21 2 5
split_gain=20.6162 18.4109 4.39215 6.6598
threshold=1.0000000180025095e-35 0.007818000000000002 0.47222200000000009 1.0000000180025095e-35
decision_type=10 8 10 10
left_child=1 -1 3 -3
right_child=-2 2 -4 -5
leaf_value=-0.056995962569995895 0.053676601983935347 -0.0042199710591555575 -0.044635901734211683 0.030594865532466292
leaf_weight=14.784917145967482 13.906850956380366 44.378983903676271 3.0833930000662795 17.699751451611519
leaf_count=129 50 436 21 60
internal_value=0.000398881 -0.00937975 0.00208847 0.00580077
internal_weight=93.8539 79.947 65.1621 62.0787
internal_count=696 646 517 496
is_linear=0
shrinkage=0.05


Tree=24
num_leaves=9
num_cat=0
split_feature=24 3 15 2 24 17 23 18
split_gain=19.1592 9.67185 7.51621 4.18702 3.96397 2.79176 1.37085 0.589734
threshold=0.78143000000000018 1.0000000180025095e-35 0.12203800000000002 0.28991600000000006 0.92499700000000007 0.032222500000000008 0.032232000000000004 0.025775000000000003
decision_type=2 10 8 10 2 8 10 8
left_child=5 2 4 -4 -2 6 -1 -7
right_child=1 -3 3 -5 -6 7 -8 -9
leaf_value=-0.021338082587318827 -0.038574522897099152 0.052167203101410646 0.021573653186224034 -0.029886093396630939 0.005887088793461677 0 0.026255071852505446 -0.048836587190177652
leaf_weight=1.4411062151193648 10.646532267332079 12.282278582453726 38.019613809883595 2.6987474635243407 6.483388051390647 0.76863535493612545 1.5290495008230207 16.09223660826683
leaf_count=14 63 46 274 17 25 5 6 216
internal_value=0.0016854 0.014303 0.00472719 0.0166302 -0.0212855 -0.0396317 0 -0.0469561
internal_weight=89.9616 70.1306 57.8483 40.7184 17.1299 19.831 2.97016 16.8609
internal_count=666 425 379 291 88 241 20 221
is_linear=0
shrinkage=0.05


Tree=25
num_leaves=11
num_cat=0
split_feature=24 4 15 15 3 20 5 19 24 24
split_gain=24.0445 8.54258 3.70148 4.31018 2.30004 2.04736 2.52497 1.01142 0.812248 0.894724
threshold=0.8908545000000001 1.0000000180025095e-35 0.3458750000000001 0.42083000000000009 1.0000000180025095e-35 0.27958850000000007 1.0000000180025095e-35 0.20602100000000004 0.91192750000000011 0.9009815000000001
decision_type=2 10 10 10 10 10 10 10 2 2
left_child=1 2 4 -4 -1 8 -7 -8 9 -2
right_child=5 -3 3 -5 -6 6 7 -9 -10 -11
leaf_value=-0.038350904878486004 0.02300306649814023 0.039455499946874931 0.036289895602554322 -0.036018551745792236 0.014118888121400126 -0.040244729462221296 -0.0012711727003174762 0.033539847429164049 0.036810611295901789 -0.0028708697650580862
leaf_weight=36.190462462604046 4.707259461283682 3.2470475435256949 3.3207791894674292 1.9806029647588728 0.76371529698371787 1.2194834202527989 1.6360344216227529 2.439215674996376 27.414483688771725 3.572459764778614
leaf_count=394 26 11 12 14 2 7 8 7 154 26
internal_value=0.000393754 -0.0239694 -0.0306001 0.00361387 -0.036108 0.0279196 0 0.0184986 0.0320637 0.0105549
internal_weight=86.4915 45.5026 42.2556 5.30138 36.9542 40.9889 5.29473 4.07525 35.6942 8.27972
internal_count=661 433 422 26 396 228 22 15 206 52
is_linear=0
shrinkage=0.05


Tree=26
num_leaves=5
num_cat=0
split_feature=4 21 24 19
split_gain=17.0277 16.2416 7.99 4.33952
threshold=1.0000000180025095e-35 0.010550500000000003 0.7411120000000001 0.07657700000000002
decision_type=10 8 2 8
left_child=1 -1 -3 -4
right_child=-2 2 3 -5
leaf_value=-0.055745445638374413 0.052741993720914149 -0.044213167515906378 -0.020781682994051084 0.014918188562940825
leaf_weight=13.722265288233755 11.342570185661314 6.6737836860120288 8.4766128957271558 46.525399930775166
leaf_count=126 44 117 41 346
internal_value=-0.000266282 -0.00943899 0.00154699 0.00856821
internal_weight=86.7406 75.3981 61.6758 55.002
internal_count=674 630 504 387
is_linear=0
shrinkage=0.05


Tree=27
num_leaves=6
num_cat=0
split_feature=3 21 24 15 9
split_gain=17.4994 12.8704 8.62367 5.33435 0.903973
threshold=1.0000000180025095e-35 0.0038650000000000004 0.7411120000000001 0.25245100000000004 8.7551875000000017
decision_type=10 8 2 10 10
left_child=1 4 -3 -4 -1
right_child=-2 2 3 -5 -6
leaf_value=-0.054111645508225698 0.052656712191237909 -0.047733084266266837 -0.00050508016574427679 0.036234662548192839 0
leaf_weight=12.918071307241913 11.494911447167395 6.8307448327541342 46.733130894601345 10.611327826976774 0.70511751621961671
leaf_count=126 46 127 365 36 4
internal_value=-0.00083981 -0.00990586 0 0.00661895 -0.0514015
internal_weight=89.2933 77.7984 64.1752 57.3445 13.6232
internal_count=704 658 528 401 130
is_linear=0
shrinkage=0.05


Tree=28
num_leaves=7
num_cat=0
split_feature=24 3 21 23 7 7
split_gain=16.0506 10.1029 8.2964 4.2079 1.15016 0.688804
threshold=0.7411120000000001 1.0000000180025095e-35 0.0038650000000000004 0.0014810000000000001 17.222693000000003 8.6832670000000025
decision_type=2 10 8 8 10 10
left_child=4 2 5 -4 -1 -2
right_child=1 -3 3 -5 -6 -7
leaf_value=-0.052155925356777377 -0.049124061761668655 0.049573323195406714 -0.04187107622924207 0.010752485915196116 0 0
leaf_weight=12.559638351202008 6.668464131653308 10.748339489102362 2.4667735099792472 53.132117118686438 0.44352164119482118 0.72020893543958653
leaf_count=192 62 44 16 368 2 4
internal_value=-0.000992533 0.00802337 0 0.00694126 -0.0493841 -0.0449879
internal_weight=86.7391 73.7359 62.9876 55.5989 13.0032 7.38867
internal_count=688 494 450 384 194 66
is_linear=0
shrinkage=0.05


Tree=29
num_leaves=11
num_cat=0
split_feature=24 3 2 24 20 2 21 3 13 2
split_gain=14.75 7.86126 4.55242 4.57945 3.08062 4.4039 3.08171 3.99104 0.601258 0.52376
threshold=0.89397950000000004 1.0000000180025095e-35 0.21363650000000003 0.7411120000000001 0.27958850000000007 0.069048000000000012 0.12244600000000001 1.5000000000000002 1.5000000000000002 0.25833350000000005
decision_type=2 10 10 2 10 10 10 8 10 10
left_child=1 2 3 -1 6 -6 7 -2 -4 -7
right_child=4 -3 8 -5 5 9 -8 -9 -10 -11
leaf_value=-0.044147882820544715 -0.011869960828478082 0.040578385670134276 -0.053781011573523642 -0.0008867874578114914 -0.052590448180130304 0.032008095952674682 0.051402859249258984 0.029295203122029545 0 0
leaf_weight=7.3554912358522442 7.272382088005549 3.3767030686140052 11.095136515796181 24.148605443537235 1.8816283345222462 1.809696823358536 9.5803994983434659 14.342467773705719 0.86208757013082582 1.4648410677909849
leaf_count=136 35 12 112 195 11 5 31 123 5 7
internal_value=-0.000590334 -0.0191648 -0.0255614 -0.0132922 0.022493 -0.0079854 0.0284306 0.014492 -0.0509452 0.0208793
internal_weight=83.1894 46.838 43.4613 31.5041 36.3514 5.15617 31.1952 21.6148 11.9572 3.27454
internal_count=672 460 448 331 212 23 189 158 117 12
is_linear=0
shrinkage=0.05


Tree=30
num_leaves=8
num_cat=0
split_feature=4 24 2 24 2 20 2
split_gain=15.7333 12.2143 5.32309 4.9045 3.07769 8.66148 3.90944
threshold=1.0000000180025095e-35 0.90272800000000009 0.24264700000000003 0.7411120000000001 0.069048000000000012 0.16493100000000002 0.44097200000000009
decision_type=10 2 10 2 8 10 10
left_child=1 2 3 -1 5 -3 -6
right_child=-2 4 -4 -5 6 -7 -8
leaf_value=-0.04667687232284215 0.049444380752476313 0.034745264259507233 -0.054308565719021873 -0.0018745226560898437 0.031387692489179796 -0.059136236450089225 -0.028329517580960091
leaf_weight=7.0307240076363078 11.841509461402891 3.428268268704417 11.113931410014628 26.763200987130404 19.936729233711961 3.2371570765972137 1.5211891084909428
leaf_count=138 51 10 113 213 134 18 11
internal_value=-0.000268515 -0.00949743 -0.0255606 -0.0134915 0.015304 -0.0102755 0.0244909
internal_weight=84.8727 73.0312 44.9079 33.7939 28.1233 6.66543 21.4579
internal_count=688 637 464 351 173 28 145
is_linear=0
shrinkage=0.05


Tree=31
num_leaves=8
num_cat=0
split_feature=4 24 21 3 15 5 22
split_gain=14.6229 12.8958 4.64982 4.30089 2.62721 2.18534 1.9877
threshold=1.0000000180025095e-35 0.90720000000000012 0.31253000000000003 1.0000000180025095e-35 0.0096050000000000024 1.5000000000000002 0.32654900000000003
decision_type=10 2 10 10 8 8 10
left_child=1 2 3 -1 -3 -6 -4
right_child=-2 4 6 -5 5 -7 -8
leaf_value=-0.034733119559472274 0.048177464078871718 -0.030756557665533635 -0.010793488732054074 0.027252994569387502 0 0.031217675951630205 0.040826991408763433
leaf_weight=40.419539410620928 10.972245216369627 0.91925606876611965 1.6375922113656991 1.4646179676055897 7.0741307362914112 16.688232451677322 2.2525158822536469
leaf_count=458 49 6 11 4 29 114 6
internal_value=-0.00148111 -0.0104051 -0.0260366 -0.031122 0.017461 0.0220314 0.0175021
internal_weight=81.4281 70.4559 45.7743 41.8842 24.6816 23.7624 3.89011
internal_count=677 628 479 462 149 143 17
is_linear=0
shrinkage=0.05


Tree=32
num_leaves=8
num_cat=0
split_feature=4 21 5 20 2 15 18
split_gain=13.8655 12.4902 6.85909 6.00892 3.06975 2.58828 1.75902
threshold=1.0000000180025095e-35 0.035092000000000005 1.5000000000000002 0.27958850000000007 0.44097200000000009 0.35713200000000006 0.63368450000000009
decision_type=10 8 10 10 8 10 10
left_child=1 5 3 -3 -4 6 -1
right_child=-2 2 4 -5 -6 -7 -8
leaf_value=-0.056715947171033544 0.047381355759149459 0 0.043752937615062541 -0.048347352722678885 -0.012751900219588736 0 0
leaf_weight=13.98940148204565 10.602416679263113 37.820651043206453 9.8238999694585765 6.084672436118125 1.5349236279726035 1.7962775975465763 0.66469496488571245
leaf_count=146 49 404 31 38 9 10 4
internal_value=-0.00186853 -0.0103128 0.000989858 -0.00772078 0.0335764 -0.0465858 -0.0530294
internal_weight=82.3169 71.7145 55.2641 43.9053 11.3588 16.4504 14.6541
internal_count=691 642 482 442 40 160 150
is_linear=0
shrinkage=0.05


Tree=33
num_leaves=7
num_cat=0
split_feature=4 24 23 15 2 2
split_gain=12.1064 9.76516 4.82716 4.45149 1.82943 2.42644
threshold=1.0000000180025095e-35 0.92469500000000016 0.032232000000000004 0.3458750000000001 0.44097200000000009 0.069048000000000012
decision_type=10 2 8 10 10 8
left_child=1 2 -1 -4 5 -3
right_child=-2 4 3 -5 -6 -7
leaf_value=-0.052009986495736606 0.045421846594973447 -0.0086430014853098574 -0.020022634577377539 0.024188744347999648 -0.020707357494078791 0.031597360233336563
leaf_weight=10.359968550503252 9.3140818849205953 3.0391004979610505 33.620734166353941 5.0077133029699317 0.95369735360145469 14.258740887045859
leaf_count=116 45 13 371 22 6 99
internal_value=-0.00337643 -0.0113433 -0.0230277 -0.0129782 0.0181198 0.023072
internal_weight=76.554 67.24 48.9884 38.6284 18.2515 17.2978
internal_count=672 627 509 393 118 112
is_linear=0
shrinkage=0.05


Tree=34
num_leaves=6
num_cat=0
split_feature=24 4 21 15 7
split_gain=9.9756 6.49133 7.59541 4.69736 0.80614
threshold=0.7411120000000001 1.0000000180025095e-35 0.007818000000000002 0.25245100000000004 17.222693000000003
decision_type=2 10 8 10 10
left_child=4 2 -2 -4 -1
right_child=1 -3 3 -5 -6
leaf_value=-0.045525467352243394 -0.04619025099073832 0.044066325684163979 0 0.034176404549222543 0
leaf_weight=9.6635635457932914 5.994402363896369 8.8077888339757902 43.980621464550495 11.146797716617582 0.39607764780521471
leaf_count=178 64 45 351 39 2
internal_value=3.73556e-05 0.00731029 0.000685779 0.00731294 -0.0427459
internal_weight=79.9893 69.9296 61.1218 55.1274 10.0596
internal_count=679 499 454 390 180
is_linear=0
shrinkage=0.05


Tree=35
num_leaves=11
num_cat=0
split_feature=24 24 24 21 2 0 15 2 24 9
split_gain=10.5166 3.95466 4.56895 4.07649 1.78144 1.75867 1.44482 1.21751 1.05337 0.594219
threshold=0.78143000000000018 0.92627750000000009 0.80304550000000008 0.089105000000000018 0.069048000000000012 1.0000000180025095e-35 0.37963000000000008 0.44097200000000009 0.74205000000000021 8.7551875000000017
decision_type=2 2 2 8 8 10 10 10 2 10
left_child=6 2 5 -4 -3 -2 9 -6 -8 -1
right_child=1 4 3 -5 7 -7 8 -9 -10 -11
leaf_value=-0.041965383160259821 0.045714261676283979 -0.0038521928394715035 -0.03164247308023848 0.0033096051631444664 0.038749187155577097 -0.0040568800008301256 -0.019309949920067088 0 0.026227270270237552 0
leaf_weight=13.275461420416828 5.2201605513691893 2.2572294473648098 10.117110036313532 25.418460302054882 13.615817978978159 0.9355182647705077 1.2012288719415658 3.1003024354577056 0.86412715911865223 0.49833828210830766
leaf_count=236 28 11 72 194 88 9 11 18 2 3
internal_value=0 0.00929266 0 -0.0068449 0.0272966 0.0355718 -0.0347378 0.032846 0 -0.0400796
internal_weight=76.5038 60.6646 41.6912 35.5356 18.9733 6.15568 15.8392 16.7161 2.06536 13.7738
internal_count=672 420 303 266 117 37 252 106 13 239
is_linear=0
shrinkage=0.05


Tree=36
num_leaves=9
num_cat=0
split_feature=24 3 22 16 17 17 7 18
split_gain=10.6584 5.81922 5.00351 3.36063 1.89513 1.62811 0.403738 0.362721
threshold=0.78572700000000018 1.0000000180025095e-35 0.043781000000000007 0.025748000000000004 0.031621500000000004 0.17936550000000004 11.941379000000003 0.19540450000000004
decision_type=2 10 8 8 8 10 10 10
left_child=4 2 5 -4 7 -2 -6 -1
right_child=1 -3 3 -5 6 -7 -8 -9
leaf_value=-0.011790554945960029 -0.048429223354792689 0.0435651922191682 0.042381125834834027 0.0016878067800237219 -0.045729916124149575 0 0 0.014138946811455272
leaf_weight=0.92893233150243526 4.4344076141715041 8.1392867565155012 4.6077255159616461 40.82933709397912 12.252171099185942 2.6512933447957039 0.33956731855869371 1.346982419490814
leaf_count=12 35 42 15 305 223 17 3 9
internal_value=-0.00135356 0.00779337 0.000731443 0.00756963 -0.0374957 -0.0338681 -0.0443757 0
internal_weight=75.5297 60.6621 52.5228 45.4371 14.8677 7.0857 12.5917 2.27591
internal_count=661 414 372 320 247 52 226 21
is_linear=0
shrinkage=0.05


Tree=37
num_leaves=7
num_cat=0
split_feature=24 4 22 20 18 4
split_gain=10.1293 6.07053 8.27543 2.90584 1.38861 0.859803
threshold=0.75623850000000015 1.0000000180025095e-35 0.068218500000000015 0.30094300000000007 0.52111000000000007 2.5000000000000004
decision_type=2 10 8 10 10 10
left_child=5 2 4 -4 -2 -1
right_child=1 -3 3 -5 -6 -7
leaf_value=-0.04274590657525662 -0.043958141373620266 0.04343988467118165 0.015705113575123501 -0.015896229054467591 0.00019145809158285817 0
leaf_weight=11.340803693979975 8.4708493500947917 8.6465065628290159 39.420920193195343 6.8266374319791785 0.8202567398548134 0.3031731843948372
leaf_count=212 70 46 309 35 3 1
internal_value=0 0.00781322 0.000831888 0.010164 -0.0382589 -0.0402682
internal_weight=75.8291 64.1852 55.5387 46.2476 9.29111 11.644
internal_count=676 463 417 344 73 213
is_linear=0
shrinkage=0.05


Tree=38
num_leaves=11
num_cat=0
split_feature=24 23 21 19 20 22 22 19 20 16
split_gain=9.50932 6.36058 8.09889 2.71795 2.36481 1.56197 2.18711 1.18795 0.796417 0.447658
threshold=0.8908545000000001 1.0000000180025095e-35 0.055778500000000002 0.084079500000000015 0.29356350000000003 0.056071000000000003 0.017762500000000004 0.031058000000000006 0.5312285000000001 0.25089450000000008
decision_type=2 8 10 10 10 10 10 10 10 10
left_child=1 -1 7 -4 5 6 -2 -3 9 -6
right_child=4 2 3 -5 8 -7 -8 -9 -10 -11
leaf_value=-0.048437033671320448 0.019801978704274574 -0.01020142608965155 -0.0054661251196261584 0.039059582922678929 -0.035243699211386856 0.038719459514273448 -0.021965479052311974 -0.04143750846916875 0.0074359429142557935 0
leaf_weight=8.547012981027363 13.814188193529846 14.722393909469249 3.1872807294130316 9.4941679239273054 1.2360653579235075 14.102036409080027 2.1035397052764884 5.2174797169864169 1.2727920785546301 1.0485462248325346
leaf_count=113 127 234 18 36 8 54 13 51 5 5
internal_value=0.00202308 -0.0135156 -0.00190616 0.0267114 0.0215508 0.0262756 0.0114308 -0.021868 -0.00934488 -0.0245413
internal_weight=74.7455 41.1683 32.6213 12.6814 33.5772 30.0198 15.9177 19.9399 3.5574 2.28461
internal_count=664 452 339 54 212 194 140 285 18 13
is_linear=0
shrinkage=0.05


Tree=39
num_leaves=6
num_cat=0
split_feature=4 21 24 24 5
split_gain=10.6376 8.77556 4.82988 4.05981 1.69533
threshold=1.0000000180025095e-35 0.007818000000000002 0.91192750000000011 0.83389300000000011 1.5000000000000002
decision_type=10 8 2 2 8
left_child=1 -1 3 -3 -4
right_child=-2 2 4 -5 -6
leaf_value=-0.048161787444722846 0.046748174683891572 0.0036107883869271433 -0.00065282789559129451 -0.027744212169475663 0.026621852202801236
leaf_weight=9.738695949316023 8.7844779491424543 19.984556127339602 5.911415413022044 17.041036270558834 15.301335889846085
leaf_count=134 48 237 24 134 111
internal_value=-0.000381811 -0.00770991 0 -0.0106898 0.0183793
internal_weight=76.7615 67.977 58.2383 37.0256 21.2128
internal_count=688 640 506 371 135
is_linear=0
shrinkage=0.05


Tree=40
num_leaves=8
num_cat=0
split_feature=3 22 5 2 24 4 16
split_gain=8.6296 7.57065 5.86246 3.32216 2.83603 1.64272 1.77586
threshold=1.0000000180025095e-35 0.043781000000000007 1.5000000000000002 0.24264700000000003 0.7411120000000001 1.0000000180025095e-35 0.33786500000000003
decision_type=10 8 10 8 2 10 10
left_child=1 5 4 -4 -3 6 -1
right_child=-2 2 3 -5 -6 -7 -8
leaf_value=-0.054841934504371082 0.043387579043969719 -0.037142111894591552 0.050381352097244383 0 -0.0015129428582041839 0.0041294350762151573 0
leaf_weight=8.7901914864778465 8.1089199855923635 5.4188908189535132 6.5433806329965565 4.0780190676450738 39.524849221110344 0.53529606759548265 1.5941962338984019
leaf_count=103 45 130 20 20 339 2 15
internal_value=-0.00061613 -0.00718971 0.000247026 0.0316091 -0.0074079 -0.0425041 -0.0472294
internal_weight=74.5937 66.4848 55.5651 10.6214 44.9437 10.9197 10.3844
internal_count=674 629 509 40 469 120 118
is_linear=0
shrinkage=0.05


Tree=41
num_leaves=8
num_cat=0
split_feature=3 2 24 20 5 24 2
split_gain=8.40343 6.84044 5.0308 3.67265 1.48764 1.18301 0.0730228
threshold=1.0000000180025095e-35 0.24264700000000003 0.7411120000000001 0.21686250000000004 4.5000000000000009 0.94071950000000015 0.47222200000000009
decision_type=10 10 2 8 8 2 10
left_child=1 2 -1 -4 5 -3 -6
right_child=-2 4 3 -5 6 -7 -8
leaf_value=-0.03665537003755652 0.043762656832163564 -0.049756645369478256 0.02700314942948125 -0.00089769317924286271 0.0060126653042575475 0 -0.0057165323795593612
leaf_weight=5.3448924757540217 8.6966568082571012 8.5807629078626579 16.279695272445679 30.049940083175898 1.0902078598737728 1.2843941077589995 1.2208927646279333
leaf_count=133 50 119 62 292 4 6 9
internal_value=0.00131141 -0.00495979 0.00283752 0.00892304 -0.0365604 -0.0439967 0
internal_weight=72.5474 63.8508 51.6745 46.3296 12.1763 9.86516 2.3111
internal_count=675 625 487 354 138 125 13
is_linear=0
shrinkage=0.05


Tree=42
num_leaves=7
num_cat=0
split_feature=24 3 2 20 24 3
split_gain=8.79946 5.20659 4.87589 3.74166 3.45192 0.868433
threshold=0.7411120000000001 1.0000000180025095e-35 0.21363650000000003 0.27100800000000008 0.92731750000000013 2.5000000000000004
decision_type=2 10 10 10 2 10
left_child=5 2 3 -2 -4 -1
right_child=1 -3 4 -5 -6 -7
leaf_value=-0.045634565030563679 0.014276641956121904 0.041540499889566443 -0.046008160979754513 -0.020207822944287256 0.0063214870796397746 0
leaf_weight=8.7830382846295798 40.087919998914003 7.6331437639892092 6.8662403672933561 7.820605941116809 3.3328789845108986 0.28781643509864885
leaf_count=198 319 46 75 41 14 1
internal_value=0 0.00640114 0.00043656 0.00769881 -0.0281529 -0.0426665
internal_weight=74.8116 65.7408 58.1076 47.9085 10.1991 9.07085
internal_count=694 495 449 360 89 199
is_linear=0
shrinkage=0.05


Tree=43
num_leaves=8
num_cat=0
split_feature=3 22 24 24 21 15 24
split_gain=7.79821 6.9181 4.0719 4.93936 1.96177 1.10055 0.880885
threshold=1.0000000180025095e-35 0.043781000000000007 0.89397950000000004 0.83389300000000011 0.074969000000000022 0.011623500000000002 0.9534045000000001
decision_type=10 8 2 2 8 8 2
left_child=1 4 3 -3 6 -4 -1
right_child=-2 2 5 -5 -6 -7 -8
leaf_value=-0.050283273000716035 0.042653421927366923 0.0038986334251741085 -0.016831528511679052 -0.036574310567879409 2.7847953475922568e-05 0.019684860441834998 0
leaf_weight=8.7202494069933838 8.3139242976903898 19.976171344518665 0.38156689703464763 9.6232334300875646 1.4740034192800529 23.767935030162334 0.40926809608936388
leaf_count=124 51 245 3 88 8 161 2
internal_value=0.000809568 -0.00506519 0.00212908 -0.00958529 -0.0393426 0.0171826 -0.047158
internal_weight=72.6664 64.3524 53.7489 29.5994 10.6035 24.1495 9.12952
internal_count=682 631 497 333 134 164 126
is_linear=0
shrinkage=0.05


Tree=44
num_leaves=9
num_cat=0
split_feature=24 3 24 24 3 22 18 22
split_gain=8.66957 4.53784 5.28887 4.97846 1.50948 0.59182 0.491079 0.0806397
threshold=0.78572700000000018 1.0000000180025095e-35 0.80304550000000008 0.89397950000000004 1.5000000000000002 0.11053450000000002 0.47998750000000007 0.34277550000000007
decision_type=2 10 2 2 10 8 10 10
left_child=4 2 5 -4 6 -2 -1 -8
right_child=1 -3 3 -5 -6 -7 7 -9
leaf_value=-0.041401636888611933 0 0.043975105458793878 -0.021997919360885933 0.010023843503705769 0.0066308095684430683 0.051810623662660149 -0.0087042779469694263 0.0036400618184482254
leaf_weight=11.205432534217829 0.86279779672622581 6.6166405975818625 18.493930023163557 28.66439276188612 0.65793146193027574 4.0488611608743668 0.79305031895637579 0.60319911688566208
leaf_count=233 6 41 164 189 3 20 12 3
internal_value=0.000186967 0.00893475 0.00290876 -0.00231125 -0.0338099 0.0457423 -0.0381748 0
internal_weight=71.9462 58.6866 52.07 47.1583 13.2596 4.91166 12.6017 1.39625
internal_count=671 420 379 353 251 26 248 15
is_linear=0
shrinkage=0.05


Tree=45
num_leaves=10
num_cat=0
split_feature=4 21 5 0 20 24 20 18 15
split_gain=7.65664 9.44872 6.54052 3.60491 3.57479 2.08455 1.72435 0.855161 0.0972613
threshold=1.0000000180025095e-35 0.092367000000000019 1.0000000180025095e-35 1.0000000180025095e-35 0.27958850000000007 0.80304550000000008 0.087161000000000016 0.46012250000000005 0.24009500000000003
decision_type=10 8 10 8 10 2 10 8 10
left_child=1 3 4 5 -3 -1 -4 -5 -2
right_child=8 2 6 7 -6 -7 -8 -9 -10
leaf_value=0.032669257504153261 0.044264269993181331 0.00040491872414867943 0 -0.050647627741544569 -0.042941568772551023 -0.022329017809481228 0.043588174074128627 0 0
leaf_weight=1.8177168928086787 7.0632124692201605 31.901567559689283 2.0984735563397399 12.570803232491013 3.8834032528102389 1.8752385154366491 9.5208534896373731 1.3603682704269893 0.90923250094056118
leaf_count=7 44 388 11 156 25 11 33 13 6
internal_value=0 -0.00625944 0.00510008 -0.0361243 -0.00516688 0.00154471 0.0356011 -0.0469095 0.0417802
internal_weight=73.0009 65.0284 47.4043 17.6241 35.785 3.69296 11.6193 13.9312 7.97244
internal_count=694 644 457 187 413 18 44 169 50
is_linear=0
shrinkage=0.05


Tree=46
num_leaves=7
num_cat=0
split_feature=3 23 23 15 5 19
split_gain=6.53387 7.66027 5.36576 5.49679 3.99586 0.0212352
threshold=1.0000000180025095e-35 0.0048635000000000006 0.46812750000000009 0.12203800000000002 1.5000000000000002 0.19325150000000005
decision_type=10 8 10 10 10 10
left_child=1 -1 3 -3 -4 -2
right_child=5 2 4 -5 -6 -7
leaf_value=-0.047614974076920856 0.042449172845565125 -0.0049713889460175588 -0.056733733251028609 0.028087747785487217 0.018543028806787154 0
leaf_weight=8.0736686475574952 6.1884999200701705 33.844059579074383 4.8573425263166419 17.451248988509178 1.0133505165576933 0.90190995857119549
leaf_count=126 41 399 50 68 3 6
internal_value=-0.000596112 -0.0061932 0.000298609 0.00628065 -0.0392189 0.040082
internal_weight=72.3301 65.2397 57.166 51.2953 5.87069 7.09041
internal_count=693 646 520 467 53 47
is_linear=0
shrinkage=0.05


Tree=47
num_leaves=8
num_cat=0
split_feature=4 22 18 5 3 17 18
split_gain=6.29545 5.3508 3.10001 2.93835 1.36025 0.729416 0.184623
threshold=1.0000000180025095e-35 0.071532000000000012 0.5574205000000001 1.5000000000000002 2.5000000000000004 0.49421150000000008 0.36244800000000005
decision_type=10 8 10 8 10 10 10
left_child=1 4 3 -3 5 -1 -2
right_child=6 2 -4 -5 -6 -7 -8
leaf_value=-0.041266111452731825 0.042593151339613056 -0.018296572011095687 0.039380322171434529 0.0066323679203035089 0.0054558253721814481 0 0
leaf_weight=10.485980395227665 6.3454433232545844 16.833924926817417 3.4314969182014456 30.476183209568262 0.56481151282787401 0.78014503791928369 0.79105222597718228
leaf_count=131 43 107 11 360 2 8 5
internal_value=0 -0.00554095 0.00135589 -0.00201536 -0.0338203 -0.0381574 0.039932
internal_weight=69.709 62.5725 50.7416 47.3101 11.8309 11.2661 7.1365
internal_count=667 619 478 467 141 139 48
is_linear=0
shrinkage=0.05


Tree=48
num_leaves=8
num_cat=0
split_feature=24 3 2 15 24 3 15
split_gain=5.31717 3.12161 5.42582 3.74882 1.36456 0.615602 0.256633
threshold=0.7411120000000001 1.0000000180025095e-35 0.24264700000000003 0.12203800000000002 0.92731750000000013 2.5000000000000004 0.21627350000000004
decision_type=2 10 10 10 2 10 10
left_child=5 2 3 -2 -4 -1 -3
right_child=1 6 4 -5 -6 -7 -8
leaf_value=-0.03882600448949531 -0.0015835040343962353 0.039927064625488812 -0.041375331249968818 0.025609526487040318 0 0 0
leaf_weight=6.8555739037692538 29.51836996525526 5.1396820470690718 6.1890378557145578 18.688600227236748 3.4069808945059776 0.2582665979862212 0.74266401305794705
leaf_count=178 289 37 74 74 17 1 6
internal_value=0.00070928 0.00590456 0.00150007 0.00891028 -0.0296452 -0.0358273 0.0367
internal_weight=70.7992 63.6853 57.803 48.207 9.59602 7.11384 5.88235
internal_count=676 497 454 363 91 179 43
is_linear=0
shrinkage=0.05


Tree=49
num_leaves=8
num_cat=0
split_feature=24 3 22 18 0 3 15
split_gain=5.42341 3.49995 5.46457 2.20012 0.675344 0.621783 0.143169
threshold=0.7411120000000001 1.0000000180025095e-35 0.043781000000000007 0.12758150000000004 1.0000000180025095e-35 2.5000000000000004 0.24009500000000003
decision_type=2 10 8 10 10 10 10
left_child=5 2 4 -4 -2 -1 -3
right_child=1 6 3 -5 -6 -7 -8
leaf_value=-0.039094306886216269 0 0.040120211128525179 -0.00023497193371036854 0.020594553574589392 -0.042796868166210589 0 0
leaf_weight=7.0811163596808901 1.034877561032771 5.3817604482173911 30.581346411257982 17.701670557260513 5.4524524249136448 0.2582665979862212 0.83098669722676266
leaf_count=187 5 41 305 71 66 1 6
internal_value=0.000125277 0.0056562 0.000726591 0.00728987 -0.0371872 -0.0361643 0.03728
internal_weight=68.3225 60.9831 54.7703 48.283 6.48733 7.33938 6.21275
internal_count=682 494 447 376 71 188 47
is_linear=0
shrinkage=0.05


Tree=50
num_leaves=7
num_cat=0
split_feature=4 23 23 0 5 19
split_gain=5.65549 6.95769 4.44498 4.29022 3.52871 0.181211
threshold=1.0000000180025095e-35 0.0048635000000000006 0.46812750000000009 1.0000000180025095e-35 1.5000000000000002 0.22822400000000001
decision_type=10 8 10 8 10 10
left_child=1 -1 3 -3 -4 -2
right_child=5 2 4 -5 -6 -7
leaf_value=-0.045598059129599279 0.042593112948020456 0.036842662691080795 -0.05407553814195111 0.00032008437739528358 0.017613353185143687 0
leaf_weight=6.907795760780572 6.357379898428916 8.9225239828228933 4.0473567508161059 41.761560851708055 0.9895755648612975 0.83315109834074963
leaf_count=122 45 31 45 443 3 6
internal_value=0.00181807 -0.00298875 0.00291352 0.00810287 -0.035357 0.0398512
internal_weight=69.8193 62.6288 55.721 50.6841 5.03693 7.19053
internal_count=695 644 522 474 48 51
is_linear=0
shrinkage=0.05


Tree=51
num_leaves=11
num_cat=0
split_feature=24 2 20 2 24 24 23 21 18 24
split_gain=5.23119 5.02621 3.67636 3.97449 2.85548 2.71954 3.66824 1.7532 0.932409 1.04091
threshold=0.8908545000000001 0.24264700000000003 0.15305950000000001 0.069048000000000012 0.92129200000000011 0.83389300000000011 0.46812750000000009 0.26054900000000009 0.19540450000000004 0.93498750000000008
decision_type=2 8 10 10 2 2 8 10 10 2
left_child=1 5 8 4 -4 6 -1 -7 9 -2
right_child=2 -3 3 -5 -6 7 -8 -9 -10 -11
leaf_value=0.035862984807188907 3.3396742633621465e-05 -0.030926425963894267 0 0.013141601951344759 -0.067621936253809689 -0.039365055101757834 -0.025346474743421624 0.0037695815913051656 0.046094320137978928 0.026068194717258721
leaf_weight=8.1375139914452994 9.3177588470280259 18.313296604901552 1.5854994580149635 5.7196023985743523 2.1871852092444897 2.6569228842854491 1.5989054180681712 2.8770615682005882 4.2535476237535468 8.8391423821449262
leaf_count=47 88 341 8 27 14 19 17 13 14 77
internal_value=-0.0002127 -0.0140467 0.0135785 -0.00969128 -0.0429395 0.00566151 0.0215446 -0.017364 0.0244701 0.0150016
internal_weight=65.4864 33.5837 31.9027 9.49229 3.77268 15.2704 9.73642 5.53398 22.4104 18.1569
internal_count=665 437 228 49 22 96 64 32 179 165
is_linear=0
shrinkage=0.05


Tree=52
num_leaves=11
num_cat=0
split_feature=24 23 24 23 3 24 24 18 23 19
split_gain=5.67144 3.53607 6.11519 5.92374 2.20761 1.41405 4.19727 1.85104 2.34068 1.74522
threshold=0.8908545000000001 1.0000000180025095e-35 0.83389300000000011 0.49323350000000005 1.0000000180025095e-35 0.95181750000000009 0.96009500000000003 0.14308400000000002 0.46812750000000009 0.036773500000000008
decision_type=2 10 2 10 10 2 2 8 10 8
left_child=1 -1 3 -3 -4 7 -7 9 -9 -2
right_child=5 2 4 -5 -6 6 -8 8 -10 -11
leaf_value=-0.026140667000992407 0.027601421980576198 0.041839889861773609 -0.042680866420235691 -0.02989929628645769 0.012101984319465006 -0.039869007764566096 0.027893608904905776 0.034894465892294356 -0.015917593683314614 -0.012756957587148204
leaf_weight=17.86651174724102 2.6274495869874963 9.6737075559794921 5.3931419700384131 2.2594184130430213 0.90629577636718739 2.7404779940843573 3.3374158926308155 17.584808558225635 0.98741712421178718 5.988033927977086
leaf_count=340 15 44 38 32 5 25 27 124 6 37
internal_value=0.0020376 -0.0110704 0.00329498 0.0245738 -0.0307823 0.0168451 -0.00120491 0.0216037 0.0299598 0
internal_weight=69.3647 36.0991 18.2326 11.9331 6.29944 33.2656 6.07789 27.1877 18.5722 8.61548
internal_count=693 459 119 76 43 234 52 182 130 52
is_linear=0
shrinkage=0.05


Tree=53
num_leaves=8
num_cat=0
split_feature=24 4 18 24 17 3 15
split_gain=5.45912 3.66805 4.7322 2.47457 2.07417 0.608781 0.199463
threshold=0.7411120000000001 1.0000000180025095e-35 0.12758150000000004 0.82661700000000005 0.19651100000000002 2.5000000000000004 0.23291750000000003
decision_type=2 10 8 2 8 10 10
left_child=5 2 4 -4 -2 -1 -3
right_child=1 6 3 -5 -6 -7 -8
leaf_value=-0.041385002829796957 -0.039609935343594777 0.040311691102344394 0.026508156734393704 0 0 0 0
leaf_weight=6.4643930234014979 7.3355201184749577 5.3907995969057074 11.791756857186554 31.22500554099679 5.2943667285144338 0.23878966271877278 0.78865126892924298
leaf_count=187 65 41 104 261 35 1 6
internal_value=0 0.00491371 0 0.00841651 -0.0247809 -0.0384361 0.0373258
internal_weight=68.5293 61.8261 55.6466 43.0168 12.6299 6.70318 6.17945
internal_count=700 512 465 365 100 188 47
is_linear=0
shrinkage=0.05


Tree=54
num_leaves=11
num_cat=0
split_feature=24 15 4 5 20 24 21 24 24 24
split_gain=4.91047 2.38497 2.77395 2.04862 2.89242 3.52269 2.14775 1.54327 2.18411 1.48087
threshold=0.86791300000000016 0.25245100000000004 1.0000000180025095e-35 1.5000000000000002 0.16287200000000004 0.91738200000000003 0.041201000000000008 0.82661700000000005 0.7411120000000001 0.95168750000000013
decision_type=2 10 8 10 10 2 10 2 2 2
left_child=1 2 -1 4 -2 -6 -5 8 -3 -8
right_child=3 7 -4 6 5 -7 9 -9 -10 -11
leaf_value=-0.039556434409540923 0.012752424271900787 -0.016708062614495863 -0.002077808105852804 0 0.0094717829148413483 -0.056297923440564168 0.047703731053558129 -0.023556522438592638 0.034002880380284671 0
leaf_weight=10.108312040567403 18.31351832672954 1.3054991774260987 11.55884814634919 3.7061588242650023 2.3632117472589007 2.4877668730914593 7.5242251530289632 1.0825690627098081 5.0526499375700951 1.4786569774150846
leaf_count=143 172 24 207 26 12 17 28 8 18 8
internal_value=0.000709162 -0.0137618 -0.0220708 0.0132009 0.00262559 -0.0256514 0.0284049 0.00728109 0.0192074 0.0400347
internal_weight=64.9814 29.1079 21.6672 35.8735 23.1645 4.85098 12.709 7.44072 6.35815 9.00288
internal_count=663 400 350 263 201 29 62 50 42 36
is_linear=0
shrinkage=0.05


Tree=55
num_leaves=11
num_cat=0
split_feature=24 2 24 24 2 4 5 20 21 17
split_gain=5.48604 3.25754 3.01446 3.20398 1.56473 2.15345 1.62575 1.86624 1.78914 0.323738
threshold=0.86791300000000016 0.077381000000000019 0.83389300000000011 0.7411120000000001 0.47222200000000009 1.0000000180025095e-35 1.5000000000000002 0.16493100000000002 0.035092000000000005 0.14900250000000001
decision_type=2 10 2 2 10 10 10 10 10 10
left_child=1 2 3 -1 6 -6 7 -2 -8 -4
right_child=4 -3 9 -5 5 -7 8 -9 -10 -11
leaf_value=-0.024484233460619023 0.017590170943786645 -0.039881245054551137 -0.036552879237503035 0.019350690004121776 -0.033500719357396201 0.021019336522544507 -0.0019520675896584881 -0.011808101999176788 0.043621301292789745 0
leaf_weight=3.8733592219650843 18.797936722636226 6.2901522833853951 3.9180658012628546 14.326284881681202 2.3675065450370307 1.5471581071615217 1.2830245047807682 5.115342676639556 8.988763675093649 0.94675349444150914
leaf_count=124 174 121 43 117 24 12 7 27 34 6
internal_value=0.00365783 -0.0117743 -0.00112403 0.00759846 0.0161747 -0.00748246 0.019785 0.009992 0.0362817 -0.0317838
internal_weight=67.4543 29.3546 23.0645 18.1996 38.0997 3.91466 34.1851 23.9133 10.2718 4.86482
internal_count=689 411 290 241 278 36 242 201 41 49
is_linear=0
shrinkage=0.05


Tree=56
num_leaves=9
num_cat=0
split_feature=3 2 15 24 24 20 2 19
split_gain=4.99466 4.40244 3.08244 3.47941 2.16577 2.01248 0.297256 0.0614058
threshold=1.0000000180025095e-35 0.24264700000000003 0.12203800000000002 0.7411120000000001 0.93127750000000009 0.09586950000000001 0.44097200000000009 0.19325150000000005
decision_type=10 10 8 2 2 10 10 10
left_child=1 2 5 -4 -3 -1 -6 -2
right_child=7 4 3 -5 6 -7 -8 -9
leaf_value=0.0010707540969817802 0.039521264418519504 -0.046192157528428333 -0.032582704134498305 0.012103169168967389 0.010973400937431816 -0.039652721780892283 -0.010981732212713979 0
leaf_weight=3.2838457189500314 5.2559786364436141 7.1924532670527679 3.2457342706620684 36.449032373726368 1.8977054953575136 5.3914958611130714 1.2695425078272817 0.81681405752897251
leaf_count=17 43 132 112 315 7 42 8 5
internal_value=-0.000791844 -0.00594594 0.00023121 0.00678908 -0.0332768 -0.0238954 0 0.0370565
internal_weight=64.8026 58.7298 48.3701 39.6948 10.3597 8.67534 3.16725 6.07279
internal_count=681 633 486 427 147 59 15 48
is_linear=0
shrinkage=0.05


Tree=57
num_leaves=7
num_cat=0
split_feature=4 23 21 24 19 18
split_gain=4.75541 5.42339 2.85259 3.24655 0.564456 0.186826
threshold=1.0000000180025095e-35 0.0048635000000000006 0.29705500000000001 0.8908545000000001 0.49110400000000004 0.36244800000000005
decision_type=10 8 10 2 10 10
left_child=1 -1 3 -3 -4 -2
right_child=5 2 4 -5 -6 -7
leaf_value=-0.044209374925838235 0.040042984628762421 -0.017089929382399782 0.034484781054720838 0.0081308657033420228 0 0
leaf_weight=6.0737229883670798 5.4180724620819083 22.401415973901749 5.1971156969666472 24.709014590829611 1.1986350268125532 0.75214721262454975
leaf_count=120 44 313 19 184 5 5
internal_value=0 -0.00454705 0.000583496 -0.00350483 0.0288088 0.0372198
internal_weight=65.7501 59.5799 53.5062 47.1104 6.39575 6.17022
internal_count=690 641 521 497 24 49
is_linear=0
shrinkage=0.05


Tree=58
num_leaves=9
num_cat=0
split_feature=24 4 2 18 16 2 23 24
split_gain=5.59291 3.4718 3.46409 3.17652 0.621133 0.612689 0.449426 0.193791
threshold=0.91192750000000011 1.0000000180025095e-35 0.24264700000000003 0.11095150000000002 0.42145950000000004 0.44097200000000009 0.47808800000000007 0.95670650000000013
decision_type=2 10 10 10 10 10 10 2
left_child=1 2 3 -1 5 6 -2 -7
right_child=4 -3 -4 -5 -6 7 -8 -9
leaf_value=-0.019168221154490812 0.026553118803296895 0.031114495260163758 -0.045681040146685836 0.011181870376075282 -0.0010128140135639307 -0.0090200875740159194 0 0.0099079718747924206
leaf_weight=19.504161622375253 17.436835303902637 2.759515978395938 6.4320779107511035 12.286583058536051 0.94612756371498008 1.590485364198684 1.073696769773959 0.87378487735986698
leaf_count=298 129 19 123 65 5 15 5 8
internal_value=0 -0.0106695 -0.0153765 -0.00671215 0.0197614 0.0218159 0.0247202 0
internal_weight=62.9033 40.9823 38.2228 31.7907 21.9209 20.9748 18.5105 2.46427
internal_count=667 505 486 363 162 157 134 23
is_linear=0
shrinkage=0.05


Tree=59
num_leaves=7
num_cat=0
split_feature=4 23 15 23 19 15
split_gain=4.35029 3.99983 2.59166 3.72824 2.53135 0.448692
threshold=1.0000000180025095e-35 0.0048635000000000006 0.25245100000000004 0.49323350000000005 0.28067500000000006 0.24009500000000003
decision_type=10 8 10 10 8 10
left_child=1 -1 4 -4 -3 -2
right_child=5 2 3 -5 -6 -7
leaf_value=-0.041102683816573442 0.039583707237490801 -0.02312227593026768 0.034981654392208954 -0.026242733564828393 0.0016925963227007236 0
leaf_weight=5.3314565289765588 5.1758156940340987 13.054189348593352 8.3870274499058706 1.6365286260843266 29.182511605322361 0.56274162977933873
leaf_count=117 42 86 32 22 380 5
internal_value=-0.000259711 -0.00510783 0 0.0207014 -0.00593536 0.0359179
internal_weight=63.3303 57.5917 52.2603 10.0236 42.2367 5.73856
internal_count=684 637 520 54 466 47
is_linear=0
shrinkage=0.05


Tree=60
num_leaves=7
num_cat=0
split_feature=24 4 15 19 3 18
split_gain=4.31164 3.09361 3.26739 2.11858 2.04346 0.37911
threshold=0.7411120000000001 1.0000000180025095e-35 0.12203800000000002 0.10689100000000001 1.0000000180025095e-35 0.17358600000000005
decision_type=2 10 8 10 8 10
left_child=-1 2 4 -4 -2 -3
right_child=1 5 3 -5 -6 -7
leaf_value=-0.038892225195777626 -0.027856837151860794 0.03789034829575183 -0.0014409507749485466 0.022277640135005421 0.017794058625954314 0
leaf_weight=5.503739606589078 12.786360695958134 4.738137260079383 25.502879984676838 11.918594459071754 1.1900493055582053 0.58112323284149159
leaf_count=189 103 42 284 57 5 5
internal_value=-0.00162874 0.00246674 -0.00123032 0.00603844 -0.0210065 0.0342688
internal_weight=62.2209 56.7171 51.3979 37.4215 13.9764 5.31926
internal_count=685 496 449 341 108 47
is_linear=0
shrinkage=0.05


Tree=61
num_leaves=8
num_cat=0
split_feature=3 2 5 15 24 4 24
split_gain=3.7781 4.04327 3.38885 2.59779 1.75148 0.917033 0.198
threshold=1.0000000180025095e-35 0.21363650000000003 1.5000000000000002 0.25245100000000004 0.92731750000000013 4.5000000000000009 0.94095200000000012
decision_type=10 10 10 8 2 10 2
left_child=1 2 3 -1 5 -3 -6
right_child=-2 4 -4 -5 6 -7 -8
leaf_value=-0.020747868896929769 0.035377827030489715 -0.045737533818615207 0.034706607115291159 0.005167684423926483 0.010592111867873713 0 -0.0073018211656903425
leaf_weight=12.009114274755119 5.616490125656127 6.6158054899424297 5.689685493707656 30.660287758335471 1.3837026953697207 0.30295020341873158 1.7160538733005521
leaf_count=82 51 131 21 393 6 1 10
internal_value=0.000651288 -0.00307478 0.00271643 -0.00201703 -0.0299126 -0.0417651 0
internal_weight=63.9941 58.3776 48.3591 42.6694 10.0185 6.91876 3.09976
internal_count=695 644 496 475 148 132 16
is_linear=0
shrinkage=0.05


Tree=62
num_leaves=9
num_cat=0
split_feature=23 23 0 21 20 3 5 7
split_gain=3.42785 3.36571 3.76487 2.27312 2.22325 1.65425 1.30573 0.557576
threshold=0.0048635000000000006 0.49323350000000005 1.0000000180025095e-35 0.10338400000000002 0.27100800000000008 1.5000000000000002 1.5000000000000002 16.460344500000001
decision_type=8 10 8 8 8 10 10 10
left_child=5 2 4 -4 -2 -1 7 -3
right_child=1 6 3 -5 -6 -7 -8 -9
leaf_value=-0.041360469327767151 0.041184300628730609 -0.045481199248437187 -0.021498855638454269 0.0069995722227151743 -0.0040898751746255317 0.0071162056993943805 0.0053306192427435388 0
leaf_weight=5.0865617524832478 9.8381118848919833 3.3363560065627094 7.1959771886467925 32.852466378360987 1.9840344339609153 0.78589643537998188 0.56140856444835652 0.53431451320648182
leaf_count=117 43 45 56 382 10 10 2 6
internal_value=0.000329685 0.00479475 0.00901624 0.000685922 0.0321047 -0.031354 -0.0301838 -0.04004
internal_weight=62.1751 56.3027 51.8706 40.0484 11.8221 5.87246 4.43208 3.87067
internal_count=671 544 491 438 53 127 53 51
is_linear=0
shrinkage=0.05


Tree=63
num_leaves=9
num_cat=0
split_feature=3 22 18 18 16 16 22 19
split_gain=3.17474 4.32443 2.45166 1.96986 0.778269 0.851191 0.723884 0.127317
threshold=1.0000000180025095e-35 0.071532000000000012 0.41936100000000004 0.3423270000000001 0.03604000000000001 0.023912000000000006 0.24482350000000003 0.30676050000000005
decision_type=10 8 10 10 10 10 10 10
left_child=1 4 3 -3 5 -1 -4 -2
right_child=7 2 6 -5 -6 -7 -8 -9
leaf_value=-0.022282788498476962 0.034870081862919546 -0.00013185881641484493 0 -0.046455813252516895 -0.045248481446383833 0.01159215313596865 0.039607719094247852 0
leaf_weight=2.1922337803989635 3.974124774336814 40.306884130463004 2.1620117444545022 1.0167341604828823 5.5236025620251894 1.4571418631821869 3.2451775595545769 0.69469787180423725
leaf_count=36 40 459 16 7 93 10 11 4
internal_value=-0.00150187 -0.00550407 0.000515156 -0.00344272 -0.0342736 -0.00446532 0.028561 0.032053
internal_weight=60.5726 55.9038 46.7308 41.3236 9.17298 3.64938 5.40719 4.66882
internal_count=676 632 493 466 139 46 27 44
is_linear=0
shrinkage=0.05


Tree=64
num_leaves=7
num_cat=0
split_feature=4 2 5 18 18 18
split_gain=3.49122 3.96445 1.79413 2.77132 2.05542 0.257763
threshold=1.0000000180025095e-35 0.47222200000000009 1.5000000000000002 0.15338650000000001 0.5574205000000001 0.37850450000000008
decision_type=10 10 10 10 8 10
left_child=1 2 4 -4 -1 -2
right_child=5 -3 3 -5 -6 -7
leaf_value=-0.017780482109556982 0.036617144852786485 -0.041465335358918054 -0.0058953910009020196 0.039975585194782004 0.0034897992854947824 0
leaf_weight=17.434326492249966 4.2896207720041266 5.250388763844966 4.5972646512091142 4.7859537899494171 23.957877598702908 0.63122335076332081
leaf_count=126 40 118 25 18 347 4
internal_value=-0.00117855 -0.00543038 -0.000143082 0.0174892 -0.00519485 0.0332962
internal_weight=60.9467 56.0258 50.7754 9.38322 41.3922 4.92084
internal_count=678 634 516 43 473 44
is_linear=0
shrinkage=0.05


Tree=65
num_leaves=7
num_cat=0
split_feature=3 23 15 23 18 18
split_gain=3.34951 4.83078 3.15341 2.5796 1.30251 0.0649255
threshold=1.0000000180025095e-35 0.032232000000000004 0.20377900000000002 0.47808800000000007 0.5574205000000001 0.40410450000000003
decision_type=10 8 10 8 10 10
left_child=1 -1 4 -4 -3 -2
right_child=5 2 3 -5 -6 -7
leaf_value=-0.044623728606347224 0.035311077979340265 -0.0096263865688106798 0.031853409046059239 -0.017342568649863437 0.02326823473814282 0
leaf_weight=5.4064740762114516 4.0783643424510947 37.235059579834342 9.7624600194394553 1.7213744763284928 1.4609436988830555 0.76129843294620503
leaf_count=125 43 437 39 25 6 4
internal_value=-0.0012397 -0.00541802 0 0.0214021 -0.00694056 0.0327344
internal_weight=60.426 55.5863 50.1798 11.4838 38.696 4.83966
internal_count=679 632 507 64 443 47
is_linear=0
shrinkage=0.05


Tree=66
num_leaves=6
num_cat=0
split_feature=4 23 18 23 18
split_gain=3.35084 4.03218 2.12292 2.9552 2.38254
threshold=1.0000000180025095e-35 0.0048635000000000006 0.11095150000000002 0.25680400000000009 0.065995500000000012
decision_type=10 8 10 10 10
left_child=1 -1 4 -4 -3
right_child=-2 2 3 -5 -6
leaf_value=-0.039580872477808046 0.037596160677931055 0 0.031165669822699846 -0.0031103938779967182 -0.040905714702427848
leaf_weight=4.7391363754868499 4.5397005379199973 28.704581074416641 11.06904334947467 9.754417007789014 2.5263217631727448
leaf_count=125 42 387 46 62 24
internal_value=0.00202077 -0.00128827 0.00274212 0.0148596 -0.0048842
internal_weight=61.3332 56.7935 52.0544 20.8235 31.2309
internal_count=686 644 519 108 411
is_linear=0
shrinkage=0.05


Tree=67
num_leaves=10
num_cat=0
split_feature=4 18 5 22 22 16 17 2 18
split_gain=2.7811 5.60507 3.72462 2.26103 1.07377 2.61326 1.21634 0.542645 0.516284
threshold=1.0000000180025095e-35 0.12758150000000004 1.5000000000000002 0.056071000000000003 0.21643650000000003 0.33786500000000003 0.091611500000000012 0.34848450000000003 0.17358600000000005
decision_type=10 8 10 8 8 10 10 10 10
left_child=1 4 3 -3 5 -1 -6 -4 -2
right_child=8 2 7 -5 6 -7 -8 -9 -10
leaf_value=-0.053099263771477404 0.036681651543833856 -0.036365669252400257 0.043822555274424968 0.0031509265957954274 -0.029948045834805943 0.0030401116766742083 0.010043850170353315 0 0
leaf_weight=6.2959770970046494 4.4169248864054671 2.4975345097482196 4.8313650488853446 35.406000820919871 1.4257841072976596 1.523393942043185 3.0844408199191093 1.4602959081530569 0.46100985631346691
leaf_count=98 45 53 19 416 14 16 20 9 6
internal_value=0.000730528 -0.002332 0.00571245 -0.000103669 -0.0304669 -0.0407505 -0.00275798 0.0372342 0.0323406
internal_weight=61.4027 56.5248 44.1952 37.9035 12.3296 7.81937 4.51022 6.29166 4.87793
internal_count=696 645 497 469 148 114 34 28 51
is_linear=0
shrinkage=0.05


Tree=68
num_leaves=7
num_cat=0
split_feature=4 23 23 23 5 18
split_gain=3.12462 2.55644 2.08902 2.90471 2.29817 0.361249
threshold=1.0000000180025095e-35 0.0048635000000000006 0.47808800000000007 0.39043850000000008 1.5000000000000002 0.22857600000000003
decision_type=10 8 10 10 10 10
left_child=1 -1 3 -3 -4 -2
right_child=5 2 4 -5 -6 -7
leaf_value=-0.038478112874383033 0.035003077025768721 -0.0031286592230824087 -0.047306791370440915 0.036534035754266309 0.012205862485946345 0
leaf_weight=4.3083724658936253 3.9247193969786158 42.370316492393613 3.3805051706731311 3.6288336217403403 0.82448098063468922 0.54343032464385022
leaf_count=117 41 453 49 12 3 5
internal_value=-0.00274041 -0.00671068 -0.00246377 0.000528888 -0.0311147 0.0310214
internal_weight=58.9807 54.5125 50.2041 45.9992 4.20499 4.46815
internal_count=680 634 517 465 52 46
is_linear=0
shrinkage=0.05


end of trees

feature_importances:
embedding_cosine_paraphrase_multilingual_mpnet=108
profile_category_jaccard=49
shared_description_count_capped=48
shared_title_count_capped=45
max_category_share_percentile_gap_abs=37
item_count_percentile_gap_abs=32
description_length_median_percentile_gap_abs=31
repeated_title_share_percentile_gap_abs=31
shared_category_count_capped=28
punct_ratio_mean_percentile_gap_abs=22
repeated_description_share_percentile_gap_abs=16
digit_ratio_mean_percentile_gap_abs=12
shared_description_idf_sum=8
price_median_percentile_gap_abs=8
title_length_median_percentile_gap_abs=7
same_market_raw_bool=6
shared_description_idf_mean=4
shared_title_idf_sum=2
shared_low_df_sentence_count=1

parameters:
[boosting: gbdt]
[objective: binary]
[metric: binary_logloss,auc]
[tree_learner: serial]
[device_type: cpu]
[data_sample_strategy: bagging]
[data: ]
[valid: ]
[num_iterations: 500]
[learning_rate: 0.05]
[num_leaves: 11]
[num_threads: 0]
[seed: 20260311]
[deterministic: 1]
[force_col_wise: 1]
[force_row_wise: 0]
[histogram_pool_size: -1]
[max_depth: 4]
[min_data_in_leaf: 6]
[min_sum_hessian_in_leaf: 0.001]
[bagging_fraction: 0.85]
[pos_bagging_fraction: 1]
[neg_bagging_fraction: 1]
[bagging_freq: 1]
[bagging_seed: 20260311]
[bagging_by_query: 0]
[feature_fraction: 0.85]
[feature_fraction_bynode: 1]
[feature_fraction_seed: 20260311]
[extra_trees: 0]
[extra_seed: 8410]
[early_stopping_round: 0]
[early_stopping_min_delta: 0]
[first_metric_only: 0]
[max_delta_step: 0]
[lambda_l1: 0.5]
[lambda_l2: 1.5]
[linear_lambda: 0]
[min_gain_to_split: 0.02]
[drop_rate: 0.1]
[max_drop: 50]
[skip_drop: 0.5]
[xgboost_dart_mode: 0]
[uniform_drop: 0]
[drop_seed: 22484]
[top_rate: 0.2]
[other_rate: 0.1]
[min_data_per_group: 100]
[max_cat_threshold: 32]
[cat_l2: 10]
[cat_smooth: 10]
[max_cat_to_onehot: 4]
[top_k: 20]
[monotone_constraints: ]
[monotone_constraints_method: basic]
[monotone_penalty: 0]
[feature_contri: ]
[forcedsplits_filename: ]
[refit_decay_rate: 0.9]
[cegb_tradeoff: 1]
[cegb_penalty_split: 0]
[cegb_penalty_feature_lazy: ]
[cegb_penalty_feature_coupled: ]
[path_smooth: 0]
[interaction_constraints: ]
[verbosity: -1]
[saved_feature_importance_type: 0]
[use_quantized_grad: 0]
[num_grad_quant_bins: 4]
[quant_train_renew_leaf: 0]
[stochastic_rounding: 1]
[linear_tree: 0]
[max_bin: 255]
[max_bin_by_feature: ]
[min_data_in_bin: 3]
[bin_construct_sample_cnt: 200000]
[data_random_seed: 20260311]
[is_enable_sparse: 1]
[enable_bundle: 1]
[use_missing: 1]
[zero_as_missing: 0]
[feature_pre_filter: 1]
[pre_partition: 0]
[two_round: 0]
[header: 0]
[label_column: ]
[weight_column: ]
[group_column: ]
[ignore_column: ]
[categorical_feature: ]
[forcedbins_filename: ]
[precise_float_parser: 0]
[parser_config_file: ]
[objective_seed: 16170]
[num_class: 1]
[is_unbalance: 0]
[scale_pos_weight: 1]
[sigmoid: 1]
[boost_from_average: 1]
[reg_sqrt: 0]
[alpha: 0.9]
[fair_c: 1]
[poisson_max_delta_step: 0.7]
[tweedie_variance_power: 1.5]
[lambdarank_truncation_level: 30]
[lambdarank_norm: 1]
[label_gain: ]
[lambdarank_position_bias_regularization: 0]
[eval_at: ]
[multi_error_top_k: 1]
[auc_mu_weights: ]
[num_machines: 1]
[local_listen_port: 12400]
[time_out: 120]
[machine_list_filename: ]
[machines: ]
[gpu_platform_id: -1]
[gpu_device_id: -1]
[gpu_use_dp: 0]
[num_gpu: 1]

end of parameters

pandas_categorical:null
