tree
version=v4
num_class=1
num_tree_per_iteration=1
label_index=0
max_feature_idx=25
objective=binary sigmoid:1
feature_names=same_market_raw_bool same_source_dataset_bool profile_category_jaccard shared_title_count_capped shared_description_count_capped shared_category_count_capped shared_title_idf_sum shared_description_idf_sum shared_title_idf_mean shared_description_idf_mean boilerplate_ratio_max boilerplate_ratio_gap_abs shared_boilerplate_count shared_low_df_sentence_count shared_rare_ngram_count item_count_percentile_gap_abs price_median_percentile_gap_abs title_length_median_percentile_gap_abs description_length_median_percentile_gap_abs digit_ratio_mean_percentile_gap_abs punct_ratio_mean_percentile_gap_abs repeated_title_share_percentile_gap_abs repeated_description_share_percentile_gap_abs max_category_share_percentile_gap_abs embedding_cosine_paraphrase_multilingual_mpnet reranker_score_gte_multilingual_reranker_base
feature_infos=[0:1] [0:1] [0:1] [0:5] [0:5] [0:5] [0:61.502074] [0:79.443972000000002] [0:8.8271080000000008] [0:8.8271080000000008] [0:0.125] [0:0.125] [0:1] [0:9] [0:7] [0:0.84691799999999995] [0:0.97017900000000001] [0:0.97814400000000001] [0:0.90912599999999999] [0:0.87231599999999998] [0:0.92139599999999999] [0:0.78087600000000001] [0:0.625498] [0:0.96330300000000002] [0.22664200000000001:0.99467700000000003] [0.38485900000000001:0.964619]
tree_sizes=1198 781 977 940 991 1195 952 1291 1089 1295 990 1096 989 1096 680 1228 1202 876 955 680 1264 684 1172 950 1074 1076 874 776 1174 1268 1276 776 787 1044 844 1073 1066 746 1054 780 889 848 1138 837 1053 1148 863

Tree=0
num_leaves=10
num_cat=0
split_feature=24 4 3 2 24 24 2 9 5
split_gain=115.672 36.2731 15.1913 18.2196 12.4884 14.0741 6.41129 3.99713 1.34035
threshold=0.85893200000000014 1.0000000180025095e-35 1.0000000180025095e-35 0.44097200000000009 0.78572700000000018 0.82529500000000011 0.069048000000000012 8.3586015000000007 2.5000000000000004
decision_type=2 10 10 10 2 2 8 10 10
left_child=1 4 3 6 8 -6 -2 -5 -1
right_child=2 -3 -4 7 5 -7 -8 -9 -10
leaf_value=-0.084282427022620079 0.00026295508847869593 0.069937048293641502 0.088385605664917363 -0.067407299139527171 0.011755799918097581 -0.066039606072955379 0.052601728123558636 0.0096638986493101688 -0.00081184069322128385
leaf_weight=30.253227934241298 8.366296246647833 4.3211206793785086 16.596135780215263 3.8692983686923972 10.328918978571894 9.7605779618024808 30.46708545088768 1.2159785330295561 1.1356208622455586
leaf_count=253 33 10 39 22 60 78 188 4 5
internal_value=0.000823507 -0.0501899 0.0483413 0.0302395 -0.0624399 -0.0268457 0.0423748 -0.0471784 -0.0821974
internal_weight=116.314 55.7995 60.5148 43.9187 51.4783 20.0895 38.8334 5.08528 31.3888
internal_count=692 406 286 247 396 138 221 26 258
is_linear=0
shrinkage=1


Tree=1
num_leaves=6
num_cat=0
split_feature=4 21 25 23 16
split_gain=84.8776 60.2736 20.2413 23.3321 6.9088
threshold=1.0000000180025095e-35 0.010550500000000003 0.65427900000000017 0.032232000000000004 0.03604000000000001
decision_type=10 8 2 8 8
left_child=1 -1 4 -4 -3
right_child=-2 2 3 -5 -6
leaf_value=-0.089744046196879118 0.087029510575519164 0.0154934468555639 -0.071414927888123564 0.028222873117499572 -0.059413470341503176
leaf_weight=22.480320796370506 20.882055908441544 2.6062060892581913 5.094830021262168 49.034158166497946 13.105432853102684
leaf_count=128 49 9 29 316 148
internal_value=-0.000244823 -0.0213277 0.00176771 0.0167224 -0.0452682
internal_weight=113.203 92.3209 69.8406 54.129 15.7116
internal_count=679 630 502 345 157
is_linear=0
shrinkage=0.05


Tree=2
num_leaves=8
num_cat=0
split_feature=24 4 2 24 15 24 5
split_gain=101.089 37.6492 34.7397 20.4329 3.2475 5.37727 1.31814
threshold=0.78143000000000018 1.0000000180025095e-35 0.44097200000000009 0.91676500000000016 0.37963000000000008 0.74205000000000021 2.5000000000000004
decision_type=2 10 10 2 10 2 10
left_child=4 2 3 -2 6 -6 -1
right_child=1 -3 -4 -5 5 -7 -8
leaf_value=-0.082315566603623241 -0.0041361171254195774 0.08368352654951064 -0.078072348482869897 0.054435862551748343 -0.051466968570087285 0.037819684407865185 -0.0002833274353093136
leaf_weight=27.117422875016935 30.553102102130651 21.203312709927559 8.4103858172893506 25.946520492434502 2.4481558799743648 1.2911231517791746 1.1345573514699925
leaf_count=237 210 50 48 129 14 3 5
internal_value=0 0.0281083 0.00809776 0.0230432 -0.0740207 -0.0138645 -0.0800419
internal_weight=118.105 86.1133 64.91 56.4996 31.9913 3.73928 28.252
internal_count=696 437 387 339 259 17 242
is_linear=0
shrinkage=0.05


Tree=3
num_leaves=8
num_cat=0
split_feature=24 4 21 24 6 17 17
split_gain=88.4583 33.4873 30.4056 11.4991 2.24875 0.257826 0.523935
threshold=0.78143000000000018 1.0000000180025095e-35 0.007818000000000002 0.8908545000000001 8.3366935000000009 0.031621500000000004 0.014187500000000002
decision_type=2 10 8 2 10 8 10
left_child=4 2 -2 -4 5 6 -1
right_child=1 -3 3 -5 -6 -7 -8
leaf_value=-0.037124303670885976 -0.07495952067566343 0.080078370389582473 -0.0055475421239901393 0.038808118100886753 0 -0.077112851217224207 0
leaf_weight=1.55819475650788 8.0199689269065839 20.170299053192139 22.508847828954458 34.576020270586014 0.777549147605895 26.325498431921005 1.9038765430450437
leaf_count=9 46 48 160 190 3 228 8
internal_value=0 0.0260854 0.00755561 0.0211975 -0.0711009 -0.0732165 -0.0241959
internal_weight=115.84 85.2751 65.1048 57.0849 30.5651 29.7876 3.46207
internal_count=692 444 396 350 248 245 17
is_linear=0
shrinkage=0.05


Tree=4
num_leaves=8
num_cat=0
split_feature=24 4 23 23 3 2 2
split_gain=87.4242 34.2801 10.1328 12.8976 5.31282 10.9365 3.60178
threshold=0.8908545000000001 1.0000000180025095e-35 0.19961900000000002 0.46812750000000009 1.0000000180025095e-35 0.44097200000000009 0.048809500000000013
decision_type=2 10 8 8 10 10 8
left_child=1 2 -1 -4 5 6 -2
right_child=4 -3 3 -5 -6 -7 -8
leaf_value=-0.077057428796898475 0.0040417748081404336 0.064160226605554746 0.021786962036939916 -0.04811660986833656 0.074027140449094794 -0.039645457515571858 0.04988981566628644
leaf_weight=25.716089874505997 6.8577210605144492 5.4753085076808921 7.3789925724267986 23.762363616377115 13.649747818708418 3.1926997750997534 26.013953186571598
leaf_count=146 26 13 26 270 33 17 150
internal_value=-0.00224456 -0.0414639 -0.0534515 -0.0305469 0.0462157 0.0324883 0.0416461
internal_weight=112.047 62.3328 56.8574 31.1414 49.7141 36.0644 32.8717
internal_count=681 455 442 296 226 193 176
is_linear=0
shrinkage=0.05


Tree=5
num_leaves=10
num_cat=0
split_feature=24 4 23 24 20 3 21 20 23
split_gain=74.1773 32.7822 12.9807 13.8339 5.05422 1.41575 6.17969 1.0093 2.00771
threshold=0.8908545000000001 1.0000000180025095e-35 0.069790500000000019 0.7411120000000001 0.29356350000000003 1.0000000180025095e-35 0.036704000000000007 0.59936750000000016 0.36653400000000008
decision_type=2 10 8 2 10 10 8 10 10
left_child=1 2 -1 -4 5 6 -2 8 -6
right_child=4 -3 3 -5 7 -7 -8 -9 -10
leaf_value=-0.078689091234783085 -0.0059777666334137319 0.064550846463133027 -0.072416894896464037 -0.0039826906837290262 -0.035127573470648932 0.071068485042366306 0.049140969070009456 0.024442739280859271 0.016226885935700663
leaf_weight=20.632792830467224 4.9238581955432918 5.8579927980899802 9.6750429272651655 24.949695948511362 2.5151632428169242 13.051652565598486 25.710973486304283 1.4552445262670515 1.6233774274587629
leaf_count=121 21 14 115 195 13 32 145 4 5
internal_value=0.000970221 -0.0352348 -0.0476802 -0.02601 0.0460772 0.0516291 0.0396384 0 -0.0115917
internal_weight=110.396 61.1155 55.2575 34.6247 49.2803 43.6865 30.6348 5.59379 4.13854
internal_count=665 445 431 310 220 198 166 22 18
is_linear=0
shrinkage=0.05


Tree=6
num_leaves=8
num_cat=0
split_feature=24 4 2 24 4 5 15
split_gain=75.1315 21.7446 26.8711 9.10133 5.67657 1.64662 0.726094
threshold=0.78572700000000018 1.0000000180025095e-35 0.47222200000000009 0.8908545000000001 1.0000000180025095e-35 2.5000000000000004 0.37963000000000008
decision_type=2 10 10 2 10 10 10
left_child=4 2 3 -2 5 6 -1
right_child=1 -3 -4 -5 -6 -7 -8
leaf_value=-0.070930244106025941 0 0.074361787643592567 -0.068461832440669931 0.040773522644626067 0.021989259110531342 0 -0.017744558898086803
leaf_weight=26.05861470848323 22.315605442970991 18.454863697290421 7.1669153273105612 35.377733714878559 0.85329505801200767 0.94864368438720603 3.2290199100971213
leaf_count=241 154 45 42 188 2 4 16
internal_value=0.00335775 0.0283113 0.013447 0.0255214 -0.0609718 -0.0650295 -0.0670287
internal_weight=114.405 83.3151 64.8603 57.6933 31.0896 30.2363 29.2876
internal_count=692 429 384 342 263 261 257
is_linear=0
shrinkage=0.05


Tree=7
num_leaves=11
num_cat=0
split_feature=24 4 4 21 21 24 2 23 25 4
split_gain=68.0451 19.8572 11.9375 12.4862 5.60666 8.67767 4.44441 3.29707 1.08709 0.305287
threshold=0.87185200000000007 1.0000000180025095e-35 1.0000000180025095e-35 0.12244600000000001 0.35188800000000003 0.78143000000000018 0.069048000000000012 0.36653400000000008 0.58434600000000014 1.0000000180025095e-35
decision_type=2 10 8 10 8 2 10 8 2 10
left_child=1 4 3 7 -1 -6 -5 -2 -4 -10
right_child=2 -3 8 6 5 -7 -8 -9 9 -11
leaf_value=-0.064010623958202548 -0.044090536624796214 0.052460100122000856 0 -0.00024529349270253903 -0.056725815301841113 0.0088494246900816219 0.054035035236815458 0.0083530047507998292 0.03801549025875807 0.06906699459320273
leaf_weight=31.493572890758514 7.8892948627471933 3.6568893790245047 0.18374535068869846 4.2381927222013465 7.8957518301904228 9.0031696930527669 10.104917824268339 2.7403007745742807 15.037621650844814 15.85757404565811
leaf_count=179 40 9 3 17 123 90 28 10 134 40
internal_value=-0.00137367 -0.0421376 0.0361569 0.00838995 -0.0511495 -0.0225576 0.0379133 -0.0291485 0.0562874 0.0571851
internal_weight=108.101 52.0494 56.0516 24.9727 48.3925 16.8989 14.3431 10.6296 31.0789 30.8952
internal_count=673 401 272 95 392 213 45 50 177 174
is_linear=0
shrinkage=0.05


Tree=8
num_leaves=9
num_cat=0
split_feature=24 3 2 3 23 4 18 18
split_gain=64.2233 21.5756 20.5034 8.22514 6.08504 5.78912 0.973 1.05501
threshold=0.78572700000000018 1.0000000180025095e-35 0.24264700000000003 1.5000000000000002 1.0000000180025095e-35 1.0000000180025095e-35 0.46012250000000005 0.52111000000000007
decision_type=2 10 10 10 8 10 10 10
left_child=3 2 4 6 -2 -4 -1 -8
right_child=1 -3 5 -5 -6 -7 7 -9
leaf_value=-0.069784503191616387 -0.041034775714207661 0.069923069340489627 -0.053946638260431605 0.0293687682614951 0.027511070284660544 0.02725932711810948 0.0018824548014730958 -0.035205307934874565
leaf_weight=26.791406329721219 1.8804472088813771 17.288345634937286 12.313785642385481 1.248829036951064 47.58353466540575 1.2228575646877278 1.6723628044128411 1.7886738479137418
leaf_count=246 11 44 67 3 295 3 7 11
internal_value=-0.000873857 0.0226727 0.00799435 -0.0599486 0.0232836 -0.0429607 -0.0656362 -0.0170946
internal_weight=111.79 80.289 63.0006 31.5013 49.464 13.5366 30.2524 3.46104
internal_count=687 420 376 267 306 70 264 18
is_linear=0
shrinkage=0.05


Tree=9
num_leaves=11
num_cat=0
split_feature=24 4 2 24 25 25 5 25 24 20
split_gain=57.1781 24.9134 9.79415 12.4098 5.29317 6.41383 3.09717 1.80915 1.5212 1.261
threshold=0.8908545000000001 1.0000000180025095e-35 0.24264700000000003 0.7411120000000001 0.82598250000000017 0.76093000000000011 2.5000000000000004 0.69195150000000016 0.89458100000000018 0.30094300000000007
decision_type=2 10 10 2 2 2 8 2 2 10
left_child=1 2 3 -1 5 7 -7 -2 -6 -10
right_child=4 -3 -4 -5 8 6 -8 -9 9 -11
leaf_value=-0.064017955538035853 0.0066751627229489465 0.057978047460966887 -0.07110827403813097 -0.0020457612042735661 -0.00062209368349142914 -0.053306276257867269 0.0038709319137222678 0.045786442665931446 0.06195987938163601 0.0019866364775397989
leaf_weight=11.239647973328827 6.4783239737153115 5.5478996932506552 18.337783232331276 24.82470316439867 0.23483039438724773 1.8867072165012349 5.1310140304267406 13.236566752195357 22.533113192766908 1.9202419966459263
leaf_count=137 37 14 114 195 2 11 36 55 91 7
internal_value=0.00174096 -0.0308613 -0.0416809 -0.0238103 0.0400208 0.0211857 -0.0152464 0.0354935 0.0570793 0.0586007
internal_weight=111.371 59.95 54.4021 36.0644 51.4208 26.7326 7.01772 19.7149 24.6882 24.4534
internal_count=699 460 446 332 239 139 47 92 100 98
is_linear=0
shrinkage=0.05


Tree=10
num_leaves=8
num_cat=0
split_feature=24 3 21 2 3 15 24
split_gain=50.5507 19.2504 21.6799 7.21423 4.64108 1.32153 1.68177
threshold=0.78143000000000018 1.0000000180025095e-35 0.007818000000000002 0.47222200000000009 1.5000000000000002 0.37963000000000008 0.7193655000000001
decision_type=2 10 8 10 10 10 2
left_child=4 2 -2 -4 5 -1 -7
right_child=1 -3 3 -5 -6 6 -8
leaf_value=-0.063150540373717118 -0.064697871406463409 0.066429899915870255 0.022932493951588959 -0.045842548368266456 0.019257679189172355 -0.034134144302374603 0.017037501535365696
leaf_weight=25.812969528138645 7.6611673533916465 15.948225602507589 51.462178222835064 2.5074916183948508 0.83262336254119773 1.765675246715545 1.1744125038385389
leaf_count=242 47 42 319 15 2 11 4
internal_value=-0.00113741 0.0198816 0.00614808 0.0181332 -0.0553571 -0.0591919 -0.00921282
internal_weight=107.165 77.5791 61.6308 53.9697 29.5857 28.7531 2.94009
internal_count=682 423 381 334 259 257 15
is_linear=0
shrinkage=0.05


Tree=11
num_leaves=9
num_cat=0
split_feature=24 3 2 23 24 3 24 15
split_gain=48.8558 18.1076 17.2948 6.00976 4.66192 4.51496 1.40301 4.54696
threshold=0.78143000000000018 1.0000000180025095e-35 0.24264700000000003 1.0000000180025095e-35 0.93127750000000009 1.5000000000000002 0.7411120000000001 0.25245100000000004
decision_type=2 10 10 8 2 10 2 10
left_child=5 2 3 -2 -4 6 -1 -8
right_child=1 -3 4 -5 -6 -7 7 -9
leaf_value=-0.067346701161340103 -0.042301539182380402 0.065120895743794024 -0.059971431346057341 0.024256012378470679 0.0042381632610045605 0.018940031471179584 -0.045634673845318802 0.023741355955009213
leaf_weight=20.073009166866548 2.0377544909715644 16.009483277797699 8.8629288971424085 47.813971634954214 2.6760417968034735 0.82949402928352256 6.2002017050981513 1.7791455835103986
leaf_count=193 12 43 53 309 10 2 59 6
internal_value=-0.000457729 0.0200628 0.00664211 0.0198924 -0.0443885 -0.0545489 -0.0584189 -0.0262196
internal_weight=106.282 77.4002 61.3907 49.8517 11.539 28.8819 28.0524 7.97935
internal_count=687 427 384 321 63 260 258 65
is_linear=0
shrinkage=0.05


Tree=12
num_leaves=8
num_cat=0
split_feature=24 4 2 23 4 24 15
split_gain=44.75 14.242 17.3115 8.73947 4.15858 1.51627 4.08254
threshold=0.78572700000000018 1.0000000180025095e-35 0.47222200000000009 0.0014810000000000001 1.0000000180025095e-35 0.7411120000000001 0.25245100000000004
decision_type=2 10 10 8 10 2 10
left_child=4 2 3 -2 5 -1 -7
right_child=1 -3 -4 -5 -6 6 -8
leaf_value=-0.064293273506464493 -0.048957792635721337 0.062031942068857218 -0.059103433745438597 0.023936748538342136 0.018629134714010575 -0.042195620090613839 0.022971527789316451
leaf_weight=19.31136895716191 2.8519039899110785 15.140543624758719 6.5872787386178961 53.82090549916029 0.82628440856933494 6.4152359962463361 1.7859203815460203
leaf_count=188 17 42 42 330 2 63 6
internal_value=0.000805642 0.0205305 0.00900488 0.018671 -0.0512152 -0.0550292 -0.0240699
internal_weight=106.739 78.4006 63.2601 56.6728 28.3388 27.5125 8.20116
internal_count=690 431 389 347 259 257 69
is_linear=0
shrinkage=0.05


Tree=13
num_leaves=9
num_cat=0
split_feature=24 4 2 24 20 2 25 25
split_gain=40.2913 18.3807 8.48414 8.98012 6.76972 4.51777 3.41422 4.60382
threshold=0.8908545000000001 1.0000000180025095e-35 0.21363650000000003 0.7411120000000001 0.27958850000000007 0.069048000000000012 0.81938750000000005 0.77323050000000004
decision_type=2 10 10 2 10 10 2 2
left_child=1 2 3 -1 6 -6 7 -2
right_child=4 -3 -4 -5 5 -7 -8 -9
leaf_value=-0.057314989674947171 0.031185826092351251 0.051766198957671053 -0.06586158982849169 -0.0020973038678921622 -0.056409242298655266 0.017900361805182383 0.053290566713159564 -0.022623508678019516
leaf_weight=9.9851826056838018 15.930666241794826 4.806628704071044 17.810043230652809 23.732040230184793 2.0895089209079734 2.8677733838558197 22.397374745458364 3.4169853553175917
leaf_count=127 82 13 120 183 12 10 100 25
internal_value=-0.000717016 -0.0290749 -0.0383384 -0.0209043 0.0328108 -0.0153775 0.0394463 0.0195394
internal_weight=103.036 56.3339 51.5273 33.7172 46.7023 4.95728 41.745 19.3477
internal_count=672 443 430 310 229 22 207 107
is_linear=0
shrinkage=0.05


Tree=14
num_leaves=5
num_cat=0
split_feature=4 21 23 18
split_gain=33.0599 31.1001 10.992 11.3071
threshold=1.0000000180025095e-35 0.007818000000000002 0.0048635000000000006 0.12758150000000004
decision_type=10 8 8 10
left_child=1 -1 -3 -4
right_child=-2 2 3 -5
leaf_value=-0.065513020609670111 0.063250090267945189 -0.054506047500203048 -0.0053556507751982806 0.036908333670818423
leaf_weight=19.04718579351902 16.23884379863739 5.5395313054323188 38.33377992361784 24.189633026719093
leaf_count=131 46 37 385 80
internal_value=0.000734428 -0.0115109 0.00432887 0.011087
internal_weight=103.349 87.1101 68.0629 62.5234
internal_count=679 633 502 465
is_linear=0
shrinkage=0.05


Tree=15
num_leaves=11
num_cat=0
split_feature=24 4 23 24 25 25 20 25 5 24
split_gain=40.3412 18.0502 7.41133 6.55958 5.59432 6.08202 2.27774 2.22559 1.27277 0.41654
threshold=0.8908545000000001 1.0000000180025095e-35 0.069790500000000019 0.7411120000000001 0.82598250000000017 0.76093000000000011 0.41085700000000008 0.69195150000000016 1.5000000000000002 0.89458100000000018
decision_type=2 10 8 2 2 2 10 2 8 2
left_child=1 2 -1 -4 5 7 9 -2 -7 -6
right_child=4 -3 3 -5 6 8 -8 -9 -10 -11
leaf_value=-0.063573390514032643 0.0019059782626991543 0.0506766545631313 -0.054491644097218829 -0.0050320620693029682 0 -0.046537182997955527 0 0.042232834189105631 0 0.057123445088285763
leaf_weight=17.657519951462746 6.7374867349863115 4.965756654739379 8.848541282117365 24.004840712994337 0.058680541813379672 1.6618544161319722 1.435641661286353 11.287939414381979 4.7377280592918396 20.101156409829855
leaf_count=125 38 14 127 191 1 10 6 54 34 87
internal_value=0 -0.0282132 -0.0376875 -0.0208786 0.0341749 0.0148737 0.0525387 0.0297444 -0.0215416 0.0566231
internal_weight=101.497 55.4767 50.5109 32.8534 46.0205 24.425 21.5955 18.0254 6.39958 20.1598
internal_count=687 457 443 318 230 136 94 92 44 88
is_linear=0
shrinkage=0.05


Tree=16
num_leaves=10
num_cat=0
split_feature=24 4 2 24 25 2 20 21 21
split_gain=39.6748 14.0804 5.83897 7.13267 3.67371 3.74792 4.87194 2.98411 0.608107
threshold=0.8908545000000001 1.0000000180025095e-35 0.16228100000000004 0.7411120000000001 0.85011800000000004 0.069048000000000012 0.16287200000000004 0.10338400000000002 0.0023540000000000006
decision_type=2 10 10 2 2 8 10 10 8
left_child=1 2 3 -1 5 6 -2 -7 -6
right_child=4 -3 -4 -5 8 7 -8 -9 -10
leaf_value=-0.056726859808480759 0.024689003593693894 0.04641196833100119 -0.062699645272556892 -0.0050744076269363695 0.0080310780737378028 0.0098513214853503377 -0.045530501753053475 0.052990088062796176 0.05423877508834675
leaf_weight=9.1686231605708617 3.0988054275512722 3.8826107382774344 16.623287245631218 22.27975120022893 2.7352290749549892 13.445734366774561 3.4933432340621948 6.6881497502326956 15.826061137020586
leaf_count=131 10 11 120 187 11 92 18 18 72
internal_value=-0.000975247 -0.0306313 -0.0385742 -0.0227892 0.0324035 0.0174419 -0.0109748 0.0280174 0.0497853
internal_weight=97.2416 51.9543 48.0717 31.4484 45.2873 26.726 6.59215 20.1339 18.5613
internal_count=670 449 438 318 221 138 28 110 83
is_linear=0
shrinkage=0.05


Tree=17
num_leaves=7
num_cat=0
split_feature=3 21 18 22 18 9
split_gain=28.3849 24.4203 4.42695 6.12833 4.41111 1.31811
threshold=1.0000000180025095e-35 0.0038650000000000004 0.12758150000000004 0.043781000000000007 0.065995500000000012 8.7551875000000017
decision_type=10 8 10 10 10 10
left_child=1 5 4 -4 -3 -1
right_child=-2 2 3 -5 -6 -7
leaf_value=-0.061472965960815168 0.061754313978644018 0.0011298216512285091 -0.040609272064955931 0.029772126736226569 -0.044161994887486428 0
leaf_weight=16.976805262267593 15.406020998954771 37.872443694621325 1.9454962164163614 22.613256826996803 4.5933622866868964 0.83807745575904746
leaf_count=127 46 379 12 80 29 4
internal_value=0.00234732 -0.00903631 0.00479204 0.0212207 -0.00454015 -0.0586886
internal_weight=100.245 84.8394 67.0246 24.5588 42.4658 17.8149
internal_count=677 631 500 92 408 131
is_linear=0
shrinkage=0.05


Tree=18
num_leaves=8
num_cat=0
split_feature=3 21 25 25 4 18 17
split_gain=29.6133 20.129 8.31984 5.56751 3.76012 3.89209 0.497885
threshold=1.0000000180025095e-35 0.036704000000000007 0.89539750000000018 0.58434600000000014 1.0000000180025095e-35 0.6195210000000001 0.089595500000000008
decision_type=10 8 2 2 10 10 8
left_child=1 4 3 -3 5 -1 -4
right_child=-2 2 6 -5 -6 -7 -8
leaf_value=-0.061685524575306155 0.05892707853034438 -0.052479645096357899 0 0 0.015352752334081203 0.009335090098899209 0.047492379116602444
leaf_weight=20.501030124723918 15.479887142777441 4.2115778848528853 0.69311204552650174 47.377820439636707 0.78030908107757468 1.0617244839668263 7.5375454053282747
leaf_count=150 48 65 3 370 2 4 45
internal_value=-0.00102084 -0.0134681 0.00157269 -0.00584147 -0.0523516 -0.0567248 0.0443503
internal_weight=97.643 82.1631 59.8201 51.5894 22.3431 21.5628 8.23066
internal_count=687 639 483 435 156 154 48
is_linear=0
shrinkage=0.05


Tree=19
num_leaves=5
num_cat=0
split_feature=4 21 23 25
split_gain=23.311 23.9372 9.14233 7.31275
threshold=1.0000000180025095e-35 0.007818000000000002 0.0048635000000000006 0.58434600000000014
decision_type=10 8 8 2
left_child=1 -1 -3 -4
right_child=-2 2 3 -5
leaf_value=-0.060092321729079891 0.056766620738796215 -0.05099767738586828 -0.047391500110712581 0.015900202039568042
leaf_weight=15.956234902143477 15.216181546449659 4.9471188858151427 3.3239550888538352 59.59835609421134
leaf_count=125 49 35 59 414
internal_value=0.00262586 -0.00773404 0.00524833 0.0111431
internal_weight=99.0418 83.8257 67.8694 62.9223
internal_count=682 633 508 473
is_linear=0
shrinkage=0.05


Tree=20
num_leaves=11
num_cat=0
split_feature=24 4 24 2 25 25 16 22 24 19
split_gain=25.0774 12.4554 6.50322 7.29786 3.87345 6.41071 2.63427 1.17503 0.956869 0.544729
threshold=0.89397950000000004 1.0000000180025095e-35 0.7411120000000001 0.25833350000000005 0.82311050000000019 0.76093000000000011 0.048837500000000006 0.040699500000000007 0.90777450000000015 0.41999550000000002
decision_type=2 10 2 10 2 2 8 8 2 10
left_child=1 2 -1 -4 5 7 -7 -2 -6 -10
right_child=4 -3 3 -5 8 6 -8 -9 9 -11
leaf_value=-0.05645160227765416 0 0.045630018720984732 -0.00015739064691148053 -0.051191304903741901 0.0014365847125155072 0.010244183118432865 -0.045900038958523688 0.032335025041167392 0.050426394300479883 0
leaf_weight=15.62269017845392 2.7806201875209871 4.4431333243846884 24.995588157325983 8.8196961656212789 2.4559871442616013 1.6148582398891438 4.1366084069013596 14.180854648351668 16.091658756136898 1.0760936439037312
leaf_count=188 12 14 196 66 15 6 35 73 78 4
internal_value=-7.72268e-06 -0.0226226 -0.0304106 -0.0157849 0.0279928 0.0112185 -0.0278304 0.0269992 0.044049 0.0482005
internal_weight=96.2178 53.8811 49.438 33.8153 42.3367 22.7129 5.75147 16.9615 19.6237 17.1678
internal_count=687 464 450 262 223 126 41 85 97 82
is_linear=0
shrinkage=0.05


Tree=21
num_leaves=5
num_cat=0
split_feature=4 23 2 23
split_gain=20.1421 17.6058 7.37538 6.87199
threshold=1.0000000180025095e-35 0.0048635000000000006 0.47222200000000009 0.49323350000000005
decision_type=10 8 10 8
left_child=1 -1 3 -3
right_child=-2 2 -4 -5
leaf_value=-0.057223852435323269 0.054726717220506343 0.025618112605616812 -0.050070254134057281 -0.0067915704983410111
leaf_weight=13.389059610664843 13.659479558467863 28.274830505251884 4.4569215774536124 33.39294621348381
leaf_count=111 46 102 32 387
internal_value=0.00163881 -0.00801687 0.00262526 0.00792805
internal_weight=93.1732 79.5138 66.1247 61.6678
internal_count=678 632 521 489
is_linear=0
shrinkage=0.05


Tree=22
num_leaves=10
num_cat=0
split_feature=24 4 24 24 20 4 23 23 23
split_gain=25.2129 11.6836 5.63721 6.61423 3.62533 1.4278 1.43253 1.18171 0.542978
threshold=0.8908545000000001 1.0000000180025095e-35 0.7411120000000001 0.83389300000000011 0.29356350000000003 1.0000000180025095e-35 0.46812750000000009 0.36653400000000008 0.15473250000000002
decision_type=2 10 2 2 10 10 10 10 10
left_child=1 2 -1 -4 5 6 -2 8 -6
right_child=4 -3 3 -5 7 -7 -8 -9 -10
leaf_value=-0.055258196194634929 0.02604301311539392 0.043921455511767203 0.00037553193234686141 -0.043832317538705361 0 0.050863335442161921 -0.007178484143043189 0.013207212313364497 -0.038814919602140813
leaf_weight=15.507633276283739 26.316978003829721 4.2525834739208213 20.146400503814224 11.82494146376848 1.5868086516857141 10.453930854797362 1.7587092071771611 1.2827705293893812 1.3651442378759382
leaf_count=195 169 14 152 100 7 37 8 4 8
internal_value=0 -0.0232584 -0.0309469 -0.0164599 0.027811 0.0327023 0.0228581 -0.00924646 -0.0257816
internal_weight=94.4959 51.7316 47.479 31.9713 42.7643 38.5296 28.0757 4.23472 2.95195
internal_count=694 461 447 252 233 214 177 19 15
is_linear=0
shrinkage=0.05


Tree=23
num_leaves=8
num_cat=0
split_feature=24 4 21 24 3 5 25
split_gain=23.1467 10.8061 10.3861 5.56232 2.22636 1.56742 1.74018
threshold=0.78572700000000018 1.0000000180025095e-35 0.007818000000000002 0.91192750000000011 1.5000000000000002 2.5000000000000004 0.78621200000000002
decision_type=2 10 8 2 10 10 2
left_child=4 2 -2 -4 5 6 -1
right_child=1 -3 3 -5 -6 -7 -8
leaf_value=-0.051637895947844764 -0.051905850919644614 0.052965843767483173 -0.002111691883897605 0.029128471338294239 0.01018108934385694 0 0
leaf_weight=19.395216919481765 5.6097779497504225 13.337225928902624 28.651262126863003 24.125954441726208 0.68672555685043235 0.79413884878158469 2.1288235485553733
leaf_count=238 42 48 202 139 2 4 21
internal_value=0.000351215 0.0146755 0.00440389 0.0121188 -0.0414531 -0.0446326 -0.0472332
internal_weight=94.7291 71.7242 58.387 52.7772 23.0049 22.3182 21.524
internal_count=696 431 383 341 265 263 259
is_linear=0
shrinkage=0.05


Tree=24
num_leaves=9
num_cat=0
split_feature=24 3 22 23 17 18 23 18
split_gain=21.1993 10.322 7.84213 3.38306 2.47563 2.22055 1.30287 0.573851
threshold=0.78143000000000018 1.0000000180025095e-35 0.040699500000000007 1.0000000180025095e-35 0.032222500000000008 0.052802000000000009 0.032232000000000004 0.025775000000000003
decision_type=2 10 8 8 8 10 10 8
left_child=4 2 5 -4 6 -2 -1 -6
right_child=1 -3 3 -5 7 -7 -8 -9
leaf_value=-0.022726988976099764 -0.0016377221009170008 0.053773080258628148 -0.033613517653927442 0.016832148380048591 0 -0.056519762270533569 0.023783765127045171 -0.049615895104792668
leaf_weight=1.511012740433219 4.4248367398977262 12.715310409665106 1.8834549039602269 47.660077609121799 0.77668645232916134 3.9948382452130318 1.5087293460965154 16.384411189705133
leaf_count=14 24 46 13 315 5 27 6 216
internal_value=0.00210563 0.015349 0.00535574 0.0134932 -0.0409761 -0.0348066 0 -0.0477745
internal_weight=90.8594 70.6785 57.9632 49.5435 20.1808 8.41967 3.01974 17.1611
internal_count=666 425 379 328 241 51 20 221
is_linear=0
shrinkage=0.05


Tree=25
num_leaves=9
num_cat=0
split_feature=24 4 2 23 4 2 5 24
split_gain=25.2355 7.852 4.20509 4.49249 2.34562 4.99019 3.61447 0.338499
threshold=0.8908545000000001 1.0000000180025095e-35 0.24264700000000003 0.0048635000000000006 1.0000000180025095e-35 0.47222200000000009 1.5000000000000002 0.89458100000000018
decision_type=2 10 10 10 8 10 10 2
left_child=1 2 3 -1 5 6 -2 -6
right_child=4 -3 -4 -5 7 -7 -8 -9
leaf_value=-0.032422130721773156 -0.00030687074237402764 0.03725671483390372 -0.055158584367208968 0.0044899608220342665 0 -0.039681353289710432 0.0407672661950274 0.040859205571911653
leaf_weight=18.716983824968342 7.8069610297679963 3.0929887890815726 12.415064945816992 11.572697684168814 0.45177086070180195 2.1832964345812789 9.9821979999542219 21.008913893252611
leaf_count=259 31 11 113 50 5 14 31 147
internal_value=0.000216921 -0.0246988 -0.0308636 -0.0179864 0.0282403 0.0125316 0.0228233 0.0399971
internal_weight=87.2309 45.7977 42.7047 30.2897 41.4331 19.9725 17.7892 21.4607
internal_count=661 433 422 309 228 76 62 152
is_linear=0
shrinkage=0.05


Tree=26
num_leaves=7
num_cat=0
split_feature=4 22 24 19 18 16
split_gain=17.1884 12.2095 9.47001 6.58686 0.81676 1.01418
threshold=1.0000000180025095e-35 0.043781000000000007 0.7411120000000001 0.07657700000000002 0.5574205000000001 0.33786500000000003
decision_type=10 8 2 8 10 10
left_child=1 4 -3 -4 5 -1
right_child=-2 2 3 -5 -6 -7
leaf_value=-0.055053175419512879 0.052845130387237149 -0.046480044238371473 -0.028155015326523467 0.016852504595696861 0 -0.0031825187286959192
leaf_weight=12.290372245013709 11.46511749923229 7.4657228030264369 8.1177774742245656 44.90986392647028 0.74622792005539018 2.350707672536374
leaf_count=103 44 122 43 340 5 17
internal_value=-0.000151564 -0.00935129 0.000719538 0.00891903 -0.0469711 -0.0493436
internal_weight=87.3458 75.8807 60.4934 53.0276 15.3873 14.6411
internal_count=674 630 505 383 125 120
is_linear=0
shrinkage=0.05


Tree=27
num_leaves=6
num_cat=0
split_feature=4 21 24 15 25
split_gain=19.1671 15.1685 9.55931 5.60427 4.6947
threshold=1.0000000180025095e-35 0.007818000000000002 0.91192750000000011 0.3458750000000001 0.70413450000000011
decision_type=10 8 2 10 2
left_child=1 -1 3 -3 -4
right_child=-2 2 4 -5 -6
leaf_value=-0.055392025053640492 0.052852434210226812 -0.021861121250453183 -0.020715227635999887 0.027683472768327499 0.034313388113503387
leaf_weight=13.926595255732535 12.328991726040838 35.850316032767296 3.0908668264746693 5.0061620473861685 19.596724968403578
leaf_count=133 49 367 23 20 112
internal_value=-0.00116344 -0.0109169 0 -0.0144348 0.0249632
internal_weight=89.7997 77.4707 63.5441 40.8565 22.6876
internal_count=704 655 522 387 135
is_linear=0
shrinkage=0.05


Tree=28
num_leaves=10
num_cat=0
split_feature=24 3 22 24 4 15 5 24 7
split_gain=17.3736 9.20779 6.69911 4.45524 2.51496 2.22627 1.72326 1.30452 1.00179
threshold=0.78572700000000018 1.0000000180025095e-35 0.056071000000000003 0.80304550000000008 1.0000000180025095e-35 0.37963000000000008 2.5000000000000004 0.74205000000000021 17.222693000000003
decision_type=2 10 8 2 10 10 10 2 10
left_child=5 2 4 -4 -2 6 8 -7 -1
right_child=1 -3 3 -5 -6 7 -8 -9 -10
leaf_value=-0.051236061587697793 -0.040496001081311149 0.050646612464831098 0.05130282324203958 0.0040695201877386762 0.015332623351069032 -0.022454562186685054 0.0009943636226898147 0.025240227486755841 0
leaf_weight=16.533219564706098 9.024772055447098 10.709345974028109 4.5337547473609439 41.664460096508265 0.93909418582916337 1.3866650164127343 0.75669138878583808 1.3345610648393629 0.42996195703744788
leaf_count=241 57 43 23 299 3 12 4 4 2
internal_value=-0.000969559 0.0111853 0.00210526 0.0106966 -0.0317357 -0.0399189 -0.0459207 0 -0.0492783
internal_weight=87.3125 66.8714 56.1621 46.1982 9.96387 20.4411 17.7199 2.72123 16.9632
internal_count=688 425 382 322 60 263 247 16 243
is_linear=0
shrinkage=0.05


Tree=29
num_leaves=11
num_cat=0
split_feature=24 3 2 24 20 2 21 3 2 13
split_gain=15.6533 8.87881 4.32599 5.21746 3.21928 4.60779 3.25352 4.25564 0.503643 0.277777
threshold=0.89397950000000004 1.0000000180025095e-35 0.21363650000000003 0.7411120000000001 0.27958850000000007 0.069048000000000012 0.12244600000000001 1.5000000000000002 0.25833350000000005 1.5000000000000002
decision_type=2 10 10 2 10 10 10 8 10 10
left_child=1 2 3 -1 6 -6 7 -2 -7 -4
right_child=4 -3 9 -5 5 8 -8 -9 -10 -11
leaf_value=-0.046048422901439269 -0.012143419071202095 0.043391090027162384 -0.053416127767484979 -0.00080463974279001169 -0.053702550302212597 0.032386519027260023 0.05272035729020326 0.030231744008883052 0 0
leaf_weight=7.8528415039181736 7.3371194973588052 3.4848131835460654 11.088884994387623 23.966492909938097 1.8726598620414723 1.8157767057418825 9.7234803289175016 14.516071178019045 1.457834407687187 0.80080725997686464
leaf_count=136 35 12 112 195 11 5 31 123 7 5
internal_value=-0.000366065 -0.0194409 -0.0262767 -0.0142913 0.0232944 -0.00800528 0.0292831 0.0150678 0.0215592 -0.051291
internal_weight=83.9168 47.1938 43.709 31.8193 36.7229 5.14627 31.5767 21.8532 3.27361 11.8897
internal_count=672 460 448 331 212 23 189 158 12 117
is_linear=0
shrinkage=0.05


Tree=30
num_leaves=11
num_cat=0
split_feature=24 3 21 20 2 15 19 23 21 15
split_gain=15.6486 8.29752 5.50382 3.69332 4.74396 3.19406 1.76729 0.826853 0.908388 0.808307
threshold=0.89458100000000018 1.0000000180025095e-35 0.31253000000000003 0.27100800000000008 0.069048000000000012 0.25245100000000004 0.17058300000000001 0.46812750000000009 0.12244600000000001 0.048877000000000011
decision_type=2 10 10 10 10 8 10 10 10 10
left_child=1 2 5 7 -5 -1 -4 8 -2 -6
right_child=3 -3 6 4 9 -7 -8 -9 -10 -11
leaf_value=-0.049569757768689243 0.020181485977321282 0.041863860567564415 -0.010141673132935798 -0.054581203641316113 -0.0022945132576461438 -0.0164151524245955 0.035477354614320986 0 0.04625037714468419 0.030127675317968724
leaf_weight=16.623250223696232 20.687798619270328 3.3578463047742835 1.7867914140224446 2.0543038696050635 0.8728265464305881 21.38012932613492 3.133463479578495 2.8049804866313925 9.9666772633790952 2.8332603052258492
leaf_count=145 153 12 12 12 5 283 10 13 34 9
internal_value=0 -0.019663 -0.02629 0.0225181 -0.00948869 -0.0328819 0.016518 0.0289142 0.0311969 0.0192288
internal_weight=85.5013 46.2815 42.9236 39.2198 5.76039 38.0034 4.92025 33.4595 30.6545 3.70609
internal_count=688 462 450 226 26 428 22 200 187 14
is_linear=0
shrinkage=0.05


Tree=31
num_leaves=6
num_cat=0
split_feature=4 21 24 25 24
split_gain=14.7149 12.744 7.88739 4.33088 3.14785
threshold=1.0000000180025095e-35 0.007818000000000002 0.90720000000000012 0.70413450000000011 0.7411120000000001
decision_type=10 8 2 2 2
left_child=1 -1 4 -4 -3
right_child=-2 2 3 -5 -6
leaf_value=-0.053097458486119423 0.048202644357746113 -0.043087168028597043 -0.019325674454242756 0.031049567621069363 -0.005639138336690803
leaf_weight=12.460766561329363 11.159449286758898 6.5053483061492434 3.5932297892868545 19.962412614375353 28.680842898786068
leaf_count=134 49 121 27 114 232
internal_value=-0.00123078 -0.0101569 0 0.0216705 -0.0147228
internal_weight=82.362 71.2026 58.7418 23.5556 35.1862
internal_count=677 628 494 141 353
is_linear=0
shrinkage=0.05


Tree=32
num_leaves=6
num_cat=0
split_feature=4 23 23 15 5
split_gain=14.147 10.1478 6.09485 7.90898 3.71523
threshold=1.0000000180025095e-35 0.0048635000000000006 0.47808800000000007 0.12203800000000002 1.5000000000000002
decision_type=10 8 10 10 10
left_child=1 -1 3 -3 -4
right_child=-2 2 4 -5 -6
leaf_value=-0.051437343978471765 0.047448663971164623 -0.0090143153449838854 -0.05693185188715584 0.029903936363604264 0.017688550445515337
leaf_weight=11.048875726759432 10.796333432197569 36.512360945343971 5.6253608167171469 18.110311970114708 0.81570452451705922
leaf_count=123 49 402 48 67 2
internal_value=-0.00187142 -0.0104114 -0.00153329 0.00389807 -0.0427775
internal_weight=82.9089 72.1126 61.0637 54.6227 6.44107
internal_count=691 642 519 469 50
is_linear=0
shrinkage=0.05


Tree=33
num_leaves=9
num_cat=0
split_feature=4 24 2 24 25 5 18 20
split_gain=12.1026 9.87232 4.95664 3.62154 2.96513 2.60741 0.631119 0.518942
threshold=1.0000000180025095e-35 0.92469500000000016 0.24264700000000003 0.7411120000000001 0.86402100000000004 1.5000000000000002 0.5574205000000001 0.30094300000000007
decision_type=10 2 10 2 2 8 10 10
left_child=1 2 3 -1 5 -3 -4 -6
right_child=-2 4 6 -5 7 -7 -8 -9
leaf_value=-0.04239788730563409 0.045382292018387532 -0.038608522453255883 -0.053210495144802986 -0.0034536702586144678 0.041095465053369945 0.012645470958926814 0 0
leaf_weight=6.581855032593011 9.4187366440892202 1.8813832253217704 10.707693703472611 31.404962077736855 7.6727423071861249 7.743900455534459 0.82123529911041337 1.007777154445648
leaf_count=129 45 10 117 257 48 56 6 4
internal_value=-0.00317345 -0.0111134 -0.0227748 -0.0121888 0.0185035 0 -0.0503169 0.0373393
internal_weight=77.2403 67.8215 49.5157 37.9868 18.3058 9.62528 11.5289 8.68052
internal_count=672 627 509 386 118 66 123 52
is_linear=0
shrinkage=0.05


Tree=34
num_leaves=7
num_cat=0
split_feature=3 23 24 15 24 25
split_gain=12.2853 8.53503 5.09766 4.99292 0.927665 0.175963
threshold=1.0000000180025095e-35 0.0048635000000000006 0.7411120000000001 0.25245100000000004 0.94676100000000007 0.78621200000000002
decision_type=10 8 2 10 2 2
left_child=1 4 5 -4 -1 -3
right_child=-2 2 3 -5 -6 -7
leaf_value=-0.04990283222728964 0.048110357055684699 -0.042317130197431385 -0.0016053692196259931 0.035239317738699788 0 0
leaf_weight=9.5454916357994044 10.106232427060602 5.0090199410915366 45.353904116898775 9.6850100830197317 0.4775336831808098 0.59590273723006237
leaf_count=111 47 108 366 33 2 12
internal_value=7.64221e-05 -0.0073038 0 0.0051988 -0.0467528 -0.039732
internal_weight=80.7731 70.6669 60.6438 55.0389 10.023 5.60492
internal_count=679 632 519 399 113 120
is_linear=0
shrinkage=0.05


Tree=35
num_leaves=9
num_cat=0
split_feature=24 3 22 23 4 25 22 25
split_gain=11.3035 6.26269 8.84321 3.3285 2.83616 2.31544 0.880839 0.814105
threshold=0.78143000000000018 1.0000000180025095e-35 0.056071000000000003 1.0000000180025095e-35 1.0000000180025095e-35 0.78621200000000002 0.34277550000000007 0.82211150000000022
decision_type=2 10 8 8 10 2 10 2
left_child=5 2 4 -4 -2 6 -1 -7
right_child=1 -3 3 -5 -6 7 -8 -9
leaf_value=-0.045949515369319349 -0.049478154251664609 0.045950139821060026 -0.033090171062601419 0.015833262406683701 0.01302681897169268 0.025028221671972436 0 -0.013053389893782444
leaf_weight=12.894945643842222 7.7206950858235341 8.5589482337236387 2.0907667800784102 41.847084246575832 0.86966106295585621 1.1173035949468606 1.1323736533522595 0.94443318247795094
leaf_count=221 58 41 17 301 3 7 8 16
internal_value=0 0.00965634 0.00216836 0.0119395 -0.0396769 -0.0357047 -0.0426094 0.00241408
internal_weight=77.1762 61.0872 52.5282 43.9379 8.59036 16.0891 14.0273 2.06174
internal_count=672 420 379 318 61 252 229 23
is_linear=0
shrinkage=0.05


Tree=36
num_leaves=9
num_cat=0
split_feature=24 4 23 18 25 5 25 25
split_gain=11.2762 6.33419 7.10388 3.37975 1.55401 2.10228 1.35046 0.519373
threshold=0.78572700000000018 1.0000000180025095e-35 0.07700750000000002 0.13526500000000005 0.78621200000000002 1.5000000000000002 0.92002400000000006 0.82211150000000022
decision_type=2 10 8 8 2 10 2 2
left_child=4 2 6 -4 5 -1 -2 -6
right_child=1 -3 3 -5 7 -7 -8 -9
leaf_value=-0.04949848503798665 -0.04780129792414288 0.043896151420336919 -0.015127134931220233 0.016030763468901671 0.018080501061496675 0.0025456532321601467 0 -0.014197794604962078
leaf_weight=12.104715852066873 6.2095663025975218 8.8474326655268651 9.3141703531146032 35.50075239688158 0.91613996773958106 1.0613617151975621 0.99490187317132939 1.0230238176882265
leaf_count=217 51 46 46 265 7 6 6 17
internal_value=-0.00132074 0.00812465 0.000513757 0.00873504 -0.0381825 -0.0437672 -0.0404467 0
internal_weight=75.9721 60.8668 52.0194 44.8149 15.1052 13.1661 7.20447 1.93916
internal_count=661 414 368 311 247 223 57 24
is_linear=0
shrinkage=0.05


Tree=37
num_leaves=6
num_cat=0
split_feature=24 4 21 25 7
split_gain=10.7396 5.94061 8.17813 3.65298 0.622387
threshold=0.75623850000000015 1.0000000180025095e-35 0.0143885 0.64927550000000012 17.222693000000003
decision_type=2 10 8 2 10
left_child=4 2 -2 -4 -1
right_child=1 -3 3 -5 -6
leaf_value=-0.043177342315989665 -0.047233146537733278 0.043297281731938725 -0.020358505062645946 0.014560811776071981 0
leaf_weight=11.486106533557173 5.9921627007424823 8.6240075007081014 7.1413452364504328 42.596316680312157 0.35955245792865831
leaf_count=211 63 46 65 289 2
internal_value=0 0.00798157 0.00108815 0.00860994 -0.0412003
internal_weight=76.1995 64.3538 55.7298 49.7377 11.8457
internal_count=676 463 417 354 213
is_linear=0
shrinkage=0.05


Tree=38
num_leaves=9
num_cat=0
split_feature=24 21 4 18 2 18 23 7
split_gain=9.85635 6.42524 6.19836 3.91634 1.94907 1.83068 1.47404 0.63536
threshold=0.7411120000000001 0.092367000000000019 1.0000000180025095e-35 0.3692315000000001 0.41428550000000003 0.3692315000000001 0.47808800000000007 17.222693000000003
decision_type=2 10 8 8 10 8 10 10
left_child=7 2 3 -2 6 -4 -3 -1
right_child=1 4 5 -5 -6 -7 -8 -9
leaf_value=-0.044025698950204931 -0.037736350011207995 0.035412998350100998 0.037639671759975901 0.021504331322158322 -0.0097330332102030515 0.0030533117568782562 0 0
leaf_weight=9.1408462412655318 12.964564681053158 22.292040832340724 4.0692241489887264 1.8457568138837821 1.5370803773403157 20.163710735738277 2.5380733907222739 0.35955245792865831
leaf_count=183 105 88 22 6 10 236 12 2
internal_value=0.00189133 0.00937266 -0.0030368 -0.0275219 0.0278195 0.0116881 0.0315157 -0.0415995
internal_weight=74.9108 65.4105 39.0433 14.8103 26.3672 24.2329 24.8301 9.5004
internal_count=664 479 369 111 110 258 100 185
is_linear=0
shrinkage=0.05


Tree=39
num_leaves=6
num_cat=0
split_feature=4 23 24 0 5
split_gain=9.97989 8.43067 4.35178 4.71102 2.66878
threshold=1.0000000180025095e-35 0.0048635000000000006 0.91192750000000011 1.0000000180025095e-35 1.5000000000000002
decision_type=10 8 2 8 8
left_child=1 -1 3 -3 -4
right_child=-2 2 4 -5 -6
leaf_value=-0.048122819959013269 0.046062831821700886 0.014490959496741167 -0.0071436397546417582 -0.021778399704258405 0.027422169323828616
leaf_weight=9.1750138178467733 8.5429610162973386 11.160038799047468 5.9661086499691036 26.141620486974716 16.02594406157732
leaf_count=126 48 46 26 329 113
internal_value=-0.000221298 -0.00721725 0 -0.0101422 0.0171234
internal_weight=77.0117 68.4687 59.2937 37.3017 21.9921
internal_count=688 640 514 375 139
is_linear=0
shrinkage=0.05


Tree=40
num_leaves=7
num_cat=0
split_feature=3 21 5 2 25 4
split_gain=9.08165 7.85927 4.73701 3.99342 3.5337 1.86962
threshold=1.0000000180025095e-35 0.018513000000000005 1.5000000000000002 0.24264700000000003 0.89108700000000007 1.0000000180025095e-35
decision_type=10 8 10 8 2 10
left_child=1 5 4 -4 -3 -1
right_child=-2 2 3 -5 -6 -7
leaf_value=-0.050021440064761814 0.044479390875423588 -0.013113545453850571 0.047307844515621866 -0.0030471236998784353 0.025144893029143335 0.0051260986049587115
leaf_weight=9.5718889944255316 8.24291033297777 38.61969475261867 7.158805996179578 5.3341725319623956 5.3334668986499301 0.56350514292717058
leaf_count=126 45 406 22 26 47 2
internal_value=-0.000332464 -0.00710521 0.000164294 0.0259991 -0.00724448 -0.0445412
internal_weight=74.8244 66.5815 56.4461 12.493 43.9532 10.1354
internal_count=674 629 501 48 453 128
is_linear=0
shrinkage=0.05


Tree=41
num_leaves=7
num_cat=0
split_feature=24 25 3 2 6 18
split_gain=8.84718 5.98479 4.2691 5.02108 0.623142 0.0638394
threshold=0.7411120000000001 0.58434600000000014 1.0000000180025095e-35 0.24264700000000003 1.0000000180025095e-35 0.3692315000000001
decision_type=2 2 10 10 10 8
left_child=4 -2 3 -3 -1 -4
right_child=1 2 5 -5 -6 -7
leaf_value=-0.043072747308883497 -0.043059287432960613 0.013606053060492646 0.045817992314770975 -0.026290376863658912 0 0
leaf_weight=8.709973663091656 3.5208997577428809 43.807810645550489 7.6095674633979771 7.8035547025501719 0.30706682056188661 0.8337544575333603
leaf_count=188 56 317 45 63 2 4
internal_value=0.00151598 0.00868085 0.0130958 0.00653093 -0.0406567 0.0436716
internal_weight=72.5926 63.5756 60.0547 51.6114 9.01704 8.44332
internal_count=675 485 429 380 190 49
is_linear=0
shrinkage=0.05


Tree=42
num_leaves=10
num_cat=0
split_feature=24 20 5 4 22 21 7 18 22
split_gain=9.24986 5.45057 4.21761 3.01498 5.18108 2.74332 0.631213 0.205255 0.0903728
threshold=0.7411120000000001 0.28330600000000006 1.0000000180025095e-35 1.0000000180025095e-35 0.056071000000000003 0.061204000000000008 17.222693000000003 0.17358600000000005 0.15156050000000001
decision_type=2 10 8 10 8 10 10 10 10
left_child=6 3 8 4 -2 -4 -1 -5 -3
right_child=1 2 5 7 -6 -7 -8 -9 -10
leaf_value=-0.045798287746876797 -0.03117569665122118 0 -0.030629659475878507 0.043424704465388708 0.014203314078693671 0.024048041808667788 0 0 -0.059523233069021679
leaf_weight=8.786989707499739 5.6598018258810034 0.72851323336362561 2.1919425986707219 6.7588131278753272 41.949528120458126 4.372010163962841 0.33815289288759309 0.8369341418147086 3.3621367067098618
leaf_count=197 48 6 27 41 330 16 2 6 21
internal_value=0 0.00681219 -0.0230502 0.0134738 0.00751213 0.000387825 -0.0433844 0.0406913 -0.0551445
internal_weight=74.9848 65.8597 10.6546 55.2051 47.6093 6.56395 9.12514 7.59575 4.09065
internal_count=694 495 70 425 378 43 199 47 27
is_linear=0
shrinkage=0.05


Tree=43
num_leaves=7
num_cat=0
split_feature=24 25 25 24 24 7
split_gain=7.22698 4.67711 3.04 4.86493 1.33592 0.543996
threshold=0.7411120000000001 0.58434600000000014 0.89539750000000018 0.80825600000000009 0.91676500000000016 17.222693000000003
decision_type=2 2 2 2 2 10
left_child=5 -2 3 -3 -4 -1
right_child=1 2 4 -5 -6 -7
leaf_value=-0.041374145414242364 -0.040472723969074212 0.033538867017000984 0 -0.0024679577087691022 0.042711066092486337 0
leaf_weight=7.9425564408302289 3.1549286469817153 10.240497592836617 1.968668956309555 41.312241356819868 7.8291297629475594 0.3381528928875922
leaf_count=182 53 73 20 304 48 2
internal_value=0.00083871 0.00708762 0.0108387 0.0049593 0.0347957 -0.0389049
internal_weight=72.7862 64.5055 61.3505 51.5527 9.7978 8.28071
internal_count=682 498 445 377 68 184
is_linear=0
shrinkage=0.05


Tree=44
num_leaves=9
num_cat=0
split_feature=3 24 24 24 25 18 25 22
split_gain=8.97762 7.192 5.18121 5.49841 1.1977 0.604877 0.607599 0.071178
threshold=1.0000000180025095e-35 0.78572700000000018 0.80304550000000008 0.89397950000000004 0.60655350000000008 0.47998750000000007 0.78621200000000002 0.34277550000000007
decision_type=10 2 2 2 2 10 2 10
left_child=1 5 4 -4 -3 6 -1 -7
right_child=-2 2 3 -5 -6 7 -8 -9
leaf_value=-0.044661106006310264 0.046876257333916399 0 -0.023825829773244288 0.0098402972250969233 0.055108425274329742 -0.0076923036206237626 0 0.0045994486269724738
leaf_weight=10.121857071295379 7.6242410540580741 1.1862618327140797 18.353440660983324 28.820613715797663 3.6736518666148186 0.75564497336745151 1.1008156836032856 0.60234212130308151
leaf_count=213 44 10 164 189 16 12 20 3
internal_value=6.49995e-05 -0.0060186 0.00204992 -0.00307476 0.0447178 -0.037829 -0.0412631 0
internal_weight=72.2389 64.6146 52.034 47.1741 4.85991 12.5807 11.2227 1.35799
internal_count=671 627 379 353 26 248 233 15
is_linear=0
shrinkage=0.05


Tree=45
num_leaves=10
num_cat=0
split_feature=4 22 18 18 23 16 16 8 15
split_gain=7.177 8.59509 3.96139 3.96764 3.1709 2.23477 0.930356 0.72511 0.124122
threshold=1.0000000180025095e-35 0.053048000000000005 0.13526500000000005 0.030547500000000002 0.47808800000000007 0.33786500000000003 0.39276450000000002 8.0568855000000017 0.24009500000000003
decision_type=10 8 10 10 10 8 10 10 10
left_child=1 5 3 -3 -4 7 -7 -1 -2
right_child=8 2 4 -5 -6 6 -8 -9 -10
leaf_value=-0.054164009368011627 0.043396328191378612 0.00051426406239684361 0.028870880239230873 -0.03931093916976041 -0.016195399997314008 0.022436339185047088 -0.019239662845200206 0 0
leaf_weight=9.0602925680577702 6.9081315174698821 27.844512309879065 16.515503246337179 6.1532060615718356 3.1639784500002852 1.1009671986103069 1.2463180571794508 0.46172724291682321 0.8855604976415633
leaf_count=115 44 364 66 52 20 3 19 5 6
internal_value=0 -0.00600572 0.00242536 -0.00734593 0.0198111 -0.0419982 0 -0.0514429 0.0408706
internal_weight=73.3402 65.5465 53.6772 33.9977 19.6795 11.8693 2.34729 9.52202 7.79369
internal_count=694 644 502 416 86 142 22 120 50
is_linear=0
shrinkage=0.05


Tree=46
num_leaves=7
num_cat=0
split_feature=3 23 23 15 5 18
split_gain=7.17422 7.02314 4.27879 4.87237 4.42438 0.0672972
threshold=1.0000000180025095e-35 0.0048635000000000006 0.46812750000000009 0.12203800000000002 1.5000000000000002 0.40410450000000003
decision_type=10 8 10 10 10 10
left_child=1 -1 3 -3 -4 -2
right_child=5 2 4 -5 -6 -7
leaf_value=-0.046402938364211721 0.043629883518190964 -0.005359694602041826 -0.05493125668446356 0.025852554616067544 0.02234001039490708 0
leaf_weight=7.9702252037823191 6.5356903299689284 34.138438448309898 4.8254033960402003 17.228875860571861 1.1268709897994993 0.80879860371351231
leaf_count=126 43 399 50 68 3 4
internal_value=-0.000596989 -0.00651366 0 0.00507266 -0.0353956 0.0413578
internal_weight=72.6343 65.2898 57.3196 51.3673 5.95227 7.34449
internal_count=693 646 520 467 53 47
is_linear=0
shrinkage=0.05


end of trees

feature_importances:
embedding_cosine_paraphrase_multilingual_mpnet=71
shared_description_count_capped=42
reranker_score_gte_multilingual_reranker_base=33
max_category_share_percentile_gap_abs=31
profile_category_jaccard=28
shared_title_count_capped=23
repeated_title_share_percentile_gap_abs=22
description_length_median_percentile_gap_abs=19
shared_category_count_capped=15
item_count_percentile_gap_abs=13
punct_ratio_mean_percentile_gap_abs=11
repeated_description_share_percentile_gap_abs=11
shared_description_idf_sum=5
price_median_percentile_gap_abs=5
title_length_median_percentile_gap_abs=4
digit_ratio_mean_percentile_gap_abs=3
shared_title_idf_sum=2
shared_description_idf_mean=2
same_market_raw_bool=1
shared_title_idf_mean=1
shared_low_df_sentence_count=1

parameters:
[boosting: gbdt]
[objective: binary]
[metric: binary_logloss,auc]
[tree_learner: serial]
[device_type: cpu]
[data_sample_strategy: bagging]
[data: ]
[valid: ]
[num_iterations: 500]
[learning_rate: 0.05]
[num_leaves: 11]
[num_threads: 0]
[seed: 20260311]
[deterministic: 1]
[force_col_wise: 1]
[force_row_wise: 0]
[histogram_pool_size: -1]
[max_depth: 4]
[min_data_in_leaf: 6]
[min_sum_hessian_in_leaf: 0.001]
[bagging_fraction: 0.85]
[pos_bagging_fraction: 1]
[neg_bagging_fraction: 1]
[bagging_freq: 1]
[bagging_seed: 20260311]
[bagging_by_query: 0]
[feature_fraction: 0.85]
[feature_fraction_bynode: 1]
[feature_fraction_seed: 20260311]
[extra_trees: 0]
[extra_seed: 8410]
[early_stopping_round: 0]
[early_stopping_min_delta: 0]
[first_metric_only: 0]
[max_delta_step: 0]
[lambda_l1: 0.5]
[lambda_l2: 1.5]
[linear_lambda: 0]
[min_gain_to_split: 0.02]
[drop_rate: 0.1]
[max_drop: 50]
[skip_drop: 0.5]
[xgboost_dart_mode: 0]
[uniform_drop: 0]
[drop_seed: 22484]
[top_rate: 0.2]
[other_rate: 0.1]
[min_data_per_group: 100]
[max_cat_threshold: 32]
[cat_l2: 10]
[cat_smooth: 10]
[max_cat_to_onehot: 4]
[top_k: 20]
[monotone_constraints: ]
[monotone_constraints_method: basic]
[monotone_penalty: 0]
[feature_contri: ]
[forcedsplits_filename: ]
[refit_decay_rate: 0.9]
[cegb_tradeoff: 1]
[cegb_penalty_split: 0]
[cegb_penalty_feature_lazy: ]
[cegb_penalty_feature_coupled: ]
[path_smooth: 0]
[interaction_constraints: ]
[verbosity: -1]
[saved_feature_importance_type: 0]
[use_quantized_grad: 0]
[num_grad_quant_bins: 4]
[quant_train_renew_leaf: 0]
[stochastic_rounding: 1]
[linear_tree: 0]
[max_bin: 255]
[max_bin_by_feature: ]
[min_data_in_bin: 3]
[bin_construct_sample_cnt: 200000]
[data_random_seed: 20260311]
[is_enable_sparse: 1]
[enable_bundle: 1]
[use_missing: 1]
[zero_as_missing: 0]
[feature_pre_filter: 1]
[pre_partition: 0]
[two_round: 0]
[header: 0]
[label_column: ]
[weight_column: ]
[group_column: ]
[ignore_column: ]
[categorical_feature: ]
[forcedbins_filename: ]
[precise_float_parser: 0]
[parser_config_file: ]
[objective_seed: 16170]
[num_class: 1]
[is_unbalance: 0]
[scale_pos_weight: 1]
[sigmoid: 1]
[boost_from_average: 1]
[reg_sqrt: 0]
[alpha: 0.9]
[fair_c: 1]
[poisson_max_delta_step: 0.7]
[tweedie_variance_power: 1.5]
[lambdarank_truncation_level: 30]
[lambdarank_norm: 1]
[label_gain: ]
[lambdarank_position_bias_regularization: 0]
[eval_at: ]
[multi_error_top_k: 1]
[auc_mu_weights: ]
[num_machines: 1]
[local_listen_port: 12400]
[time_out: 120]
[machine_list_filename: ]
[machines: ]
[gpu_platform_id: -1]
[gpu_device_id: -1]
[gpu_use_dp: 0]
[num_gpu: 1]

end of parameters

pandas_categorical:null
