tree
version=v4
num_class=1
num_tree_per_iteration=1
label_index=0
max_feature_idx=29
objective=binary sigmoid:1
feature_names=same_market_raw_bool same_source_dataset_bool profile_category_jaccard shared_title_count_capped shared_description_count_capped shared_category_count_capped shared_title_idf_sum shared_description_idf_sum shared_title_idf_mean shared_description_idf_mean boilerplate_ratio_max boilerplate_ratio_gap_abs shared_boilerplate_count shared_low_df_sentence_count shared_rare_ngram_count item_count_percentile_gap_abs price_median_percentile_gap_abs title_length_median_percentile_gap_abs description_length_median_percentile_gap_abs digit_ratio_mean_percentile_gap_abs punct_ratio_mean_percentile_gap_abs repeated_title_share_percentile_gap_abs repeated_description_share_percentile_gap_abs max_category_share_percentile_gap_abs has_shared_contact_exact has_shared_pgp_fingerprint shared_contact_count_capped shared_pgp_fingerprint_count_capped embedding_cosine_gte_multilingual_base reranker_score_gte_multilingual_reranker_base
feature_infos=[0:1] [0:1] [0:1] [0:5] [0:5] [0:5] [0:70.616864000000007] [0:79.443972000000002] [0:8.8271080000000008] [0:8.8271080000000008] [0:0.20000000000000001] [0:0.20000000000000001] [0:1] [0:9] [0:8] [0:0.70916299999999999] [0:0.96791400000000005] [0:0.92293000000000003] [0:0.88129299999999999] [0:0.90190499999999996] [0:0.93838699999999997] [0:0.78087600000000001] [0:0.625498] [0:0.99695599999999995] [0:1] [0:0] [0:4] [0:0] [0.88623300000000005:0.99833300000000003] [0.41123199999999999:0.96361600000000003]
tree_sizes=881 778 783 891 881 864 869 868 883 896 783 864 893 578 577 659 889 565 880 887 865 565 890 779 868 764 843 862 867 790 871 865 571 886 783 581 882 862 657 576 760 841 870 855 663 754 879 762 576 885 866 658 758 764 665 861 780 575 685 579 767 655 572 680 684 567 865 567 662 666 783 758 655 765 870 660 684 681 855 577 832 563 582 575 894 880 762 660 871 781 576 577 569 576 871 679 678 632 758 640 873 651 766 847 643 853 666 560 877 755 889 662 665 751 851 740 850 830 664 755

Tree=0
num_leaves=7
num_cat=0
split_feature=29 24 28 21 3 3
split_gain=125.867 41.8519 37.2074 23.8939 10.4511 4.44202
threshold=0.68316900000000003 1.0000000180025095e-35 0.97683400000000009 0.12386950000000001 2.5000000000000004 1.5000000000000002
decision_type=2 10 2 10 10 8
left_child=1 4 3 -2 -1 -4
right_child=2 -3 5 -5 -6 -7
leaf_value=-0.040595738850956763 -0.025505204129147294 0.031786402903441265 0.020752903794226375 0.028253156642789622 0.01215645798891068 0.042929759281616658
leaf_weight=60.661722227931023 18.553800821304325 5.8996564149856559 35.330896973609924 8.1450326442718488 1.3893072009086598 32.471317537128925
leaf_count=486 144 14 116 22 3 170
internal_value=-0.000270456 -0.0308404 0.0216757 -0.00689764 -0.0384473 0.0331664
internal_weight=162.452 67.9507 94.501 26.6988 62.051 67.8022
internal_count=955 503 452 166 489 286
is_linear=0
shrinkage=1


Tree=1
num_leaves=6
num_cat=0
split_feature=28 24 19 3 3
split_gain=118.295 50.656 28.8605 21.6399 9.98403
threshold=0.97851850000000018 1.0000000180025095e-35 0.00032450000000000008 1.5000000000000002 1.5000000000000002
decision_type=2 10 8 10 10
left_child=1 3 -2 -1 -4
right_child=2 -3 4 -5 -6
leaf_value=-0.039578654531423951 -0.026553207535239591 0.036597694448590699 0.020296014099197669 0.023348198949147074 0.048791979128210268
leaf_weight=64.242761921137571 6.74523702263832 7.1161911785602561 66.365225426852703 2.7779561281204215 17.590470910072327
leaf_count=517 36 16 363 6 38
internal_value=0.000163707 -0.0271756 0.022985 -0.0356534 0.0280889
internal_weight=164.838 74.1369 90.7009 67.0207 83.9557
internal_count=976 539 437 523 401
is_linear=0
shrinkage=0.03


Tree=2
num_leaves=6
num_cat=0
split_feature=29 24 3 24 3
split_gain=112.624 39.3762 21.5986 28.1613 13.8821
threshold=0.68316900000000003 1.0000000180025095e-35 1.5000000000000002 1.0000000180025095e-35 2.5000000000000004
decision_type=2 10 10 8 10
left_child=1 4 3 -2 -1
right_child=2 -3 -4 -5 -6
leaf_value=-0.040366345013223774 -0.0046520705391385657 0.030506236011681676 0.047499281664431903 0.029605143205068511 0.016102303443609963
leaf_weight=60.930581614375114 43.859135523438454 5.8932357728481284 17.102917701005936 36.197571352124214 1.8509742617607106
leaf_count=500 183 14 37 264 4
internal_value=-0.00144462 -0.0302928 0.0189431 0.010986 -0.037587
internal_weight=165.834 68.6748 97.1596 80.0567 62.7816
internal_count=1002 518 484 447 504
is_linear=0
shrinkage=0.03


Tree=3
num_leaves=7
num_cat=0
split_feature=28 21 3 6 24 24
split_gain=88.7768 52.4359 19.1404 19.3531 6.71106 3.1625
threshold=0.97851850000000018 0.052490000000000002 1.5000000000000002 1.0000000180025095e-35 1.0000000180025095e-35 1.0000000180025095e-35
decision_type=2 10 10 10 10 10
left_child=1 4 3 -2 -1 -3
right_child=2 5 -4 -5 -6 -7
leaf_value=-0.037522619156623804 0.017458699043971956 0.0028190056002357277 0.046117880307721293 -0.022091801936667523 0.0034499787954538259 0.035924194813903236
leaf_weight=61.357845533639193 61.65015123039484 7.4090261012315732 16.596623688936234 10.174603208899496 1.8983037918806065 6.468130350112915
leaf_count=515 353 28 36 51 6 14
internal_value=-0.000991288 -0.0241909 0.0190482 0.010794 -0.0357397 0.0236697
internal_weight=165.555 77.1333 88.4214 71.8248 63.2561 13.8772
internal_count=1003 563 440 404 521 42
is_linear=0
shrinkage=0.03


Tree=4
num_leaves=7
num_cat=0
split_feature=29 28 24 21 3 20
split_gain=99.8953 34.2133 33.312 19.565 8.31856 4.82348
threshold=0.68316900000000003 0.97683400000000009 1.0000000180025095e-35 0.12386950000000001 2.5000000000000004 0.28273050000000005
decision_type=2 2 10 10 10 10
left_child=2 3 4 -2 -1 -3
right_child=1 5 -4 -5 -6 -7
leaf_value=-0.03474935827793605 -0.022629150680697662 0.034301806127322206 0.029446639030489104 0.025260770670159981 0.011215336114709101 0.0041706132897266811
leaf_weight=62.858268689364195 19.876997478306297 59.230797223746777 5.877399429678916 8.295051157474516 1.3854605555534352 8.6820038855075818
leaf_count=502 158 265 14 23 3 32
internal_value=0.0001953 0.0199928 -0.0262296 -0.00649188 -0.0328558 0.0312123
internal_weight=166.206 96.0848 70.1211 28.172 64.2437 67.9128
internal_count=997 478 519 181 505 297
is_linear=0
shrinkage=0.03


Tree=5
num_leaves=7
num_cat=0
split_feature=29 21 28 28 21 16
split_gain=99.4838 33.764 21.0634 15.648 9.67739 2.77442
threshold=0.71548950000000011 0.052490000000000002 0.97683400000000009 0.9798785000000001 0.12386950000000001 0.47068100000000007
decision_type=2 10 2 2 10 10
left_child=1 3 4 -1 -2 -4
right_child=2 -3 5 -5 -6 -7
leaf_value=-0.038045607778184574 -0.016678041711304378 0.022203221828074521 0.03326307885301117 -0.0069315902438419411 0.021624123934925393 0
leaf_weight=52.176714263856411 13.349390562623741 10.676202461123465 57.910758458077908 25.40354036539793 6.1010756492614737 2.5792108178138724
leaf_count=429 100 32 246 163 17 10
internal_value=-4.95432e-05 -0.0218336 0.0235588 -0.028867 -0.0020433 0.0319712
internal_weight=168.197 88.2565 79.9404 77.5803 19.4505 60.49
internal_count=997 624 373 592 117 256
is_linear=0
shrinkage=0.03


Tree=6
num_leaves=7
num_cat=0
split_feature=28 26 19 7 16 28
split_gain=83.4638 48.4253 27.8769 15.7948 5.51889 2.80617
threshold=0.97851850000000018 1.0000000180025095e-35 0.0041160000000000007 16.918525500000005 0.45463350000000008 0.99270800000000003
decision_type=2 10 8 10 10 2
left_child=1 3 5 -1 -4 -2
right_child=2 -3 4 -5 -6 -7
leaf_value=-0.034414973946516443 -0.034086098851099991 0.035133174225009632 0.026683968400888842 0.017630450661964132 -0.00022211120139968508 0
leaf_weight=65.408127941191196 5.7896345406770697 8.6203371882438642 78.490401711314917 3.1061581671237937 5.0417772829532614 1.6057181656360624
leaf_count=535 34 20 384 8 21 6
internal_value=0.000126695 -0.022192 0.0194834 -0.0309953 0.0247619 -0.0271927
internal_weight=168.062 77.1346 90.9275 68.5143 83.5322 7.39535
internal_count=1008 563 445 543 405 40
is_linear=0
shrinkage=0.03


Tree=7
num_leaves=7
num_cat=0
split_feature=28 3 24 7 23 20
split_gain=76.6526 37.2176 37.7971 9.26591 1.77723 0.323129
threshold=0.96567650000000016 1.0000000180025095e-35 1.0000000180025095e-35 7.953488000000001 0.57592050000000017 0.020313000000000005
decision_type=2 10 8 10 10 8
left_child=3 2 -2 5 -3 -1
right_child=1 4 -4 -5 -6 -7
leaf_value=0 -0.012332139897986054 0.044677751520560915 0.022632947995325114 0.0042695925800604355 0.0074026793156310947 -0.042017418991998921
leaf_weight=1.4777482748031641 58.959159255027771 23.80257968604565 47.072765726596117 2.6854763180017462 4.7449469417333594 29.882041119039059
leaf_count=7 265 54 379 9 16 259
internal_value=0.00157035 0.0120223 0.00311106 -0.0365635 0.0407262 -0.0410009
internal_weight=168.625 134.579 106.032 34.0453 28.5475 31.3598
internal_count=989 714 644 275 70 266
is_linear=0
shrinkage=0.03


Tree=8
num_leaves=7
num_cat=0
split_feature=29 28 24 2 7 20
split_gain=87.0966 39.5616 33.0546 11.4441 9.7445 6.14923
threshold=0.68316900000000003 0.97683400000000009 1.0000000180025095e-35 0.21363650000000003 8.6832670000000025 0.25015000000000004
decision_type=2 2 10 8 10 10
left_child=2 3 4 -2 -1 -3
right_child=1 5 -4 -5 -6 -7
leaf_value=-0.035313449311881968 0.010129665132616593 0.033277160109121399 0.027866865591491329 -0.02642624381163804 0.0057270001593441701 0.0033913248554629364
leaf_weight=59.85779931396246 9.3590574562549609 58.167353104799986 6.4710018783807746 16.032349370419979 3.4952175617218009 10.265403494238852
leaf_count=490 33 250 16 143 12 38
internal_value=-0.00057545 0.0178954 -0.0255218 -0.0122488 -0.0324405 0.0295448
internal_weight=163.648 93.8242 69.824 25.3914 63.353 68.4328
internal_count=982 464 518 176 502 288
is_linear=0
shrinkage=0.03


Tree=9
num_leaves=7
num_cat=0
split_feature=28 21 20 24 16 20
split_gain=75.1436 37.1634 24.8754 10.7386 4.55599 0.380842
threshold=0.97851850000000018 0.14425450000000004 1.0000000180025095e-35 1.0000000180025095e-35 0.47068100000000007 0.062783000000000019
decision_type=2 10 8 8 10 10
left_child=1 3 -2 -1 -4 -3
right_child=2 5 4 -5 -6 -7
leaf_value=-0.039407299200242094 -0.027872825217215451 0.00086704629860955809 0.025723829876615055 -0.0098105435457107176 -0.00026902604640836311 0.02956684906858701
leaf_weight=40.546354055404663 6.2052492648363105 3.0310894697904569 75.102087121456861 22.308912049978971 4.0573020726442328 6.926113948225975
leaf_count=230 35 11 367 285 17 17
internal_value=0.000155014 -0.0215746 0.0191322 -0.0302837 0.0240652 0.0253691
internal_weight=158.177 72.8125 85.3646 62.8553 79.1594 9.9572
internal_count=962 543 419 515 384 28
is_linear=0
shrinkage=0.03


Tree=10
num_leaves=6
num_cat=0
split_feature=28 21 20 3 24
split_gain=65.393 28.6962 23.9677 16.9074 3.93343
threshold=0.97266400000000008 0.12386950000000001 1.0000000180025095e-35 1.5000000000000002 1.0000000180025095e-35
decision_type=2 10 8 10 10
left_child=1 4 -2 -4 -1
right_child=2 -3 3 -5 -6
leaf_value=-0.034818581902084852 -0.029937779588225806 0.022119500846781135 0.010898645336987586 0.04256508458517088 8.2958579194255234e-05
leaf_weight=48.046761654317379 7.1925423443317404 7.140186294913291 83.392931431531906 18.397340714931488 1.2636731564998616
leaf_count=412 41 20 484 41 4
internal_value=0.000145322 -0.0251087 0.0138164 0.017963 -0.0333972
internal_weight=165.433 56.4506 108.983 101.79 49.3104
internal_count=1002 436 566 525 416
is_linear=0
shrinkage=0.03


Tree=11
num_leaves=7
num_cat=0
split_feature=29 5 19 29 23 2
split_gain=87.2275 20.9149 12.9733 11.4129 8.08319 2.75111
threshold=0.70168600000000014 1.5000000000000002 0.54093650000000004 0.60031250000000014 0.71793150000000006 0.25833350000000005
decision_type=2 10 10 2 10 10
left_child=1 3 4 -1 -2 -4
right_child=2 -3 5 -5 -6 -7
leaf_value=-0.043493194103184321 0.028311840966106065 0.021849362881424476 0.0032206784110060359 -0.015445430755443848 0 -0.024785673188598454
leaf_weight=23.961023211479187 68.757275924086571 6.035681650042533 1.8784362673759449 47.602423634380102 8.6631517261266691 3.6816999912261963
leaf_count=208 337 17 6 343 36 22
internal_value=0.000448966 -0.0217964 0.0216353 -0.0266109 0.0249951 -0.0140066
internal_weight=160.58 77.5991 82.9806 71.5634 77.4204 5.56014
internal_count=969 568 401 551 373 28
is_linear=0
shrinkage=0.03


Tree=12
num_leaves=7
num_cat=0
split_feature=29 24 4 24 29 18
split_gain=67.4454 32.7928 15.7028 10.8925 10.2474 2.56323
threshold=0.70586950000000004 1.0000000180025095e-35 1.0000000180025095e-35 1.0000000180025095e-35 0.63185900000000006 0.36654950000000003
decision_type=2 10 8 10 2 8
left_child=1 4 3 -2 -1 -4
right_child=2 -3 5 -5 -6 -7
leaf_value=-0.03680472962273719 -0.0040484790709993859 0.030621935147625998 0.039769259146904171 0.032254842772204487 -0.011635842668198323 0.017024167869469153
leaf_weight=35.124334294348955 30.555632278323174 7.8138839304447165 22.679608151316643 6.3349658250808707 37.796120699495077 23.007826019078493
leaf_count=302 128 19 54 14 271 204
internal_value=0.000496404 -0.0184716 0.019389 0.00339049 -0.0251296 0.030686
internal_weight=163.312 80.7343 82.578 36.8906 72.9205 45.6874
internal_count=992 592 400 142 573 258
is_linear=0
shrinkage=0.03


Tree=13
num_leaves=4
num_cat=0
split_feature=3 26 21
split_gain=55.3944 50.5638 27.4458
threshold=1.5000000000000002 1.0000000180025095e-35 0.21124200000000004
decision_type=10 10 8
left_child=1 2 -1
right_child=-2 -3 -4
leaf_value=-0.023897744891338089 0.042417866336041228 0.039130077572208266 0.0038202446472238782
leaf_weight=79.044378206133842 21.199667155742645 15.884109124541281 48.927218083292246
leaf_count=401 48 37 518
internal_value=0.000197161 -0.00655994 -0.0132265
internal_weight=165.055 143.856 127.972
internal_count=1004 956 919
is_linear=0
shrinkage=0.03


Tree=14
num_leaves=4
num_cat=0
split_feature=3 26 19
split_gain=47.838 50.2134 19.4927
threshold=1.5000000000000002 1.0000000180025095e-35 0.13362550000000004
decision_type=10 10 10
left_child=1 2 -1
right_child=-2 -3 -4
leaf_value=-0.0013123864139358951 0.041539275262880669 0.040080780722071767 -0.025691849691918019
leaf_weight=76.184911902993917 20.578910380601883 16.540313094854355 48.697575151920319
leaf_count=633 47 38 255
internal_value=0.00182128 -0.00449331 -0.0114334
internal_weight=162.002 141.423 124.882
internal_count=973 926 888
is_linear=0
shrinkage=0.03


Tree=15
num_leaves=5
num_cat=0
split_feature=3 24 21 23
split_gain=50.1745 39.1441 21.4528 4.8196
threshold=1.0000000180025095e-35 1.0000000180025095e-35 0.21124200000000004 0.69708550000000014
decision_type=10 10 8 10
left_child=1 2 -1 -2
right_child=3 -3 -4 -5
leaf_value=-0.022438520513396069 0.04112586344590223 0.035543153950519185 0.002858890886011134 0
leaf_weight=70.706516563892365 23.483438551425937 14.504080459475515 46.815235160291195 4.0525168776512137
leaf_count=360 55 35 501 16
internal_value=0.00155112 -0.00614178 -0.012292 0.0363981
internal_weight=159.562 132.026 117.522 27.536
internal_count=967 896 861 71
is_linear=0
shrinkage=0.03


Tree=16
num_leaves=7
num_cat=0
split_feature=28 24 21 6 3 23
split_gain=55.4342 17.5811 16.7745 11.4628 9.28634 3.67164
threshold=0.97266400000000008 1.0000000180025095e-35 1.0000000180025095e-35 8.2941500000000019 1.5000000000000002 0.82047450000000011
decision_type=2 10 8 10 10 10
left_child=1 4 3 -2 -1 -4
right_child=2 -3 5 -5 -6 -7
leaf_value=-0.032302564053217443 -0.01239848001320396 0.020430172326527721 0.022184196999418416 0.025556295460404176 0.013301424328794628 -0.001672941787607558
leaf_weight=48.940216258168221 29.462598904967308 4.3460772037506095 65.747305564582348 5.9720106720924369 1.798426330089568 3.3881491422653189
leaf_count=418 137 11 393 15 4 15
internal_value=-0.000385315 -0.0241698 0.0121895 -0.00372569 -0.0294756 0.0205782
internal_weight=159.655 55.0847 104.57 35.4346 50.7386 69.1355
internal_count=993 433 560 152 422 408
is_linear=0
shrinkage=0.03


Tree=17
num_leaves=4
num_cat=0
split_feature=3 26 5
split_gain=45.2886 46.6205 20.3423
threshold=1.5000000000000002 1.0000000180025095e-35 1.5000000000000002
decision_type=10 10 8
left_child=1 2 -1
right_child=-2 -3 -4
leaf_value=-0.02311792374708618 0.039368070638130498 0.036421192998062929 0.00095351052502270323
leaf_weight=71.950305357575417 19.543009132146835 16.587804794311523 50.245631221681833
leaf_count=372 46 40 531
internal_value=0 -0.00640774 -0.0131947
internal_weight=158.327 138.784 122.196
internal_count=989 943 903
is_linear=0
shrinkage=0.03


Tree=18
num_leaves=7
num_cat=0
split_feature=29 28 24 21 5 15
split_gain=68.8978 30.1861 17.6666 11.413 7.97763 0.426156
threshold=0.68316900000000003 0.97683400000000009 1.0000000180025095e-35 0.12386950000000001 1.5000000000000002 0.0074060000000000003
decision_type=2 2 10 10 10 8
left_child=2 3 4 -2 -1 -3
right_child=1 5 -4 -5 -6 -7
leaf_value=-0.030529744835844495 -0.020217907723638247 0.0075304227673678517 0.019794661771762971 0.017402870948165887 0.0083312953550378245 0.028403950340590199
leaf_weight=56.896639823913574 20.404808610677723 7.7345091998577109 4.9424092173576346 7.0857395380735388 2.658151075243949 59.405593104660511
leaf_count=488 164 27 13 21 9 272
internal_value=0 0.0162421 -0.0231754 -0.00877896 -0.0279993 0.026852
internal_weight=159.128 94.6307 64.4972 27.4905 59.5548 67.1401
internal_count=994 484 510 185 497 299
is_linear=0
shrinkage=0.03


Tree=19
num_leaves=7
num_cat=0
split_feature=29 26 29 28 21 15
split_gain=58.4765 24.8 13.4343 12.8223 4.41243 0.567965
threshold=0.71548950000000011 1.0000000180025095e-35 0.59205150000000006 0.97683400000000009 0.12386950000000001 0.0046010000000000009
decision_type=2 10 2 2 10 8
left_child=1 2 -1 4 -2 -5
right_child=3 -3 -4 5 -6 -7
leaf_value=-0.040955438163590027 -0.011698395433867264 0.026076917402045055 -0.011546285736225218 0.0053907208706254744 0.015776424478171007 0.02840700927760377
leaf_weight=21.256659913808107 11.908458396792414 8.1417230814695341 53.385646183043718 6.0231425166130057 4.8446756899356833 50.530957911163568
leaf_count=199 94 21 400 21 14 223
internal_value=0.0010353 -0.0157832 -0.0215667 0.020295 -0.00104511 0.0268545
internal_weight=156.091 82.784 74.6423 73.3072 16.7531 56.5541
internal_count=972 620 599 352 108 244
is_linear=0
shrinkage=0.03


Tree=20
num_leaves=7
num_cat=0
split_feature=28 19 24 3 16 28
split_gain=64.2174 21.5381 16.3705 12.9502 6.97918 2.06561
threshold=0.9769945000000001 0.0041160000000000007 1.0000000180025095e-35 1.5000000000000002 0.29566500000000007 0.99270800000000003
decision_type=2 8 10 10 8 2
left_child=2 5 3 -1 -3 -2
right_child=1 4 -4 -5 -6 -7
leaf_value=-0.029963272766597149 -0.026917347851125237 0.028813984601295445 0.020175013448747697 0.018503768310430622 0.0084682371679520741 0
leaf_weight=55.820209290832281 7.0863770395517331 50.022278919816017 4.6666134297847739 2.6614963114261618 33.056811362504959 1.565762937068939
leaf_count=479 42 147 12 6 272 6
internal_value=0.000684897 0.0166908 -0.0218148 -0.0264743 0.0216443 -0.0216249
internal_weight=154.88 91.7312 63.1483 58.4817 83.0791 8.65214
internal_count=964 467 497 485 419 48
is_linear=0
shrinkage=0.03


Tree=21
num_leaves=4
num_cat=0
split_feature=24 6 21
split_gain=43.2569 26.3016 17.429
threshold=1.0000000180025095e-35 8.6832670000000025 0.080088500000000021
decision_type=10 10 8
left_child=1 2 -1
right_child=-2 -3 -4
leaf_value=-0.020266053682735301 0.038161823164598832 0.032959668826808924 0.0018448629337041063
leaf_weight=69.30864329636097 20.053059220314026 10.649719089269636 52.73286609724164
leaf_count=358 48 26 529
internal_value=0 -0.00628413 -0.0106572
internal_weight=152.744 132.691 122.042
internal_count=961 913 887
is_linear=0
shrinkage=0.03


Tree=22
num_leaves=7
num_cat=0
split_feature=28 22 29 20 4 22
split_gain=59.0688 24.3579 23.3504 5.46427 5.45606 3.45265
threshold=0.97851850000000018 0.090430500000000011 0.61878350000000004 0.24733750000000002 1.0000000180025095e-35 0.0022595000000000007
decision_type=2 10 2 10 10 10
left_child=1 4 5 -4 -1 -2
right_child=2 -3 3 -5 -6 -7
leaf_value=-0.030578030223133663 -0.029451369054040607 0.012671873562488608 0.025748957544600257 0.00034298912379116664 0.0022266402856735241 0.0030151803955160662
leaf_weight=52.905055206269026 7.4963136874139291 13.636528745293615 64.756661631166935 11.403994739055632 2.7153987884521475 1.2536818385124204
leaf_count=486 67 49 309 44 10 4
internal_value=0.000174173 -0.0197341 0.0168728 0.0224809 -0.0284327 -0.0226643
internal_weight=154.168 69.257 84.9107 76.1607 55.6205 8.75
internal_count=969 545 424 353 496 71
is_linear=0
shrinkage=0.03


Tree=23
num_leaves=6
num_cat=0
split_feature=28 21 19 24 19
split_gain=41.4418 26.9052 18.5771 10.3113 7.99255
threshold=0.97851850000000018 0.11378600000000001 0.00032450000000000008 1.0000000180025095e-35 0.57113900000000017
decision_type=2 10 8 8 10
left_child=1 3 -2 -1 -4
right_child=2 -3 4 -5 -6
leaf_value=-0.032918480198711658 -0.02525968158832172 0.022492138937170066 0.020822162274421546 -0.0053704043731159397 -0.017429878206313656
leaf_weight=39.020501241087914 6.5047239661216727 10.524586528539656 75.263345826417208 23.243585731834173 2.1848929077386847
leaf_count=240 39 31 376 294 13
internal_value=0 -0.0160973 0.0142509 -0.0238139 0.0187604
internal_weight=156.742 72.7887 83.953 62.2641 77.4482
internal_count=993 565 428 534 389
is_linear=0
shrinkage=0.03


Tree=24
num_leaves=7
num_cat=0
split_feature=29 24 28 2 28 29
split_gain=58.1068 25.8939 12.6861 9.38885 8.43037 0.599407
threshold=0.70063150000000007 1.0000000180025095e-35 0.95943100000000014 0.32575750000000009 0.98076850000000004 0.79625200000000007
decision_type=2 10 2 10 2 2
left_child=1 4 5 -4 -1 -2
right_child=2 -3 3 -5 -6 -7
leaf_value=-0.031834897291071688 -0.021727629913977902 0.025758397874541109 0.028549419248304748 0.0035677534108444638 -0.0061509731407994499 0
leaf_weight=42.618490591645241 3.5618038065731517 7.7622915655374518 53.592212088406086 22.889359712600708 21.978174962103367 1.2078489139676092
leaf_count=393 32 20 277 89 151 7
internal_value=0.00133053 -0.0176314 0.0185998 0.0218672 -0.0242009 -0.0181457
internal_weight=153.61 72.359 81.2512 76.4816 64.5967 4.76965
internal_count=969 564 405 366 544 39
is_linear=0
shrinkage=0.03


Tree=25
num_leaves=6
num_cat=0
split_feature=28 19 24 3 19
split_gain=50.9609 22.0507 16.5506 10.1538 2.42889
threshold=0.9785695000000002 0.00032450000000000008 1.0000000180025095e-35 1.5000000000000002 0.58503000000000005
decision_type=2 8 10 10 10
left_child=2 -2 3 -1 -3
right_child=1 4 -4 -5 -6
leaf_value=-0.025860624577198642 -0.028780406649900878 0.021859481595063429 0.020371212333329641 0.016814188759202257 0
leaf_weight=60.635698232799768 5.8528199493885031 73.946383733302355 5.9248864352703086 2.567031353712081 2.2040061205625525
leaf_count=534 37 376 16 6 10
internal_value=0.000190794 0.0161129 -0.0181656 -0.0229908 0.0209025
internal_weight=151.131 82.0032 69.1276 63.2027 76.1504
internal_count=979 423 556 540 386
is_linear=0
shrinkage=0.03


Tree=26
num_leaves=7
num_cat=0
split_feature=29 28 24 5 2 29
split_gain=49.2299 20.2165 13.3062 8.4074 7.07153 2.65104
threshold=0.68316900000000003 0.96578750000000013 1.0000000180025095e-35 1.5000000000000002 0.81666650000000007 0.75038900000000008
decision_type=2 2 10 10 10 2
left_child=2 5 3 -1 -3 -2
right_child=1 4 -4 -5 -6 -7
leaf_value=-0.028030843059513571 -0.02881784826454404 0.02279190656058944 0.016706039624490538 0.012436240031631095 0 0
leaf_weight=53.294636193662882 6.3906751200556737 65.933752249926329 4.7083387374877921 2.3012566566467276 12.557142123579977 4.7498017214238644
leaf_count=482 55 346 13 7 52 30
internal_value=-0.000332914 0.013412 -0.0209035 -0.0252929 0.0190086 -0.0195648
internal_weight=149.936 89.6314 60.3042 55.5959 78.4909 11.1405
internal_count=985 483 502 489 398 85
is_linear=0
shrinkage=0.03


Tree=27
num_leaves=7
num_cat=0
split_feature=28 24 19 7 20 28
split_gain=39.4997 18.8963 13.7565 8.00928 5.96085 1.74139
threshold=0.97851850000000018 1.0000000180025095e-35 0.0041160000000000007 16.918525500000005 0.24224200000000004 0.99270800000000003
decision_type=2 10 8 10 8 2
left_child=1 3 5 -1 -4 -2
right_child=2 -3 4 -5 -6 -7
leaf_value=-0.024894445380261528 -0.02363869719689924 0.023497605085890879 0.024654431402978419 0.01151167850830454 0.0055673484194001784 0
leaf_weight=59.50460072979331 6.2386892586946479 6.1940133124589911 43.440556898713112 3.0723480582237235 31.809231258928776 1.5405170321464536
leaf_count=522 38 16 133 9 254 6
internal_value=-0.000246614 -0.0168603 0.0132734 -0.0222047 0.0174922 -0.0182629
internal_weight=151.8 68.771 83.029 62.5769 75.2498 7.77921
internal_count=978 547 431 531 387 44
is_linear=0
shrinkage=0.03


Tree=28
num_leaves=7
num_cat=0
split_feature=29 24 28 3 29 29
split_gain=44.1103 20.4988 16.7606 7.21221 5.08052 0.843733
threshold=0.68316900000000003 1.0000000180025095e-35 0.95943100000000014 1.5000000000000002 0.60031250000000014 0.83184150000000012
decision_type=2 10 2 8 2 2
left_child=1 4 5 -4 -1 -2
right_child=2 -3 3 -5 -6 -7
leaf_value=-0.034571035568070688 -0.026371138618405114 0.026385261729667275 0.0087419664306822437 0.028139765573769071 -0.012585936777973235 0
leaf_weight=23.284803558140993 5.4103790596127501 5.4649628698825827 47.743522688746452 37.879442498087883 34.111329071223736 1.2485437653958795
leaf_count=225 53 13 177 244 275 8
internal_value=0.00120014 -0.0174978 0.0144017 0.0183241 -0.0232759 -0.0229548
internal_weight=155.143 62.8611 92.2819 85.623 57.3961 6.65892
internal_count=995 513 482 421 500 61
is_linear=0
shrinkage=0.03


Tree=29
num_leaves=6
num_cat=0
split_feature=28 4 19 16 22
split_gain=36.8459 14.3491 13.4332 6.06772 5.71319
threshold=0.97851850000000018 1.0000000180025095e-35 0.00032450000000000008 0.45463350000000008 0.13270100000000004
decision_type=2 10 8 10 10
left_child=1 4 -2 -4 -1
right_child=2 -3 3 -5 -6
leaf_value=-0.023338280455115903 -0.019200320825199148 0.019235853262516131 0.020218365227002322 -0.0091362359888905627 0.0022832986009324358
leaf_weight=54.656859751790762 6.6159004122018805 6.3035765439271918 69.850343033671379 3.7825105637311927 6.0742570906877509
leaf_count=496 39 19 364 18 24
internal_value=0.000335295 -0.0155056 0.0140101 0.0180203 -0.0203181
internal_weight=147.283 67.0347 80.2488 73.6329 60.7311
internal_count=960 539 421 382 520
is_linear=0
shrinkage=0.03


Tree=30
num_leaves=7
num_cat=0
split_feature=29 24 3 24 3 29
split_gain=38.4018 12.6431 10.5853 16.8252 4.27887 0.236767
threshold=0.68316900000000003 1.0000000180025095e-35 1.0000000180025095e-35 1.0000000180025095e-35 2.5000000000000004 0.7019605000000001
decision_type=2 10 10 8 10 2
left_child=1 4 3 -2 -1 -4
right_child=2 -3 5 -5 -6 -7
leaf_value=-0.023940941770343692 -0.0075002324187560055 0.017554140982991663 0 0.020416223049437427 0.0076137802141590999 0.031286439407951415
leaf_weight=53.920188840478659 36.732688874006271 5.0552758872508994 1.3258128464221979 33.825291853398085 1.304285556077956 19.202692210674286
leaf_count=484 167 14 5 268 3 53
internal_value=4.43719e-05 -0.0178343 0.0123864 0.00576184 -0.0223265 0.0302428
internal_weight=151.366 60.2798 91.0865 70.558 55.2245 20.5285
internal_count=994 501 493 435 487 58
is_linear=0
shrinkage=0.03


Tree=31
num_leaves=7
num_cat=0
split_feature=29 28 29 19 20 29
split_gain=45.1568 20.0739 7.47944 9.32697 3.38784 2.8721
threshold=0.68106350000000015 0.96578750000000013 0.59205150000000006 0.29807200000000006 0.76236350000000008 0.75038900000000008
decision_type=2 2 2 10 10 2
left_child=2 5 -1 -4 -3 -2
right_child=1 4 3 -5 -6 -7
leaf_value=-0.031977936476746793 -0.02824032735396945 0.021074337549477844 0.00094759477840253422 -0.027265844958889677 -0.0045103942630324335 0
leaf_weight=19.987994816154242 6.483476519584654 81.791645657271147 28.46941876783967 12.052250012755392 1.9124354273080815 3.7721470929682255
leaf_count=195 63 398 224 79 10 24
internal_value=0.001919 0.0149328 -0.0175674 -0.00805557 0.0200079 -0.0193795
internal_weight=154.469 93.9597 60.5097 40.5217 83.7041 10.2556
internal_count=993 495 498 303 408 87
is_linear=0
shrinkage=0.03


Tree=32
num_leaves=4
num_cat=0
split_feature=29 26 20
split_gain=33.8254 21.7685 14.7563
threshold=0.59205150000000006 1.0000000180025095e-35 0.19059250000000003
decision_type=2 10 10
left_child=-1 2 -2
right_child=1 -3 -4
leaf_value=-0.034722328000248465 0.0070494835700886903 0.033255925945906983 -0.016553433826564538
leaf_weight=19.290625192224979 74.722868584096432 17.969512924551964 31.37100450694561
leaf_count=199 552 47 171
internal_value=-0.000462399 0.00532261 0
internal_weight=143.354 124.063 106.094
internal_count=969 770 723
is_linear=0
shrinkage=0.03


Tree=33
num_leaves=7
num_cat=0
split_feature=28 29 29 26 20 28
split_gain=41.0444 22.5194 16.1408 9.09618 8.36559 2.37176
threshold=0.97266400000000008 0.62835750000000012 0.7391445000000002 1.0000000180025095e-35 0.28273050000000005 0.95943100000000014
decision_type=2 2 2 10 10 2
left_child=2 -2 3 -1 -3 -4
right_child=1 4 5 -5 -6 -7
leaf_value=-0.033747506944251292 -0.020031109555393264 0.021798674870185879 -0.0079257792034622028 0.010388267705396434 -0.0016174494360727339 0.015229156207146734
leaf_weight=33.844504959881306 13.129132907837628 77.027335405349731 1.8367212638258923 2.2563971579074851 13.28455927968025 8.8714129887521249
leaf_count=345 118 398 17 6 56 44
internal_value=0.00188396 0.0125428 -0.0204049 -0.0296363 0.0180915 0.00820366
internal_weight=150.25 103.441 46.809 36.1009 90.3119 10.7081
internal_count=984 572 412 351 454 61
is_linear=0
shrinkage=0.03


Tree=34
num_leaves=6
num_cat=0
split_feature=28 24 28 7 5
split_gain=25.4736 15.7637 10.3762 6.02847 3.4222
threshold=0.96567650000000016 1.0000000180025095e-35 0.98260900000000007 17.510375000000007 1.5000000000000002
decision_type=2 10 2 10 10
left_child=3 2 -2 4 -1
right_child=1 -3 -4 -5 -6
leaf_value=-0.030724439935807975 -0.0098119171365737296 0.032307719824458757 0.00915630152679754 0.0077834034775572779 0.0017063123307514342
leaf_weight=26.195304285734899 42.515059802681208 14.030709549784659 56.694072254002094 2.0655409246683112 1.0138114541769017
leaf_count=268 327 37 323 6 3
internal_value=-0.000759533 0.0055937 0.000684742 -0.0245001 -0.0284735
internal_weight=142.514 113.24 99.2091 29.2747 27.2091
internal_count=964 687 650 277 271
is_linear=0
shrinkage=0.03


Tree=35
num_leaves=4
num_cat=0
split_feature=26 6 21
split_gain=24.654 17.5764 14.0533
threshold=1.0000000180025095e-35 8.6832670000000025 0.00092500000000000015
decision_type=10 10 8
left_child=1 2 -1
right_child=-2 -3 -4
leaf_value=-0.019685349446292619 0.032440399847375692 0.028702636987628025 0.00048614422677159216
leaf_weight=47.957418128848076 16.105831176042557 10.11928007006645 72.286210983991623
leaf_count=279 43 28 651
internal_value=0.000400379 -0.00397379 -0.00759889
internal_weight=146.469 130.363 120.244
internal_count=1001 958 930
is_linear=0
shrinkage=0.03


Tree=36
num_leaves=7
num_cat=0
split_feature=29 28 29 5 26 9
split_gain=32.2913 24.9685 5.86804 5.42795 5.31058 5.05516
threshold=0.62835750000000012 0.96567650000000016 0.75038900000000008 1.5000000000000002 1.0000000180025095e-35 7.9372940000000005
decision_type=2 2 2 10 10 10
left_child=3 2 -2 5 -3 -1
right_child=1 4 -4 -5 -6 -7
leaf_value=-0.030315416361932777 -0.028034023852287385 0.011552569816620234 0.003908220697203162 0.0088088370961422208 0.032273347377004769 0.0046308331040818005
leaf_weight=26.964837536215789 13.973339799791576 82.916100431233644 4.3291577138006678 1.5507499426603306 15.15886130928993 1.7848603278398503
leaf_count=276 142 475 27 5 41 6
internal_value=0.00230669 0.0097289 -0.019584 -0.0236078 0.0159149 -0.0269684
internal_weight=146.678 116.377 18.3025 30.3004 98.075 28.7497
internal_count=972 685 169 287 516 282
is_linear=0
shrinkage=0.03


Tree=37
num_leaves=7
num_cat=0
split_feature=29 24 21 29 19 29
split_gain=29.3659 10.2036 6.64571 6.01061 3.11205 2.06056
threshold=0.68316900000000003 1.0000000180025095e-35 0.00092500000000000015 0.58515400000000006 0.39508250000000006 0.70063150000000007
decision_type=2 10 8 2 10 2
left_child=1 3 4 -1 -2 -4
right_child=2 -3 5 -5 -6 -7
leaf_value=-0.032902767363843122 0.0056120783734869874 0.01699341902225646 0 -0.0091760619190263421 -0.015787768377975485 0.019690089430298621
leaf_weight=16.394904874265194 19.384624704718593 5.218700870871543 5.3730525635182849 37.560443911701441 5.4084300696849814 54.886337015777826
leaf_count=175 75 15 43 304 32 319
internal_value=0.0015855 -0.0140037 0.0128798 -0.0182657 0 0.0180403
internal_weight=144.226 59.174 85.0524 53.9553 24.7931 60.2594
internal_count=963 494 469 479 107 362
is_linear=0
shrinkage=0.03


Tree=38
num_leaves=5
num_cat=0
split_feature=24 28 21 6
split_gain=26.2659 31.3115 14.2737 5.5525
threshold=1.0000000180025095e-35 0.98241700000000021 0.11378600000000001 8.2941500000000019
decision_type=10 2 8 8
left_child=1 2 -1 -3
right_child=-2 3 -4 -5
leaf_value=-0.030015810349240828 0.032498433072502872 0 -0.0014256899399230369 0.018483332223846457
leaf_weight=40.38951226323843 15.458657115697859 27.999741405248642 28.745451230555773 29.479241196066141
leaf_count=270 42 117 346 207
internal_value=-0.000761177 -0.0057116 -0.019098 0.010042
internal_weight=142.073 126.614 69.135 57.479
internal_count=982 940 616 324
is_linear=0
shrinkage=0.03


Tree=39
num_leaves=4
num_cat=0
split_feature=3 24 28
split_gain=25.0797 26.8009 18.7383
threshold=1.5000000000000002 1.0000000180025095e-35 0.98241700000000021
decision_type=10 10 2
left_child=1 2 -1
right_child=-2 -3 -4
leaf_value=-0.018802888621456171 0.03337877255278629 0.030114138157902339 0.0052934459190822816
leaf_weight=67.519891124218702 15.858456134796141 15.07207243144512 44.923100765794516
leaf_count=607 44 42 281
internal_value=0.000897688 -0.00358636 -0.00902869
internal_weight=143.374 127.515 112.443
internal_count=974 930 888
is_linear=0
shrinkage=0.03


Tree=40
num_leaves=6
num_cat=0
split_feature=29 28 2 29 28
split_gain=31.9809 24.1513 6.52213 5.24023 2.73396
threshold=0.59205150000000006 0.96567650000000016 0.81666650000000007 0.75038900000000008 0.92235000000000011
decision_type=2 2 10 2 2
left_child=4 3 -3 -2 -1
right_child=1 2 -4 -5 -6
leaf_value=0 -0.025505330007022063 0.017017146444322635 -0.0010985958679214296 0.0037169938980451882 -0.0344048669870489
leaf_weight=0.89238402247429149 17.994640499353412 83.598117891699076 18.282025888562202 4.3071853928267947 18.057198900729418
leaf_count=6 187 492 81 27 201
internal_value=0.00123008 0.0071705 0.0135419 -0.0189043 -0.0319917
internal_weight=143.132 124.182 101.88 22.3018 18.9496
internal_count=994 787 573 214 207
is_linear=0
shrinkage=0.03


Tree=41
num_leaves=7
num_cat=0
split_feature=28 29 21 19 29 18
split_gain=27.0208 17.8598 10.815 6.74415 3.9381 1.1284
threshold=0.97334950000000009 0.60785100000000003 0.12386950000000001 0.57113900000000017 0.7391445000000002 0.33506150000000007
decision_type=2 2 10 10 2 10
left_child=2 5 4 -3 -1 -2
right_child=1 3 -4 -5 -6 -7
leaf_value=-0.025974022955887549 -0.026297472889078386 0.017541199496373831 0.013139140805788247 -0.012740509723085464 0 0
leaf_weight=33.79306049272418 7.8929250873625261 81.333098139613867 6.412352740764617 3.9083355367183676 7.5104055255651465 0.91536282002925862
leaf_count=358 84 422 21 22 60 4
internal_value=0.00142724 0.0108591 -0.0161144 0.0154269 -0.0219153 -0.0234935
internal_weight=141.766 94.0497 47.7158 85.2414 41.3035 8.80829
internal_count=971 532 439 444 418 88
is_linear=0
shrinkage=0.03


Tree=42
num_leaves=7
num_cat=0
split_feature=28 24 29 21 16 28
split_gain=27.1656 21.9349 13.6528 9.35248 4.72632 1.31309
threshold=0.98260900000000007 1.0000000180025095e-35 0.61878350000000004 0.11378600000000001 0.29566500000000007 0.98460300000000012
decision_type=2 10 2 8 10 2
left_child=1 3 5 -1 -4 -2
right_child=2 -3 4 -5 -6 -7
leaf_value=-0.028423722811219236 0 0.024919889513370753 0.020382662827750957 -0.0036862247986658879 -0.0040606320248244773 -0.024193981063744822
leaf_weight=39.679032973945141 1.2645336613059033 8.4662734419107419 53.076138067990541 26.310459263622761 4.8730210661888114 5.650646086782217
leaf_count=271 9 24 273 329 21 54
internal_value=-0.00105803 -0.0133677 0.0125961 -0.0195847 0.0177363 -0.0197865
internal_weight=139.32 74.4558 64.8643 65.9895 57.9492 6.91518
internal_count=981 624 357 600 294 63
is_linear=0
shrinkage=0.03


Tree=43
num_leaves=7
num_cat=0
split_feature=29 28 21 28 16 4
split_gain=27.0012 11.8746 8.18249 7.09684 2.92778 2.33294
threshold=0.71548950000000011 0.97683400000000009 0.062116500000000012 0.98260900000000007 0.47068100000000007 1.5000000000000002
decision_type=2 2 10 2 10 8
left_child=2 5 3 -1 -3 -2
right_child=1 4 -4 -5 -6 -7
leaf_value=-0.02233290642169913 -0.016605135509439241 0.02129035034780441 0.012271420258049705 0 -0.0026413886334444065 0.002416880313345689
leaf_weight=45.344072930514812 8.7018953412771189 51.116343535482883 7.0961514413356772 19.99766256287694 1.9699805080890644 5.7180529534816751
leaf_count=454 50 246 26 134 9 60
internal_value=0 0.0132724 -0.0125496 -0.0161045 0.0197736 -0.00822282
internal_weight=139.944 67.5063 72.4379 65.3417 53.0863 14.4199
internal_count=979 365 614 588 255 110
is_linear=0
shrinkage=0.03


Tree=44
num_leaves=5
num_cat=0
split_feature=24 28 6 22
split_gain=21.9737 18.5962 6.4718 3.3799
threshold=1.0000000180025095e-35 0.97683400000000009 8.6832670000000025 0.20224550000000005
decision_type=10 2 10 10
left_child=1 3 -3 -1
right_child=-2 2 -4 -5
leaf_value=-0.021243817019538678 0.030088714974469851 0 0.025000873704389089 0.00052761903315212558
leaf_weight=45.624375738203526 15.129806205630301 66.114354658871889 8.3088449388742429 4.1865688115358344
leaf_count=469 44 430 25 17
internal_value=-0.000585397 -0.00517819 0.00400828 -0.0189199
internal_weight=139.364 124.234 74.4232 49.8109
internal_count=985 941 455 486
is_linear=0
shrinkage=0.03


Tree=45
num_leaves=6
num_cat=0
split_feature=29 26 4 26 21
split_gain=25.4353 10.3529 10.5864 2.69208 0.938216
threshold=0.62835750000000012 1.0000000180025095e-35 1.0000000180025095e-35 1.0000000180025095e-35 0.16932250000000001
decision_type=2 10 8 10 10
left_child=3 2 -2 4 -1
right_child=1 -3 -4 -5 -6
leaf_value=-0.026988234735343789 -0.0070784067191428596 0.028794484774916383 0.011855312756925661 0 0
leaf_weight=25.657951220870025 46.897765398025513 13.753192991018294 52.080171145498753 1.5437427014112461 0.9073452353477468
leaf_count=287 236 41 430 5 4
internal_value=8.42625e-05 0.00675873 0.00264563 -0.0237897 -0.0260279
internal_weight=140.84 112.731 98.9779 28.109 26.5653
internal_count=1003 707 666 296 291
is_linear=0
shrinkage=0.03


Tree=46
num_leaves=7
num_cat=0
split_feature=29 4 23 18 2 29
split_gain=27.5363 9.81687 6.46921 6.37215 4.00109 2.46066
threshold=0.72736100000000004 1.0000000180025095e-35 0.71218550000000014 0.19956300000000002 0.41428550000000003 0.78807700000000003
decision_type=2 10 8 8 10 2
left_child=1 3 -3 -1 -2 -6
right_child=4 2 -4 -5 5 -7
leaf_value=-0.026138256413688592 0.019920887815103885 0.026683159443159035 -0.012298169363090665 -0.0060306002636219859 -0.010355771812382987 0.0098569811234741431
leaf_weight=28.549842670559883 41.954601109027863 6.764204099774358 2.8168887197971353 39.559415426105261 5.9277818799018851 9.9539670795202237
leaf_count=193 245 18 16 429 30 37
internal_value=0 -0.0114303 0.0126382 -0.0156283 0.0152995 0.000277143
internal_weight=135.527 77.6904 9.58109 68.1093 57.8364 15.8817
internal_count=968 656 34 622 312 67
is_linear=0
shrinkage=0.03


Tree=47
num_leaves=6
num_cat=0
split_feature=29 28 3 29 19
split_gain=34.4438 7.92848 4.85096 4.77633 7.33481
threshold=0.69844400000000018 0.9574950000000001 1.5000000000000002 0.59205150000000006 0.20602100000000004
decision_type=2 2 10 2 10
left_child=3 -2 -3 -1 -5
right_child=1 2 -4 4 -6
leaf_value=-0.031474200990926272 -0.018731717709630499 0.0095535504153391859 0.030750513548305571 0 -0.024116444683941498
leaf_weight=15.855904418975113 3.473113276064395 56.580059133470058 13.836786329746245 26.490642163902521 16.158891290426254
leaf_count=193 35 339 42 245 111
internal_value=-0.000613827 0.0125594 0.0152137 -0.0175399 -0.00997432
internal_weight=132.395 73.89 70.4168 58.5054 42.6495
internal_count=965 416 381 549 356
is_linear=0
shrinkage=0.03


Tree=48
num_leaves=4
num_cat=0
split_feature=3 24 29
split_gain=22.4052 24.1978 12.9818
threshold=1.5000000000000002 1.0000000180025095e-35 0.68316900000000003
decision_type=10 10 2
left_child=1 2 -1
right_child=-2 -3 -4
leaf_value=-0.019335124383702537 0.032112751006110385 0.030343176088443068 0.0010088233009760974
leaf_weight=47.788107693195343 15.919095575809477 13.765108570456503 57.097955260425806
leaf_count=486 48 40 389
internal_value=0.00163469 -0.00289894 -0.00826211
internal_weight=134.57 118.651 104.886
internal_count=963 915 875
is_linear=0
shrinkage=0.03


Tree=49
num_leaves=7
num_cat=0
split_feature=29 28 29 3 26 26
split_gain=22.7995 14.341 9.67171 5.188 5.30067 3.7231
threshold=0.72736100000000004 0.97151950000000009 0.58515400000000006 1.5000000000000002 1.0000000180025095e-35 1.0000000180025095e-35
decision_type=2 2 2 10 8 10
left_child=1 5 -3 4 -2 -1
right_child=3 2 -4 -5 -6 -7
leaf_value=-0.02730010533176527 -0.0010223495344031067 -0.025661827598696473 0.0076129664856623789 0.029644539449029613 0.017230829834102963 0.0020915798515174812
leaf_weight=30.312301114201546 25.843567833304405 6.766798995435237 36.349501319229603 12.72942942380905 22.29782173037529 1.8397022634744633
leaf_count=344 109 82 223 40 184 6
internal_value=0.0001605 -0.0104816 0.000410539 0.0136636 0.00736027 -0.0247299
internal_weight=136.139 75.2683 43.1163 60.8708 48.1414 32.152
internal_count=988 655 305 333 293 350
is_linear=0
shrinkage=0.03


Tree=50
num_leaves=7
num_cat=0
split_feature=29 5 3 2 24 19
split_gain=20.5918 7.46656 5.76762 5.70134 5.46667 2.29025
threshold=0.68316900000000003 1.5000000000000002 1.0000000180025095e-35 0.25833350000000005 1.0000000180025095e-35 0.24434850000000002
decision_type=2 10 10 10 10 8
left_child=1 4 3 -2 -1 -4
right_child=2 -3 5 -5 -6 -7
leaf_value=-0.020038124057800241 0.011173819962955507 0.015209704186385483 0.02946624315652361 -0.0062500168920884541 0.0098238810431199742 0
leaf_weight=46.652321226894855 42.341695010662079 3.9544281512498847 12.883593574166294 22.147562652826309 2.9915663301944724 2.8934011459350595
leaf_count=488 314 13 40 105 9 12
internal_value=0.00013497 -0.01361 0.00983324 0.0047336 -0.0172115 0.0249939
internal_weight=133.865 53.5983 80.2663 64.4893 49.6439 15.777
internal_count=981 510 471 419 497 52
is_linear=0
shrinkage=0.03


Tree=51
num_leaves=5
num_cat=0
split_feature=3 28 29 29
split_gain=21.5993 15.5801 13.7418 3.78787
threshold=1.5000000000000002 0.96775100000000014 0.58515400000000006 0.75038900000000008
decision_type=10 2 2 2
left_child=1 3 -3 -1
right_child=-2 2 -4 -5
leaf_value=-0.025388935552823261 0.03138420980156241 -0.027321873217446037 0.0072927789090872332 0
leaf_weight=24.531028255820278 15.824812382459639 8.5674468502402288 82.713289692997932 5.2216351069509974
leaf_count=287 50 104 509 37
internal_value=0.00131978 -0.00303322 0.00295971 -0.0209224
internal_weight=136.858 121.033 91.2807 29.7527
internal_count=987 937 613 324
is_linear=0
shrinkage=0.03


Tree=52
num_leaves=6
num_cat=0
split_feature=28 29 19 4 22
split_gain=20.0267 16.7478 9.1818 4.40103 1.74531
threshold=0.96567650000000016 0.58515400000000006 0.57113900000000017 1.5000000000000002 0.13270100000000004
decision_type=2 2 10 10 10
left_child=3 -2 -3 4 -1
right_child=1 2 -4 -5 -6
leaf_value=-0.026706599720143189 -0.026884573828266173 0.0135685725402853 -0.017852452729623134 0.0059997812573710915 0
leaf_weight=21.948721658438451 8.4326493069529516 95.227209988981485 5.7914767041802397 2.0429272353649131 1.8378886133432377
leaf_count=269 105 565 39 7 9
internal_value=0.00129825 0.0071897 0.0110158 -0.0207762 -0.0246103
internal_weight=135.281 109.451 101.019 25.8295 23.7866
internal_count=994 709 604 285 278
is_linear=0
shrinkage=0.03


Tree=53
num_leaves=6
num_cat=0
split_feature=29 28 2 4 28
split_gain=19.4986 14.5794 7.65068 4.65529 0.233272
threshold=0.59205150000000006 0.96567650000000016 0.47222200000000009 1.5000000000000002 0.94019850000000016
decision_type=2 2 10 10 2
left_child=4 3 -3 -2 -1
right_child=1 2 -4 -5 -6
leaf_value=0 -0.021372582290264518 0.015079716251358115 -0.0018713503154988225 0.0093873369894349606 -0.029465115210756964
leaf_weight=1.4886845052242268 18.444196056574587 71.22178141772747 30.159049585461617 2.2423458099365225 13.976718612015246
leaf_count=17 204 456 139 7 180
internal_value=0.00049897 0.00494202 0.0098408 -0.0160051 -0.0280505
internal_weight=137.533 122.067 101.381 20.6865 15.4654
internal_count=1003 806 595 211 197
is_linear=0
shrinkage=0.03


Tree=54
num_leaves=5
num_cat=0
split_feature=3 28 29 29
split_gain=20.4558 13.1195 9.55919 5.70462
threshold=1.5000000000000002 0.97201400000000004 0.58515400000000006 0.7391445000000002
decision_type=10 2 2 2
left_child=1 3 -3 -1
right_child=-2 2 -4 -5
leaf_value=-0.023804739626352552 0.030282044051915608 -0.02481999751192572 0.0059848612887300036 0.00054844169684453096
leaf_weight=30.527155891060829 14.4018537402153 7.105985637754201 74.330871231853962 8.3304098471999151
leaf_count=353 47 85 458 58
internal_value=0 -0.00446011 0.00215527 -0.018202
internal_weight=134.696 120.294 81.4369 38.8576
internal_count=1001 954 543 411
is_linear=0
shrinkage=0.03


Tree=55
num_leaves=7
num_cat=0
split_feature=29 24 28 28 3 29
split_gain=20.9541 9.97295 8.71981 4.13268 3.78874 1.07402
threshold=0.68316900000000003 1.0000000180025095e-35 0.95943100000000014 0.99263250000000014 1.5000000000000002 0.83184150000000012
decision_type=2 10 2 2 10 2
left_child=1 3 5 -1 -4 -2
right_child=2 -3 4 -5 -6 -7
leaf_value=-0.022079847082003383 -0.022385376102767834 0.016553071217842146 0.0078733735996628536 0.0055626147920900771 0.02755170763883031 0
leaf_weight=43.354623463004827 5.0356189124286166 4.677218794822692 62.537158280611038 2.3891595005989066 11.263726681470869 0.864120204001665
leaf_count=479 55 14 377 12 39 6
internal_value=-0.000244 -0.015096 0.00899584 -0.0197671 0.0122263 -0.0185429
internal_weight=130.122 50.421 79.7006 45.7438 73.8009 5.89974
internal_count=982 505 477 491 416 61
is_linear=0
shrinkage=0.03


Tree=56
num_leaves=6
num_cat=0
split_feature=28 19 4 19 26
split_gain=17.7867 9.67035 6.10769 5.63763 4.03084
threshold=0.97201400000000004 0.0041160000000000007 1.5000000000000002 0.5558725000000001 1.0000000180025095e-35
decision_type=2 8 10 10 10
left_child=2 -2 4 -3 -1
right_child=1 3 -4 -5 -6
leaf_value=-0.022507557239427874 -0.01947362612073 0.013184585468269427 0.012450908494731438 -0.012641580943644325 0.0051899742398210536
leaf_weight=33.793359443545341 7.1839562132954589 78.088595729321241 2.9016100019216529 4.8547915741801253 2.3591225892305365
leaf_count=393 52 486 9 30 8
internal_value=0.00011098 0.00764012 -0.0158566 0.0109354 -0.0196747
internal_weight=129.181 90.1273 39.0541 82.9434 36.1525
internal_count=978 568 410 516 401
is_linear=0
shrinkage=0.03


Tree=57
num_leaves=4
num_cat=0
split_feature=3 24 5
split_gain=16.7688 17.4633 8.88411
threshold=1.5000000000000002 1.0000000180025095e-35 1.5000000000000002
decision_type=10 10 8
left_child=1 2 -1
right_child=-2 -3 -4
leaf_value=-0.01593613953667327 0.029025075817042667 0.025022846731673338 0.00093660824579395584
leaf_weight=59.643615543842316 12.443394824862478 12.726541638374327 44.6122125685215
leaf_count=380 42 41 512
internal_value=-0.000165639 -0.00416878 -0.00861215
internal_weight=129.426 116.982 104.256
internal_count=975 933 892
is_linear=0
shrinkage=0.03


Tree=58
num_leaves=5
num_cat=0
split_feature=24 29 3 28
split_gain=18.474 18.6206 8.09396 5.91928
threshold=1.0000000180025095e-35 0.70586950000000004 1.0000000180025095e-35 0.9924940000000001
decision_type=10 2 8 2
left_child=1 3 -3 -1
right_child=-2 2 -4 -5
leaf_value=-0.020159072635463841 0.028265779557592182 -0.0040008482853088863 0.016682768454208963 0.008027870614852611
leaf_weight=50.482545360922813 14.486730486154554 29.239202126860619 30.441659525036812 4.4090184345841399
leaf_count=545 47 132 239 25
internal_value=-0.000268732 -0.00476102 0.00636423 -0.0170781
internal_weight=129.059 114.572 59.6809 54.8916
internal_count=988 941 371 570
is_linear=0
shrinkage=0.03


Tree=59
num_leaves=4
num_cat=0
split_feature=3 26 28
split_gain=19.3454 14.8814 9.03055
threshold=1.5000000000000002 1.0000000180025095e-35 0.98260900000000007
decision_type=10 10 2
left_child=1 2 -1
right_child=-2 -3 -4
leaf_value=-0.016350872823607296 0.029379668403865057 0.023293457103658707 0.00084896344374235893
leaf_weight=61.5624148696661 13.373879760503767 11.033674538135527 41.846882432699203
leaf_count=637 46 36 281
internal_value=-0.000914458 -0.00537014 -0.00928094
internal_weight=127.817 114.443 103.409
internal_count=1000 954 918
is_linear=0
shrinkage=0.03


Tree=60
num_leaves=6
num_cat=0
split_feature=29 24 6 4 24
split_gain=16.425 9.13332 5.66861 4.5318 1.21953
threshold=0.62835750000000012 1.0000000180025095e-35 8.4887085000000031 1.0000000180025095e-35 1.0000000180025095e-35
decision_type=2 10 10 10 10
left_child=3 2 -2 4 -1
right_child=1 -3 -4 -5 -6
leaf_value=-0.025397218066541785 -0.00074391644896365842 0.026624291628737966 0.02127073969179908 0.0071385294029624666 0
leaf_weight=21.908743724226959 81.337209481745958 13.366499483585356 8.761212617158888 1.9758314862847317 1.1020034700632084
leaf_count=286 619 46 32 7 4
internal_value=0.000264072 0.00585335 0.001691 -0.0199547 -0.0239895
internal_weight=128.452 103.465 90.0984 24.9866 23.0107
internal_count=994 697 651 297 290
is_linear=0
shrinkage=0.03


Tree=61
num_leaves=5
num_cat=0
split_feature=29 3 24 22
split_gain=15.8446 11.2258 10.8446 0.343213
threshold=0.59205150000000006 1.5000000000000002 1.0000000180025095e-35 0.044478500000000004
decision_type=2 10 10 10
left_child=3 2 -2 -1
right_child=1 -3 -4 -5
leaf_value=-0.028037199736947831 -0.0033403121296054477 0.028263548330865248 0.024978932031524043 0
leaf_weight=13.094027832150458 88.644592400640249 12.04599207639694 11.006652742624281 1.9212942346930493
leaf_count=189 685 43 37 17
internal_value=0 0.00408905 0.000133946 -0.0261745
internal_weight=126.713 111.697 99.6512 15.0153
internal_count=971 765 722 206
is_linear=0
shrinkage=0.03


Tree=62
num_leaves=4
num_cat=0
split_feature=24 3 5
split_gain=13.04 11.861 5.7907
threshold=1.0000000180025095e-35 1.5000000000000002 1.5000000000000002
decision_type=10 10 8
left_child=1 2 -1
right_child=-2 -3 -4
leaf_value=-0.012744914327063433 0.026385218501242681 0.025044575662973616 0.0010067487440971184
leaf_weight=55.783766470849514 12.313396051526068 8.7520476132631284 44.132033202797174
leaf_count=357 42 32 524
internal_value=0.000214778 -0.00311118 -0.00652712
internal_weight=120.981 108.668 99.9158
internal_count=955 913 881
is_linear=0
shrinkage=0.03


Tree=63
num_leaves=5
num_cat=0
split_feature=19 19 15 21
split_gain=10.6093 7.39258 5.04476 3.3576
threshold=0.57113900000000017 0.0041160000000000007 0.055763000000000007 0.021265500000000003
decision_type=10 8 8 8
left_child=1 -1 -3 -2
right_child=3 2 -4 -5
leaf_value=-0.019894029711479088 -0.028468408323968401 0.017114044686421661 0.0019398273623582277 0.0034510831220593559
leaf_weight=7.3002115562558165 10.31276728212833 26.377360753715038 81.259725511074066 1.0481067001819617
leaf_count=58 92 105 721 3
internal_value=0.000744629 0.00391142 0.00629278 -0.0233289
internal_weight=126.298 114.937 107.637 11.3609
internal_count=979 884 826 95
is_linear=0
shrinkage=0.03


Tree=64
num_leaves=5
num_cat=0
split_feature=29 28 26 16
split_gain=16.9795 12.4309 11.1478 4.69322
threshold=0.58515400000000006 0.98260900000000007 1.0000000180025095e-35 0.47545650000000006
decision_type=2 2 10 10
left_child=-1 2 -2 -3
right_child=1 3 -4 -5
leaf_value=-0.028381997651349529 -0.0094550872007067802 0.017474111197867036 0.024230570036106645 -0.010484831891447683
leaf_weight=12.087069775909184 51.744558580219746 53.442064892500639 7.3061070442199698 2.6284187510609618
leaf_count=180 469 292 24 14
internal_value=0.00131458 0.00532818 -0.00383383 0.0151897
internal_weight=127.208 115.121 59.0507 56.0705
internal_count=979 799 493 306
is_linear=0
shrinkage=0.03


Tree=65
num_leaves=4
num_cat=0
split_feature=24 3 28
split_gain=14.4522 13.5206 9.11923
threshold=1.0000000180025095e-35 1.5000000000000002 0.96578750000000013
decision_type=10 10 2
left_child=1 2 -1
right_child=-2 -3 -4
leaf_value=-0.024164851782931276 0.026439234086361306 0.02567309092599402 -0.0022525059129434723
leaf_weight=20.665257766842842 13.042218476533888 9.0373435318469983 78.949214454740286
leaf_count=274 46 33 607
internal_value=0 -0.0040073 -0.00766421
internal_weight=121.694 108.652 99.6145
internal_count=960 914 881
is_linear=0
shrinkage=0.03


Tree=66
num_leaves=7
num_cat=0
split_feature=29 28 24 3 15 18
split_gain=19.2311 8.20205 5.1097 4.72309 4.40526 0.425056
threshold=0.68316900000000003 0.95943100000000014 1.0000000180025095e-35 1.0000000180025095e-35 0.41026900000000005 0.038521000000000007
decision_type=2 2 10 8 10 8
left_child=2 5 4 -3 -1 -2
right_child=1 3 -4 -5 -6 -7
leaf_value=-0.020783220352919671 0 0.0031413266685119076 0.0081852683451786416 0.019803783015481104 0.0077170297478034479 -0.020780994486053046
leaf_weight=39.599380500614643 0.65199480950832267 36.157130360603333 4.3307650387287131 35.331489156931639 2.3335063606500617 4.5436496324837208
leaf_count=477 3 152 16 259 15 55
internal_value=0 0.00914369 -0.0147003 0.012245 -0.0181202 -0.0187301
internal_weight=122.948 76.6843 46.2637 71.4886 41.9329 5.19564
internal_count=977 469 508 411 492 58
is_linear=0
shrinkage=0.03


Tree=67
num_leaves=4
num_cat=0
split_feature=3 26 28
split_gain=15.1384 11.9608 9.12805
threshold=1.5000000000000002 1.0000000180025095e-35 0.96567650000000016
decision_type=10 10 2
left_child=1 2 -1
right_child=-2 -3 -4
leaf_value=-0.024337435106097639 0.027827237236557348 0.021962971430066664 -0.0022168239030502688
leaf_weight=19.836227782070637 12.445233300328253 10.895137049257754 81.582968398928642
leaf_count=266 48 39 630
internal_value=0 -0.0037992 -0.00740554
internal_weight=124.76 112.314 101.419
internal_count=983 935 896
is_linear=0
shrinkage=0.03


Tree=68
num_leaves=5
num_cat=0
split_feature=29 3 26 15
split_gain=13.5185 9.66385 9.11767 0.784754
threshold=0.59205150000000006 1.5000000000000002 1.0000000180025095e-35 0.32105100000000003
decision_type=2 10 10 10
left_child=3 2 -2 -1
right_child=1 -3 -4 -5
leaf_value=-0.026209777644379671 -0.0017000637377769141 0.02748416022313676 0.024901908836179581 0
leaf_weight=11.774128548800942 90.503763634711504 12.175155580043791 10.089414574205874 0.91163147240877229
leaf_count=185 720 48 36 7
internal_value=0.00131723 0.00504512 0.00132238 -0.0245357
internal_weight=125.454 112.768 100.593 12.6858
internal_count=996 804 756 192
is_linear=0
shrinkage=0.03


Tree=69
num_leaves=5
num_cat=0
split_feature=24 28 21 19
split_gain=12.5497 11.996 7.63377 3.21338
threshold=1.0000000180025095e-35 0.98054250000000009 0.11378600000000001 0.00032450000000000008
decision_type=10 2 8 8
left_child=1 2 -1 -3
right_child=-2 3 -4 -5
leaf_value=-0.024754707412130025 0.024265327219386595 -0.012197578011855876 0 0.0071960320302146595
leaf_weight=27.114085711538792 12.808284215629099 5.1602634266018859 21.71689422801137 53.087127760052681
leaf_count=235 49 39 309 341
internal_value=-0.000465292 -0.00427669 -0.0149494 0.00447479
internal_weight=119.887 107.078 48.831 58.2474
internal_count=973 924 544 380
is_linear=0
shrinkage=0.03


Tree=70
num_leaves=6
num_cat=0
split_feature=28 29 3 22 29
split_gain=13.588 10.6579 4.81309 3.51965 2.37829
threshold=0.96646850000000006 0.58515400000000006 1.5000000000000002 0.13270100000000004 0.93833750000000016
decision_type=2 2 10 10 2
left_child=3 -2 -3 4 -1
right_child=1 2 -4 -5 -6
leaf_value=-0.025161197647224187 -0.023564602610548161 0.0050756897733664572 0.025656753878683981 0.0034572787019967171 0.0015177251619805485
leaf_weight=19.938664682209499 7.0856790095567694 84.06094241514802 10.718863904476164 2.4622256308794013 0.72747575119137664
leaf_count=282 104 548 45 11 4
internal_value=0.000262421 0.00530404 0.00842583 -0.0188539 -0.0228811
internal_weight=124.994 101.865 94.7798 23.1284 20.6661
internal_count=994 697 593 297 286
is_linear=0
shrinkage=0.03


Tree=71
num_leaves=6
num_cat=0
split_feature=29 3 7 4 15
split_gain=12.3476 6.41052 5.58474 3.91193 0.305849
threshold=0.63185900000000006 1.5000000000000002 1.0000000180025095e-35 1.0000000180025095e-35 0.23709800000000003
decision_type=2 10 10 10 10
left_child=3 2 -2 4 -1
right_child=1 -3 -4 -5 -6
leaf_value=-0.023552317177464845 0.0049956099510983683 0.024963906444527718 -0.015034645924838006 0.0071743143644770547 0
leaf_weight=18.939836479723461 77.105552420020103 9.8524428457021695 11.508399590849875 1.7803742662072171 2.7765905335545531
leaf_count=277 582 42 57 6 21
internal_value=0 0.00495627 0.00165965 -0.018037 -0.0219376
internal_weight=121.963 98.4664 88.614 23.4968 21.7164
internal_count=985 681 639 304 298
is_linear=0
shrinkage=0.03


Tree=72
num_leaves=5
num_cat=0
split_feature=21 19 19 17
split_gain=10.0359 10.0118 4.28276 0.179548
threshold=0.11378600000000001 0.57113900000000017 0.0041160000000000007 0.34091000000000005
decision_type=10 10 8 10
left_child=1 2 -1 -2
right_child=3 -3 -4 -5
leaf_value=-0.018155657046361122 0.021969311216367714 -0.027956157307933001 0.0021397229751684834 0
leaf_weight=7.3886310607194892 13.782503411173822 9.9306729435920698 90.941831305623055 2.6773766949772826
leaf_count=61 52 94 783 11
internal_value=0.000109201 -0.00313762 0 0.0201976
internal_weight=124.721 108.261 98.3305 16.4599
internal_count=1001 938 844 63
is_linear=0
shrinkage=0.03


Tree=73
num_leaves=6
num_cat=0
split_feature=19 28 19 7 22
split_gain=11.0403 7.49057 7.02813 2.08394 0.589943
threshold=0.57113900000000017 0.96567650000000016 0.0041160000000000007 17.510375000000007 0.086371000000000017
decision_type=10 2 8 10 10
left_child=1 3 -3 -1 -2
right_child=4 2 -4 -5 -6
leaf_value=-0.015371880523221169 -0.026846906227485003 -0.016578358427257297 0.01014641494420398 0.0051523781033018775 0
leaf_weight=16.800890520215038 9.0726349800825101 6.3196958750486365 88.664551932364702 1.6381624788045872 1.0246922373771656
leaf_count=237 88 50 604 5 7
internal_value=0.000853267 0.00399475 0.00760899 -0.0116833 -0.0249765
internal_weight=123.521 113.423 94.9842 18.4391 10.0973
internal_count=991 896 654 242 95
is_linear=0
shrinkage=0.03


Tree=74
num_leaves=7
num_cat=0
split_feature=28 26 3 29 23 18
split_gain=11.0071 8.99115 5.32052 5.15376 3.37867 1.91745
threshold=0.98260900000000007 1.0000000180025095e-35 1.5000000000000002 0.61878350000000004 0.81133400000000011 0.33860950000000006
decision_type=2 10 8 2 10 10
left_child=1 2 -1 5 -5 -2
right_child=3 -3 -4 4 -6 -7
leaf_value=-0.018633735653033685 -0.017879618053071731 0.017159335452566014 0 0.015798882619687392 -0.0059204476615898225 0.0048367728148949853
leaf_weight=36.541976653039455 5.0154979676008216 7.7510116994380942 22.055743757635355 46.725891660898924 3.6688208132982245 1.2160222828388212
leaf_count=286 62 29 332 265 17 4
internal_value=0.000282287 -0.00760862 -0.012048 0.00994879 0.013412 -0.0100657
internal_weight=122.975 66.3487 58.5977 56.6262 50.3947 6.23152
internal_count=995 647 618 348 282 66
is_linear=0
shrinkage=0.03


Tree=75
num_leaves=5
num_cat=0
split_feature=3 29 19 18
split_gain=11.7654 8.18021 5.98188 1.32417
threshold=1.5000000000000002 0.59205150000000006 0.56118850000000009 0.32467900000000011
decision_type=10 2 10 10
left_child=1 3 -3 -1
right_child=-2 2 -4 -5
leaf_value=-0.025420503418138462 0.026738464436675356 0.0037712121537923056 -0.01917777875382792 0
leaf_weight=10.663531191647051 11.496177390217779 91.238424219191074 8.3064216002821905 2.4738284200429908
leaf_count=179 48 683 72 23
internal_value=0.00114087 -0.00183702 0.00105867 -0.0217552
internal_weight=124.178 112.682 99.5448 13.1374
internal_count=1005 957 755 202
is_linear=0
shrinkage=0.03


Tree=76
num_leaves=5
num_cat=0
split_feature=24 28 19 29
split_gain=10.0415 8.74252 4.24458 4.16978
threshold=1.0000000180025095e-35 0.98260900000000007 0.0021815000000000003 0.86336700000000011
decision_type=10 2 8 2
left_child=1 3 -3 -1
right_child=-2 2 -4 -5
leaf_value=-0.012999677870215881 0.023600691691280547 -0.014458609211072069 0.0095802766431659289 0.011459054921902804
leaf_weight=52.972139723598957 12.028367042541502 4.0821639820933333 44.349953021854162 3.4367786720395079
leaf_count=577 47 32 279 24
internal_value=0.000434197 -0.0025281 0.00624566 -0.0105011
internal_weight=116.869 104.841 48.4321 56.4089
internal_count=959 912 311 601
is_linear=0
shrinkage=0.03


Tree=77
num_leaves=5
num_cat=0
split_feature=26 9 19 5
split_gain=11.2598 9.89856 10.0408 5.43218
threshold=1.0000000180025095e-35 7.9813810000000007 0.13362550000000004 1.5000000000000002
decision_type=10 8 8 10
left_child=1 3 -3 -1
right_child=-2 2 -4 -5
leaf_value=-0.016901874913352211 0.023207826251481361 0.025950980121246348 -0.0025432160583798787 0.0054394485985543193
leaf_weight=48.320891559123993 11.810151875019072 11.643196664750574 39.121268143877387 8.2779259011149389
leaf_count=353 47 43 517 32
internal_value=-0.00105981 -0.00455941 0.00451752 -0.0130216
internal_weight=119.173 107.363 50.7645 56.5988
internal_count=992 945 560 385
is_linear=0
shrinkage=0.03


Tree=78
num_leaves=7
num_cat=0
split_feature=28 29 24 29 13 22
split_gain=12.3884 9.08525 3.90605 2.9075 0.898866 0.126109
threshold=0.96567650000000016 0.58515400000000006 1.0000000180025095e-35 0.75038900000000008 1.5000000000000002 0.11690700000000001
decision_type=2 2 10 2 10 8
left_child=3 -2 -3 4 -1 -5
right_child=1 2 -4 5 -6 -7
leaf_value=-0.025672751962971661 -0.022407002041402179 0.0044631625423548699 0.023695612626680445 -0.0012903948650234533 0 0.0044603817614626874
leaf_weight=15.979312341660265 6.7342968806624404 77.660142246633768 9.937714532017706 1.5044973790645593 0.80123770982027132 2.3278666250407696
leaf_count=247 107 539 41 10 4 18
internal_value=0 0.00460742 0.00768855 -0.0196132 -0.0243207 0
internal_weight=114.945 94.3322 87.5979 20.6129 16.7806 3.83236
internal_count=966 687 580 279 251 28
is_linear=0
shrinkage=0.03


Tree=79
num_leaves=4
num_cat=0
split_feature=3 26 28
split_gain=13.4266 11.0424 6.44813
threshold=1.5000000000000002 1.0000000180025095e-35 0.97201400000000004
decision_type=10 10 2
left_child=1 2 -1
right_child=-2 -3 -4
leaf_value=-0.019650247775118531 0.026195495514258236 0.020912351717105839 -0.0025083185336476428
leaf_weight=28.895040731877089 11.01922222971916 9.813038267195223 68.521288651973009
leaf_count=394 48 39 517
internal_value=-0.00116251 -0.00488248 -0.00832677
internal_weight=118.249 107.229 97.4163
internal_count=998 950 911
is_linear=0
shrinkage=0.03


Tree=80
num_leaves=7
num_cat=0
split_feature=21 28 23 15 28 28
split_gain=9.53169 8.81308 4.76584 4.60045 2.08959 0.679463
threshold=0.045361000000000005 0.98260900000000007 0.0072370000000000012 0.41026900000000005 0.98798800000000009 0.98791800000000018
decision_type=10 2 10 8 2 2
left_child=1 3 -2 -1 -3 -4
right_child=2 4 5 -5 -6 -7
leaf_value=-0.01853141950460175 -0.0054930642041947581 0.012036065649175707 0.026335491755011518 0 0 0
leaf_weight=29.56731653958559 3.2235357835888889 21.863625060766935 15.124365523457529 20.328864773735404 24.801455095410347 2.6454229056835166
leaf_count=256 19 130 56 320 183 12
internal_value=0.000963713 -0.00289282 0.0180964 -0.0115395 0.00588709 0.0239954
internal_weight=117.555 96.5613 20.9933 49.8962 46.6651 17.7698
internal_count=976 889 87 576 313 68
is_linear=0
shrinkage=0.03


Tree=81
num_leaves=4
num_cat=0
split_feature=3 24 15
split_gain=9.42491 8.1391 6.76871
threshold=1.5000000000000002 1.0000000180025095e-35 0.34436500000000003
decision_type=10 10 8
left_child=1 2 -1
right_child=-2 -3 -4
leaf_value=-0.012782628095388056 0.024703956332634881 0.020040626462438652 0.0025083012584592337
leaf_weight=53.42203464359045 9.4403587132692319 8.9666119962930662 41.831042412668467
leaf_count=356 43 36 538
internal_value=0 -0.0028815 -0.00589063
internal_weight=113.66 104.22 95.2531
internal_count=973 930 894
is_linear=0
shrinkage=0.03


Tree=82
num_leaves=4
num_cat=0
split_feature=26 19 19
split_gain=7.62531 7.08924 3.58327
threshold=1.0000000180025095e-35 0.50499100000000008 0.0013750000000000001
decision_type=10 10 10
left_child=1 2 -1
right_child=-2 -3 -4
leaf_value=-0.0049465908505509247 0.022015760619213651 -0.021901979658066249 0.0064752674921050649
leaf_weight=39.314126331359148 11.142176151275633 10.346703395247458 53.039236456155777
leaf_count=542 48 106 271
internal_value=0.00122036 -0.00131278 0.00129579
internal_weight=113.842 102.7 92.3534
internal_count=967 919 813
is_linear=0
shrinkage=0.03


Tree=83
num_leaves=4
num_cat=0
split_feature=3 26 15
split_gain=9.14286 7.92535 6.99733
threshold=1.5000000000000002 1.0000000180025095e-35 0.30061300000000007
decision_type=10 10 8
left_child=1 2 -1
right_child=-2 -3 -4
leaf_value=-0.011621443102065783 0.024994558327877465 0.02067921385889494 0.0036875179524208071
leaf_weight=53.633702490478754 10.031278312206267 9.5450871363282186 44.982564153149724
leaf_count=357 47 39 545
internal_value=0.00110489 -0.0014556 -0.00444052
internal_weight=118.193 108.161 98.6163
internal_count=988 941 902
is_linear=0
shrinkage=0.03


Tree=84
num_leaves=7
num_cat=0
split_feature=28 24 22 2 28 28
split_gain=11.3161 7.27108 4.43213 2.98412 2.17892 3.27347
threshold=0.98260900000000007 1.0000000180025095e-35 0.16110350000000004 0.47222200000000009 0.98791800000000018 0.9893875000000002
decision_type=2 8 10 8 2 2
left_child=1 2 -1 -3 -2 -6
right_child=4 3 -4 -5 5 -7
leaf_value=-0.023055804882055237 0.014847451343185042 0.016366801358191206 0.0023999731132636291 -0.0038245464349454428 -0.016394867633585147 0.0065697393300893818
leaf_weight=28.270319610834122 24.290132757276297 5.8662767857313183 4.4646754115819922 19.990529311820865 3.6738241575658348 25.240186955779791
leaf_count=260 141 24 20 328 31 169
internal_value=-0.000910834 -0.00999911 -0.0188344 0.000942039 0.00856348 0.00144495
internal_weight=111.796 58.5918 32.735 25.8568 53.2041 28.914
internal_count=973 632 280 352 341 200
is_linear=0
shrinkage=0.03


Tree=85
num_leaves=7
num_cat=0
split_feature=29 29 29 29 15 16
split_gain=11.3271 3.34 3.2032 3.84197 2.41218 2.08849
threshold=0.68316900000000003 0.78477400000000008 0.59205150000000006 0.65953700000000015 0.081151000000000015 0.020114000000000003
decision_type=2 2 2 2 10 10
left_child=2 4 -1 -4 -2 -3
right_child=1 5 3 -5 -6 -7
leaf_value=-0.02357455139592363 -0.0049420272626162914 0.022271319966791624 0.0024766683555330093 -0.017099985464896231 0.008733592482444168 0.0031557562312657856
leaf_weight=11.962357163429258 21.23129016906023 14.839449193328621 20.207814507186416 10.365431144833563 18.066406115889549 14.91434223949909
leaf_count=206 203 111 197 105 83 70
internal_value=0 0.00760671 -0.0115031 -0.00420188 0.000809352 0.0147721
internal_weight=111.587 69.0515 42.5356 30.5732 39.2977 29.7538
internal_count=975 467 508 302 286 181
is_linear=0
shrinkage=0.03


Tree=86
num_leaves=6
num_cat=0
split_feature=28 3 2 22 15
split_gain=9.9418 4.46392 4.56387 2.65678 1.12936
threshold=0.96567650000000016 1.5000000000000002 0.64583350000000006 0.13270100000000004 0.43972050000000001
decision_type=2 10 10 10 10
left_child=3 2 -2 4 -1
right_child=1 -3 -4 -5 -6
leaf_value=-0.02240258803288301 0.0064254226065209733 0.023174553922629449 -0.0089486815375960926 0.0023123657705596467 0
leaf_weight=16.165067480877049 67.855235647410154 8.6939713060855848 19.007558032870293 2.269251935184001 0.91184759885072608
leaf_count=265 546 43 115 11 8
internal_value=0.00106823 0.0053709 0.00254094 -0.0167094 -0.0206992
internal_weight=114.903 95.5568 86.8628 19.3462 17.0769
internal_count=988 704 661 284 273
is_linear=0
shrinkage=0.03


Tree=87
num_leaves=5
num_cat=0
split_feature=3 26 5 29
split_gain=8.94729 6.91616 5.75769 0.167547
threshold=1.5000000000000002 1.0000000180025095e-35 1.5000000000000002 0.67307300000000014
decision_type=10 10 8 2
left_child=1 2 -1 -3
right_child=-2 3 -4 -5
leaf_value=-0.011559041651230945 0.024282107735928041 0 0.0025326184328278048 0.021337414588129214
leaf_weight=51.637740988284349 9.9040250033140165 2.6305672228336316 42.935929358005524 6.7425067871809006
leaf_count=366 49 11 518 29
internal_value=0.000499511 -0.00210356 -0.00497288 0.0186092
internal_weight=113.851 103.947 94.5737 9.37307
internal_count=973 924 884 40
is_linear=0
shrinkage=0.03


Tree=88
num_leaves=7
num_cat=0
split_feature=29 23 19 13 18 18
split_gain=8.7747 6.54764 3.99247 2.22796 2.11411 1.94346
threshold=0.62835750000000012 0.73399800000000004 0.56118850000000009 1.0000000180025095e-35 0.056721000000000008 0.32467900000000011
decision_type=2 10 10 10 10 10
left_child=3 2 -2 5 -3 -1
right_child=1 4 -4 -5 -6 -7
leaf_value=-0.022240637837011471 0.010753420118769383 0.0023752370560968373 -0.010801137432858526 0.0034533673697016297 -0.01664801333118537 0
leaf_weight=15.157859725877648 77.430016659200191 3.4390705674886695 4.783982425928115 1.5356578603386868 11.237840861082075 3.4236191846430293
leaf_count=251 569 17 42 6 80 31
internal_value=0.00124713 0.00529662 0.00881102 -0.0151152 -0.0108468 -0.0183066
internal_weight=117.008 96.8909 82.214 20.1171 14.6769 18.5815
internal_count=996 708 611 288 97 282
is_linear=0
shrinkage=0.03


Tree=89
num_leaves=6
num_cat=0
split_feature=3 18 28 15 24
split_gain=8.58545 8.2143 7.48266 5.07457 3.43377
threshold=1.0000000180025095e-35 0.14289150000000003 0.96567650000000016 0.2283705 1.0000000180025095e-35
decision_type=10 8 2 10 10
left_child=1 4 -3 -2 -1
right_child=3 2 -4 -5 -6
leaf_value=-0.017395398754488194 0.026345347880451998 -0.014759493467810341 0.0083841525611734139 -0.0066447954575546871 0.0061692925783137665
leaf_weight=31.597378328442574 13.152796626091002 12.7080957647413 53.129336889833212 2.5338208898901931 3.0015074610710135
leaf_count=225 57 219 474 16 14
internal_value=0.000274701 -0.00286221 0.00303256 0.0191998 -0.0142241
internal_weight=116.123 100.436 65.8374 15.6866 34.5989
internal_count=1005 932 693 73 239
is_linear=0
shrinkage=0.03


Tree=90
num_leaves=4
num_cat=0
split_feature=3 24 28
split_gain=8.21893 6.80783 6.90704
threshold=1.5000000000000002 1.0000000180025095e-35 0.98260900000000007
decision_type=10 10 2
left_child=1 2 -1
right_child=-2 -3 -4
leaf_value=-0.011264389474340261 0.024248737874573462 0.020401609603518427 0.0042153429461986441
leaf_weight=53.012164670974016 9.4235766232013685 8.1552111431956273 42.499029487371445
leaf_count=608 47 34 290
internal_value=0.00103102 -0.00142092 -0.00415332
internal_weight=113.09 103.666 95.5112
internal_count=979 932 898
is_linear=0
shrinkage=0.03


Tree=91
num_leaves=4
num_cat=0
split_feature=29 3 24
split_gain=9.27287 6.81858 5.64911
threshold=0.58515400000000006 1.5000000000000002 1.0000000180025095e-35
decision_type=2 10 10
left_child=-1 2 -2
right_child=1 -3 -4
leaf_value=-0.024427118451141188 -0.0018947650508603488 0.024239285428426901 0.020292401239522941
leaf_weight=8.8911652006208879 86.715683011338115 9.5875353664159757 8.5954494476318342
leaf_count=165 734 49 38
internal_value=0.000427737 0.00343306 0.000359159
internal_weight=113.79 104.899 95.3111
internal_count=986 821 772
is_linear=0
shrinkage=0.03


Tree=92
num_leaves=4
num_cat=0
split_feature=3 26 18
split_gain=5.85583 4.18241 3.94248
threshold=1.5000000000000002 1.0000000180025095e-35 0.090694500000000011
decision_type=10 10 8
left_child=1 2 -1
right_child=-2 -3 -4
leaf_value=-0.011200733950350657 0.022900730862344666 0.017235206210119841 0.0016174264789217117
leaf_weight=26.234789285808802 8.3464273661375028 8.6161970347166044 71.191635036841035
leaf_count=182 44 39 738
internal_value=0.00240736 0 -0.00176698
internal_weight=114.389 106.043 97.4264
internal_count=1003 959 920
is_linear=0
shrinkage=0.03


Tree=93
num_leaves=4
num_cat=0
split_feature=29 7 2
split_gain=7.42522 5.12935 4.21436
threshold=0.59205150000000006 17.510375000000007 0.32575750000000009
decision_type=2 10 10
left_child=-1 2 -2
right_child=1 -3 -4
leaf_value=-0.02115184789276172 0.0043010342071608141 0.02040614272275652 -0.0090751607527659595
leaf_weight=10.963170947507022 57.366743866354227 9.1902084499597532 29.498327620327473
leaf_count=204 541 42 187
internal_value=-0.000471556 0.00215503 -5.88451e-05
internal_weight=107.018 96.0553 86.8651
internal_count=974 770 728
is_linear=0
shrinkage=0.03


Tree=94
num_leaves=7
num_cat=0
split_feature=29 19 21 5 2 26
split_gain=9.30246 6.47648 6.84132 3.62731 2.86555 1.38349
threshold=0.63185900000000006 0.24434850000000002 0.12386950000000001 1.5000000000000002 0.32575750000000009 1.0000000180025095e-35
decision_type=2 10 10 10 8 10
left_child=3 4 -3 5 -2 -1
right_child=1 2 -4 -5 -6 -7
leaf_value=-0.024162207687658935 0.017167451348656271 -0.017546380406054943 0.015825869969825084 0.0082686005657040401 0.0027565890311163207 0
leaf_weight=17.302751567214735 19.405919156968594 18.757123731076721 3.9371113777160636 1.034798391163348 46.757029496133327 1.2800721302628506
leaf_count=287 88 138 15 4 434 5
internal_value=-0.000944457 0.00304646 -0.0094174 -0.0183539 0.00797844 -0.0221697
internal_weight=108.475 88.8572 22.6942 19.6176 66.1629 18.5828
internal_count=971 675 153 296 522 292
is_linear=0
shrinkage=0.03


Tree=95
num_leaves=5
num_cat=0
split_feature=3 2 2 9
split_gain=6.19583 3.69995 5.94544 4.41146
threshold=1.5000000000000002 0.41428550000000003 1.0000000180025095e-35 8.2435015000000025
decision_type=10 10 10 10
left_child=1 2 -1 -3
right_child=-2 3 -4 -5
leaf_value=-0.001827237278096531 0.02259459544859662 -0.014027868944998082 0.017597918236724096 0.012117514703743651
leaf_weight=54.598958419635892 7.9567933678627005 27.368178915232424 15.167362689971922 3.5249607264995566
leaf_count=635 42 209 65 11
internal_value=0.00103113 -0.000988561 0.00253497 -0.00935099
internal_weight=108.616 100.659 69.7663 30.8931
internal_count=962 920 700 220
is_linear=0
shrinkage=0.03


Tree=96
num_leaves=5
num_cat=0
split_feature=29 28 18 29
split_gain=9.38044 6.84349 3.01981 2.28263
threshold=0.58515400000000006 0.96567650000000016 0.26283050000000008 0.75038900000000008
decision_type=2 2 10 2
left_child=-1 3 -3 -2
right_child=1 2 -4 -5
leaf_value=-0.02275740203265357 -0.016434846170544661 0.0049329488041477123 0.019889443417265711 0.0024681971757022866
leaf_weight=8.9346253927797061 12.423725547268988 69.201618224382401 16.507207505404949 4.2060149163007727
leaf_count=182 189 514 71 31
internal_value=0.00207269 0.00511165 0.00872692 -0.010479
internal_weight=111.273 102.339 85.7088 16.6297
internal_count=987 805 585 220
is_linear=0
shrinkage=0.03


Tree=97
num_leaves=5
num_cat=0
split_feature=3 24 29 20
split_gain=7.98127 6.02444 4.44755 3.11264
threshold=1.5000000000000002 1.0000000180025095e-35 0.70820600000000011 0.45587550000000004
decision_type=10 8 2 8
left_child=1 2 -1 -3
right_child=-2 3 -4 -5
leaf_value=-0.016910450638102526 0.023315523277333213 0.019454855077620077 0 0
leaf_weight=28.084886360913515 8.815790228545664 7.8244081810116759 30.533215872943401 33.348916394636035
leaf_count=263 48 35 141 488
internal_value=0 -0.00271898 -0.00890508 0.00541564
internal_weight=108.607 99.7914 58.6181 41.1733
internal_count=975 927 404 523
is_linear=0
shrinkage=0.03


Tree=98
num_leaves=6
num_cat=0
split_feature=3 17 23 19 18
split_gain=7.14957 5.15399 4.45248 2.6629 1.97566
threshold=1.0000000180025095e-35 0.17880100000000002 0.73399800000000004 0.50499100000000008 0.19468900000000003
decision_type=10 8 10 10 10
left_child=1 4 -2 -3 -1
right_child=2 3 -4 -5 -6
leaf_value=-0.01815884718299169 0.024179460159079676 0.0035495156571945896 -0.0074740473396127261 -0.013621118352907677 0
leaf_weight=18.823104366660122 12.890083022415636 62.251401267945766 2.0780944451689711 5.9646498411893836 7.8600255139172068
leaf_count=138 60 647 15 67 47
internal_value=0 -0.00297779 0.0176011 0.00111635 -0.0135102
internal_weight=109.867 94.8992 14.9682 68.2161 26.6831
internal_count=974 899 75 714 185
is_linear=0
shrinkage=0.03


Tree=99
num_leaves=5
num_cat=0
split_feature=3 26 18 29
split_gain=8.83582 6.15629 6.23683 0.148608
threshold=1.5000000000000002 1.0000000180025095e-35 0.18290500000000001 0.67307300000000014
decision_type=10 10 8 2
left_child=1 2 -1 -3
right_child=-2 3 -4 -5
leaf_value=-0.01596960680727565 0.023288944975170502 0 0 0.019148478704097995
leaf_weight=34.659282322973013 8.981834448873995 2.6420875638723356 54.654011281207204 5.7200756669044495
leaf_count=257 51 12 620 28
internal_value=-0.000741993 -0.0038779 -0.00657523 0.0164204
internal_weight=106.657 97.6755 89.3133 8.36216
internal_count=968 917 877 40
is_linear=0
shrinkage=0.03


Tree=100
num_leaves=7
num_cat=0
split_feature=28 18 3 9 29 29
split_gain=6.5618 6.17223 7.58692 4.9434 1.83569 1.30054
threshold=0.96567650000000016 0.26283050000000008 1.0000000180025095e-35 1.0000000180025095e-35 0.94279550000000012 0.50877050000000013
decision_type=2 10 8 10 2 2
left_child=4 2 -2 -3 5 -1
right_child=1 3 -4 -5 -6 -7
leaf_value=0 -0.010550606211834377 0.024350348480954874 0.0082489191363348171 -0.0071827925886230916 0.0032475747920949773 -0.019860931106602562
leaf_weight=0.8375052995979847 32.788330230861902 15.596640866249802 38.804071042686701 2.6626957431435576 0.81883560121059318 15.696047980338333
leaf_count=11 208 66 409 16 4 263
internal_value=0.00012419 0.0037631 -3.68694e-05 0.0179761 -0.0150215 -0.017822
internal_weight=107.204 89.8517 71.5924 18.2593 17.3524 16.5336
internal_count=977 699 617 82 278 274
is_linear=0
shrinkage=0.03


Tree=101
num_leaves=5
num_cat=0
split_feature=3 19 18 22
split_gain=5.51785 4.98518 3.37216 1.43668
threshold=1.5000000000000002 0.5363880000000002 0.29332350000000001 0.090430500000000011
decision_type=10 10 10 8
left_child=1 2 -1 -3
right_child=-2 3 -4 -5
leaf_value=-0.0024689833168196149 0.021078448926657823 -0.024167238540288644 0.011413328107672923 0
leaf_weight=74.496893972158432 7.2721209600567809 7.5841330178081963 16.672654997557402 0.83873218297958452
leaf_count=738 43 93 93 6
internal_value=0 -0.00197987 3.38955e-05 -0.0206876
internal_weight=106.865 99.5924 91.1695 8.42287
internal_count=973 930 831 99
is_linear=0
shrinkage=0.03


Tree=102
num_leaves=6
num_cat=0
split_feature=29 28 19 29 28
split_gain=7.61678 6.3724 2.85607 1.99436 1.69091
threshold=0.59205150000000006 0.96567650000000016 0.57113900000000017 0.64525250000000012 0.92814050000000015
decision_type=2 2 10 2 2
left_child=4 3 -3 -2 -1
right_child=1 2 -4 -5 -6
leaf_value=0 0.00046271303510315618 0.0088887257068234922 -0.0097225077154028533 -0.018100873111360577 -0.023393220332865165
leaf_weight=0.70252196677029033 3.4995558299124232 80.912001106888056 4.1804202795028678 10.441927768290041 9.554036293178795
leaf_count=7 51 555 34 145 195
internal_value=0.00097502 0.00397668 0.00733388 -0.0124135 -0.0200859
internal_weight=109.29 99.0339 85.0924 13.9415 10.2566
internal_count=987 785 589 196 202
is_linear=0
shrinkage=0.03


Tree=103
num_leaves=7
num_cat=0
split_feature=28 19 19 7 4 15
split_gain=6.24359 3.01254 3.60491 1.61894 1.14903 1.03265
threshold=0.96567650000000016 0.005497000000000001 0.58259800000000006 8.6832670000000025 1.5000000000000002 0.43972050000000001
decision_type=2 8 10 10 10 10
left_child=4 3 -3 -2 5 -1
right_child=1 2 -4 -5 -6 -7
leaf_value=-0.016593933232579558 -0.017074976292303264 0.0089262325396382361 -0.011351998656342843 0.0035454691017207138 0 0
leaf_weight=16.257882008329041 5.0895796902477732 80.038957672193646 4.9089461639523497 1.1008713170886038 1.3930746763944615 0.92083612829446693
leaf_count=279 50 603 45 4 7 9
internal_value=0.00176967 0.00528852 0.00706603 -0.0101834 -0.0124418 -0.0147219
internal_weight=109.71 91.1384 84.9479 6.19045 18.5718 17.1787
internal_count=997 702 648 54 295 288
is_linear=0
shrinkage=0.03


Tree=104
num_leaves=5
num_cat=0
split_feature=24 28 18 3
split_gain=6.19358 6.35344 3.82254 1.12549
threshold=1.0000000180025095e-35 0.96567650000000016 0.28000050000000004 1.5000000000000002
decision_type=10 2 10 10
left_child=1 3 -3 -1
right_child=-2 2 -4 -5
leaf_value=-0.018067709008797308 0.022199775408290223 0 0.015473818514248221 0
leaf_weight=15.66063635982573 8.9449489861726743 71.998894764110446 14.106172271072863 0.62773072719574052
leaf_count=272 44 614 62 2
internal_value=0.00169573 -0.000391756 0.00271248 -0.0162266
internal_weight=111.338 102.393 86.1051 16.2884
internal_count=994 950 676 274
is_linear=0
shrinkage=0.03


Tree=105
num_leaves=7
num_cat=0
split_feature=28 18 3 9 21 28
split_gain=6.96256 4.03898 5.4211 4.13484 2.77091 1.26442
threshold=0.96567650000000016 0.28000050000000004 1.0000000180025095e-35 1.0000000180025095e-35 0.12386950000000001 0.90790150000000014
decision_type=2 10 8 10 10 2
left_child=4 2 -2 -3 5 -1
right_child=1 3 -4 -5 -6 -7
leaf_value=0 -0.0080214479037063382 0.022613703694738984 0.0079928590648132881 -0.00683214609601794 0.003662493570062559 -0.022151388714201501
leaf_weight=0.9861191082745816 34.023602232336998 13.020685244351624 36.081572374328971 2.4259591102600089 2.136663317680358 14.811268001794813
leaf_count=11 210 56 381 15 9 269
internal_value=0 0.00350763 0 0.0160038 -0.0157255 -0.0201098
internal_weight=103.486 85.5518 70.1052 15.4466 17.9341 15.7974
internal_count=951 662 591 71 289 280
is_linear=0
shrinkage=0.03


Tree=106
num_leaves=5
num_cat=0
split_feature=29 3 24 28
split_gain=6.40402 4.66176 4.05436 0.445563
threshold=0.59205150000000006 1.5000000000000002 1.0000000180025095e-35 0.9310210000000001
decision_type=2 10 10 2
left_child=3 2 -2 -1
right_child=1 -3 -4 -5
leaf_value=0 -0.0026919185542516656 0.021012738481680778 0.017501857752161839 -0.02228159568811728
leaf_weight=0.45201545394956966 81.327944848686457 7.0672488063573828 6.9364921972155562 9.0071099977940303
leaf_count=10 701 43 33 192
internal_value=-0.000693541 0.00161132 -0.000253077 -0.0211251
internal_weight=104.791 95.3317 88.2644 9.45913
internal_count=979 777 734 202
is_linear=0
shrinkage=0.03


Tree=107
num_leaves=4
num_cat=0
split_feature=3 24 17
split_gain=6.17313 5.00469 4.44121
threshold=1.5000000000000002 1.0000000180025095e-35 0.31416550000000004
decision_type=10 10 8
left_child=1 2 -1
right_child=-2 -3 -4
leaf_value=-0.012931485829825042 0.021033337249676032 0.015994544063175825 0
leaf_weight=39.338320452719927 7.1070571616291991 7.1967510730028144 52.873474799096584
leaf_count=268 44 36 647
internal_value=-0.000968831 -0.00340486 -0.00569026
internal_weight=106.516 99.4085 92.2118
internal_count=995 951 915
is_linear=0
shrinkage=0.03


Tree=108
num_leaves=7
num_cat=0
split_feature=29 19 20 20 19 20
split_gain=8.69954 3.77767 2.97218 2.09592 1.64015 1.40727
threshold=0.70586950000000004 0.20602100000000004 1.0000000180025095e-35 0.14446400000000001 0.57113900000000017 0.035676000000000006
decision_type=2 8 10 10 10 8
left_child=1 2 -1 -3 5 -2
right_child=4 3 -4 -5 -6 -7
leaf_value=-0.013631164356454614 0 -0.0047504196653447286 0.0098714409571528643 -0.023631114113729812 -0.0041611143548244524 0.012879892572771119
leaf_weight=3.1880691349506405 7.1169911324977866 22.469870027154684 14.197056170552967 9.7485484704375249 2.5671443939208975 46.453109998255968
leaf_count=43 37 351 82 123 21 325
internal_value=0.0016226 -0.00697379 0.00271812 -0.0128414 0.0096942 0.0110739
internal_weight=105.741 49.6035 17.3851 32.2184 56.1372 53.5701
internal_count=982 599 125 474 383 362
is_linear=0
shrinkage=0.03


Tree=109
num_leaves=6
num_cat=0
split_feature=28 3 17 21 4
split_gain=6.6507 3.06026 4.45733 2.00066 0.370978
threshold=0.96567650000000016 1.5000000000000002 0.15832500000000002 0.12386950000000001 2.5000000000000004
decision_type=2 10 8 10 10
left_child=3 2 -2 4 -1
right_child=1 -3 -4 -5 -6
leaf_value=-0.020017039000900849 -0.0085376176312707535 0.01953201021142785 0.0057813580239450928 0.0016499778938097393 0
leaf_weight=14.895158722996712 25.258973632007837 6.4867811650037757 57.562945526093245 1.5533723905682553 0.63698455691337663
leaf_count=272 155 43 508 7 4
internal_value=0 0.00318678 0.000919016 -0.0158535 -0.0192066
internal_weight=106.394 89.3087 82.8219 17.0855 15.5321
internal_count=989 706 663 283 276
is_linear=0
shrinkage=0.03


Tree=110
num_leaves=7
num_cat=0
split_feature=29 15 5 15 3 23
split_gain=6.5893 3.55522 3.96534 1.93295 3.23022 1.258
threshold=0.71548950000000011 0.30061300000000007 1.5000000000000002 0.17437600000000003 1.0000000180025095e-35 0.81133400000000011
decision_type=2 10 10 10 8 10
left_child=1 2 -1 4 -2 -3
right_child=3 5 -4 -5 -6 -7
leaf_value=-0.012699752520952049 -0.004604126121298892 0.015314164171975378 0.0096146463509270922 0.018411603655579901 0.010945263543175179 -0.001116621656672289
leaf_weight=41.68021509796381 16.997845202684402 5.5112722627818576 4.6983762457966796 12.197509475052355 22.665243819355965 1.8477115184068678
leaf_count=563 80 29 20 55 220 15
internal_value=0.000922393 -0.00596572 -0.00938485 0.00854257 0.00372313 0.00916402
internal_weight=105.598 53.7376 46.3786 51.8606 39.6631 7.35898
internal_count=982 627 583 355 300 44
is_linear=0
shrinkage=0.03


Tree=111
num_leaves=5
num_cat=0
split_feature=3 28 2 28
split_gain=6.7287 4.35849 7.41888 2.38383
threshold=1.5000000000000002 0.98260900000000007 0.34848450000000003 0.98312600000000006
decision_type=10 2 10 2
left_child=1 2 -1 -3
right_child=-2 3 -4 -5
leaf_value=-0.0011895749204032123 0.021544912683646642 0.019715617995413721 -0.026418641049609577 0
leaf_weight=38.586832402274013 7.6298912689089766 3.5320182368159285 13.239526588469742 40.460326127707958
leaf_count=470 49 13 144 300
internal_value=-0.000784223 -0.00346594 -0.00927468 0.00289403
internal_weight=103.449 95.8187 51.8264 43.9923
internal_count=976 927 614 313
is_linear=0
shrinkage=0.03


Tree=112
num_leaves=5
num_cat=0
split_feature=24 23 6 16
split_gain=5.10196 3.69229 3.1018 1.8841
threshold=1.0000000180025095e-35 0.76460150000000004 8.2941500000000019 0.043525500000000009
decision_type=10 10 10 10
left_child=1 2 -1 -3
right_child=-2 3 -4 -5
leaf_value=-0.00091516108715400553 0.019117066021910076 0 0.016736529675389075 -0.020632179950729301
leaf_weight=77.891464807093143 9.2056584879755956 2.3931977823376647 6.8769768998026839 9.1054482683539373
leaf_count=801 49 14 37 83
internal_value=0.000651967 -0.00133595 0.000698173 -0.0154424
internal_weight=105.473 96.2671 84.7684 11.4986
internal_count=984 935 838 97
is_linear=0
shrinkage=0.03


Tree=113
num_leaves=6
num_cat=0
split_feature=29 19 23 21 22
split_gain=6.17466 5.47378 3.59293 1.57741 0.810551
threshold=0.58515400000000006 0.57113900000000017 0.61503100000000011 0.027506500000000003 0.13270100000000004
decision_type=2 10 10 10 10
left_child=4 2 -2 -3 -1
right_child=1 3 -4 -5 -6
leaf_value=-0.021087154144975202 0.0092976613421337506 -0.021349893234083352 -0.0045813504987679389 0 0
leaf_weight=7.8760330807417613 75.405361594632268 6.0267843268811694 16.193348620086908 0.91487270593643177 0.5509459227323531
leaf_count=178 624 76 106 4 3
internal_value=0.00155269 0.00411041 0.00645944 -0.0164643 -0.0189576
internal_weight=106.967 98.5404 91.5987 6.94166 8.42698
internal_count=991 810 730 80 181
is_linear=0
shrinkage=0.03


Tree=114
num_leaves=7
num_cat=0
split_feature=29 5 16 7 2 2
split_gain=5.39977 3.74447 3.19536 1.68904 1.64131 0.359776
threshold=0.68316900000000003 1.5000000000000002 0.35995150000000004 16.630843500000005 0.47222200000000009 0.042241500000000008
decision_type=2 10 10 8 10 10
left_child=1 3 4 -1 -2 -4
right_child=2 -3 5 -5 -6 -7
leaf_value=-0.018096628505125372 0.010293254817857599 0.011020497020978386 -0.016964728817540915 -0.0016858716587360462 0 0
leaf_weight=20.256579387933016 40.690113235265017 3.323489971458911 1.8284113258123387 14.221029069274662 15.803388033062218 5.3186463415622711
leaf_count=234 341 14 13 256 83 32
internal_value=-0.000490006 -0.00931862 0.00448725 -0.0128049 0.00727858 -0.0102488
internal_weight=101.442 37.8011 63.6406 34.4776 56.4935 7.14706
internal_count=973 504 469 490 424 45
is_linear=0
shrinkage=0.03


Tree=115
num_leaves=6
num_cat=0
split_feature=3 17 2 16 15
split_gain=6.62361 5.19253 2.86232 1.78758 0.969553
threshold=1.0000000180025095e-35 0.15832500000000002 0.32575750000000009 0.47068100000000007 0.21938700000000003
decision_type=10 8 10 8 8
left_child=1 2 -1 -3 -2
right_child=4 3 -4 -5 -6
leaf_value=0 0.021590889539016188 0.0061594853927956182 -0.022000578727894692 -0.0029959383443637199 0
leaf_weight=9.457700353115797 9.9419869855046237 32.114452078938484 13.486373290419579 35.644977863878012 2.6569483578205118
leaf_count=66 54 201 105 533 16
internal_value=0 -0.00292323 -0.0144321 0.000996461 0.0181886
internal_weight=103.302 90.7035 22.9441 67.7594 12.5989
internal_count=975 905 171 734 70
is_linear=0
shrinkage=0.03


Tree=116
num_leaves=7
num_cat=0
split_feature=28 2 2 16 23 16
split_gain=6.42973 5.77503 4.22432 2.39958 2.01569 1.66102
threshold=0.98260900000000007 0.47222200000000009 1.0000000180025095e-35 0.29566500000000007 0.50185950000000012 0.0063340000000000011
decision_type=2 10 10 8 10 10
left_child=1 2 -1 4 -2 -3
right_child=3 5 -4 -5 -6 -7
leaf_value=-0.0056390886033397961 0.016214288709328579 0 0.015163811668996798 0 -0.0003888949121363237 -0.025512342543890523
leaf_weight=32.28419085405767 24.623880449682478 2.4069846756756297 8.6545949988067132 21.465722192078829 4.0077138990163794 11.119737040251492
leaf_count=445 125 21 42 206 19 125
internal_value=8.43948e-05 -0.00659289 0 0.00787124 0.0131254 -0.0215785
internal_weight=104.563 54.4655 40.9388 50.0973 28.6316 13.5267
internal_count=983 633 487 350 144 146
is_linear=0
shrinkage=0.03


Tree=117
num_leaves=7
num_cat=0
split_feature=29 19 19 21 29 29
split_gain=5.28539 5.33747 2.24876 1.24613 0.101616 0.0587683
threshold=0.58515400000000006 0.57113900000000017 0.0041160000000000007 0.019523500000000003 0.50877050000000013 0.5058680000000001
decision_type=2 10 10 10 2 2
left_child=4 2 -2 -3 5 -1
right_child=1 3 -4 -5 -6 -7
leaf_value=-0.0035098820788492624 0 -0.020470521161796582 0.0099066260312852018 0 -0.019605102123847359 0
leaf_weight=1.2933956086635578 34.310849709436297 5.8628790341317645 58.626625839620829 0.97484706342220295 5.9449550434947014 0.61508430540561665
leaf_count=32 436 77 308 4 138 5
internal_value=0.00190789 0.00419996 0.00647661 -0.0162332 -0.0175598 0
internal_weight=107.629 99.7752 92.9375 6.83773 7.85343 1.90848
internal_count=1000 825 744 81 175 37
is_linear=0
shrinkage=0.03


Tree=118
num_leaves=5
num_cat=0
split_feature=3 22 9 17
split_gain=3.55125 2.67965 3.32526 1.77555
threshold=1.5000000000000002 0.028343000000000004 1.0000000180025095e-35 0.17880100000000002
decision_type=10 8 10 10
left_child=1 3 -3 -1
right_child=-2 2 -4 -5
leaf_value=-0.013923839515428216 0.019177936302784481 0.0059424124767260928 -0.012028421322452404 0
leaf_weight=14.590455885976555 6.081779144704341 56.694083832204342 7.2850536927580825 17.082415115088224
leaf_count=117 43 632 39 131
internal_value=0.0011888 -0.000199311 0.00300114 -0.00722975
internal_weight=101.734 95.652 63.9791 31.6729
internal_count=962 919 671 248
is_linear=0
shrinkage=0.03


Tree=119
num_leaves=6
num_cat=0
split_feature=5 29 28 28 15
split_gain=4.76398 6.49021 2.72919 2.48674 0.598123
threshold=1.5000000000000002 0.68428500000000014 0.95943100000000014 0.94019850000000016 0.024065000000000003
decision_type=10 2 2 2 10
left_child=1 3 -3 -1 -2
right_child=4 2 -4 -5 -6
leaf_value=0.0039098591015148737 0 -0.012864617536029336 0.0061727714999963157 -0.014998340313311482 0.018505029522445902
leaf_weight=3.4611290153115979 2.7852915152907363 4.1387033089995375 48.989556167274714 32.216884570196271 9.2013856396079046
leaf_count=52 13 58 354 457 43
internal_value=0 -0.00265613 0.00354693 -0.0122274 0.0155844
internal_weight=100.793 88.8063 53.1283 35.678 11.9867
internal_count=977 921 412 509 56
is_linear=0
shrinkage=0.03


end of trees

feature_importances:
reranker_score_gte_multilingual_reranker_base=96
embedding_cosine_gte_multilingual_base=90
shared_title_count_capped=65
has_shared_contact_exact=56
digit_ratio_mean_percentile_gap_abs=43
repeated_title_share_percentile_gap_abs=30
shared_contact_count_capped=27
profile_category_jaccard=20
item_count_percentile_gap_abs=17
description_length_median_percentile_gap_abs=17
shared_category_count_capped=15
punct_ratio_mean_percentile_gap_abs=15
price_median_percentile_gap_abs=14
repeated_description_share_percentile_gap_abs=14
shared_description_count_capped=13
max_category_share_percentile_gap_abs=13
shared_description_idf_sum=10
shared_title_idf_sum=8
shared_description_idf_mean=6
title_length_median_percentile_gap_abs=6
shared_low_df_sentence_count=2

parameters:
[boosting: gbdt]
[objective: binary]
[metric: binary_logloss,auc]
[tree_learner: serial]
[device_type: cpu]
[data_sample_strategy: bagging]
[data: ]
[valid: ]
[num_iterations: 120]
[learning_rate: 0.03]
[num_leaves: 7]
[num_threads: 0]
[seed: 20260322]
[deterministic: 1]
[force_col_wise: 1]
[force_row_wise: 0]
[histogram_pool_size: -1]
[max_depth: 3]
[min_data_in_leaf: 10]
[min_sum_hessian_in_leaf: 0.001]
[bagging_fraction: 0.8]
[pos_bagging_fraction: 1]
[neg_bagging_fraction: 1]
[bagging_freq: 1]
[bagging_seed: 20260322]
[bagging_by_query: 0]
[feature_fraction: 0.6]
[feature_fraction_bynode: 1]
[feature_fraction_seed: 20260322]
[extra_trees: 0]
[extra_seed: 18836]
[early_stopping_round: 0]
[early_stopping_min_delta: 0]
[first_metric_only: 0]
[max_delta_step: 0]
[lambda_l1: 1]
[lambda_l2: 3]
[linear_lambda: 0]
[min_gain_to_split: 0.05]
[drop_rate: 0.1]
[max_drop: 50]
[skip_drop: 0.5]
[xgboost_dart_mode: 0]
[uniform_drop: 0]
[drop_seed: 22382]
[top_rate: 0.2]
[other_rate: 0.1]
[min_data_per_group: 100]
[max_cat_threshold: 32]
[cat_l2: 10]
[cat_smooth: 10]
[max_cat_to_onehot: 4]
[top_k: 20]
[monotone_constraints: ]
[monotone_constraints_method: basic]
[monotone_penalty: 0]
[feature_contri: ]
[forcedsplits_filename: ]
[refit_decay_rate: 0.9]
[cegb_tradeoff: 1]
[cegb_penalty_split: 0]
[cegb_penalty_feature_lazy: ]
[cegb_penalty_feature_coupled: ]
[path_smooth: 0]
[interaction_constraints: ]
[verbosity: -1]
[saved_feature_importance_type: 0]
[use_quantized_grad: 0]
[num_grad_quant_bins: 4]
[quant_train_renew_leaf: 0]
[stochastic_rounding: 1]
[linear_tree: 0]
[max_bin: 255]
[max_bin_by_feature: ]
[min_data_in_bin: 3]
[bin_construct_sample_cnt: 200000]
[data_random_seed: 20260322]
[is_enable_sparse: 1]
[enable_bundle: 1]
[use_missing: 1]
[zero_as_missing: 0]
[feature_pre_filter: 1]
[pre_partition: 0]
[two_round: 0]
[header: 0]
[label_column: ]
[weight_column: ]
[group_column: ]
[ignore_column: ]
[categorical_feature: ]
[forcedbins_filename: ]
[precise_float_parser: 0]
[parser_config_file: ]
[objective_seed: 31326]
[num_class: 1]
[is_unbalance: 0]
[scale_pos_weight: 1]
[sigmoid: 1]
[boost_from_average: 1]
[reg_sqrt: 0]
[alpha: 0.9]
[fair_c: 1]
[poisson_max_delta_step: 0.7]
[tweedie_variance_power: 1.5]
[lambdarank_truncation_level: 30]
[lambdarank_norm: 1]
[label_gain: ]
[lambdarank_position_bias_regularization: 0]
[eval_at: ]
[multi_error_top_k: 1]
[auc_mu_weights: ]
[num_machines: 1]
[local_listen_port: 12400]
[time_out: 120]
[machine_list_filename: ]
[machines: ]
[gpu_platform_id: -1]
[gpu_device_id: -1]
[gpu_use_dp: 0]
[num_gpu: 1]

end of parameters

pandas_categorical:null
