tree
version=v4
num_class=1
num_tree_per_iteration=1
label_index=0
max_feature_idx=25
objective=binary sigmoid:1
feature_names=same_market_raw_bool same_source_dataset_bool profile_category_jaccard shared_title_count_capped shared_description_count_capped shared_category_count_capped shared_title_idf_sum shared_description_idf_sum shared_title_idf_mean shared_description_idf_mean boilerplate_ratio_max boilerplate_ratio_gap_abs shared_boilerplate_count shared_low_df_sentence_count shared_rare_ngram_count item_count_percentile_gap_abs price_median_percentile_gap_abs title_length_median_percentile_gap_abs description_length_median_percentile_gap_abs digit_ratio_mean_percentile_gap_abs punct_ratio_mean_percentile_gap_abs repeated_title_share_percentile_gap_abs repeated_description_share_percentile_gap_abs max_category_share_percentile_gap_abs embedding_cosine_bge_m3 reranker_score_bge_reranker_v2_m3
feature_infos=[0:1] [0:1] [0:1] [0:5] [0:5] [0:5] [0:70.616864000000007] [0:79.443972000000002] [0:8.8271080000000008] [0:8.8271080000000008] [0:0.20000000000000001] [0:0.20000000000000001] [0:1] [0:9] [0:8] [0:0.70916299999999999] [0:0.96791400000000005] [0:0.92293000000000003] [0:0.88129299999999999] [0:0.90190499999999996] [0:0.93838699999999997] [0:0.78087600000000001] [0:0.625498] [0:0.99467300000000003] [0.75061999999999995:0.99048599999999998] [0.0015900000000000001:0.91584900000000002]
tree_sizes=882 768 733 867 762 842 675 680 868 782 765 877 654 683 678 791 567 675 683 870 662 745 749 765 768 679 855 573 792 679 887 682 768 743 664 756 836 800 648 848 869 680 678 677 681 674 871 675 769 793 663 575 749 865 683 573 883 671 665 744 787 860 681 839 841 672 750 659 566 673 738 681 847 756 677 863 870 672 665 763 876 869 887 646 768 764 680 758 886 886 658 886 871 845 740 783 668 667 768 873 661 775 681 680 678 760 681 768 861 663 681 674 666

Tree=0
num_leaves=7
num_cat=0
split_feature=25 7 21 21 8 2
split_gain=57.7536 34.4318 15.2214 15.1418 4.82659 2.48886
threshold=0.28514000000000006 8.4887085000000031 1.0000000180025095e-35 0.20346050000000002 8.7586125000000017 0.75735300000000005
decision_type=2 10 8 10 10 10
left_child=1 3 4 -1 -2 -4
right_child=2 -3 5 -5 -6 -7
leaf_value=-0.029794144221219818 -0.011374747729183626 0.028757867314836726 0.036792961039346421 0.014883549442785197 0.021740862277834699 -2.7791848764393683e-08
leaf_weight=53.555574506521225 10.532055407762526 9.9065196812152845 34.034362107515335 4.9857293963432303 2.4888888001441947 2.3179268538951865
leaf_count=415 47 29 174 16 6 9
internal_value=0.00143407 -0.0158858 0.0255526 -0.0249616 -0.000286529 0.0348864
internal_weight=117.821 68.4478 49.3732 58.5413 13.0209 36.3523
internal_count=696 460 236 431 53 183
is_linear=0
shrinkage=1


Tree=1
num_leaves=6
num_cat=0
split_feature=4 21 25 23 9
split_gain=74.4417 45.6337 28.5804 2.87116 1.86319
threshold=1.0000000180025095e-35 0.0011505000000000003 0.28514000000000006 0.57592050000000017 1.0000000180025095e-35
decision_type=10 8 2 10 10
left_child=1 4 -3 -2 -1
right_child=3 2 -4 -5 -6
leaf_value=-0.038503847347445636 0.047119924996397132 -0.012031431646865534 0.025954690887425688 0.0044703009379410139 0
leaf_weight=33.362505912780762 22.874770462512974 39.067577078938484 27.550263792276382 3.9192475974559775 1.9029380083084095
leaf_count=172 58 335 165 14 8
internal_value=0.000935528 -0.0107449 0.00368856 0.0429666 -0.0369459
internal_weight=128.677 101.883 66.6178 26.794 35.2654
internal_count=752 680 500 72 180
is_linear=0
shrinkage=0.03


Tree=2
num_leaves=6
num_cat=0
split_feature=4 23 25 25 24
split_gain=63.1058 45.0899 22.8532 2.89259 2.67616
threshold=1.0000000180025095e-35 0.0049875000000000015 0.43876100000000007 0.49880850000000004 0.8008820000000002
decision_type=10 8 2 2 2
left_child=1 3 -3 -1 -2
right_child=4 2 -4 -5 -6
leaf_value=-0.042116014920535016 0 -0.008706180614620947 0.026914623616464451 0 0.042283642713436154
leaf_weight=27.8693010956049 0.35774941742420452 45.486346028745174 21.082346335053444 3.0319229811429969 23.332993254065514
leaf_count=148 2 379 115 13 62
internal_value=0 -0.0109846 0.00281788 -0.0392216 0.0409109
internal_weight=121.161 97.4699 66.5687 30.9012 23.6907
internal_count=719 655 494 161 64
is_linear=0
shrinkage=0.03


Tree=3
num_leaves=7
num_cat=0
split_feature=3 21 25 3 15 25
split_gain=67.5036 43.3394 21.4626 3.85645 2.62789 1.9072
threshold=1.0000000180025095e-35 0.0011505000000000003 0.45600350000000006 1.5000000000000002 0.14510900000000002 0.63904350000000021
decision_type=10 8 2 10 10 2
left_child=1 5 -3 4 -2 -1
right_child=3 2 -4 -5 -6 -7
leaf_value=-0.038533323424848102 0.020535419536788384 -0.0079748880750045836 0.028322838388827501 0.047692444550962339 -0.0055424978120146868 0
leaf_weight=33.773446753621101 3.6661588698625591 43.800216507166624 18.09377895668149 18.611494213342667 2.6153509616851807 1.9026184529066075
leaf_count=176 10 369 104 45 12 8
internal_value=-0.000314757 -0.0119913 0.00299271 0.0407441 0.00816347 -0.0369783
internal_weight=122.463 97.5701 61.894 24.893 6.28151 35.6761
internal_count=724 657 473 67 22 184
is_linear=0
shrinkage=0.03


Tree=4
num_leaves=6
num_cat=0
split_feature=4 23 24 24 25
split_gain=55.9 33.1152 17.8634 5.52686 2.92846
threshold=1.0000000180025095e-35 0.0049875000000000015 0.84491350000000021 0.88879150000000007 0.25873400000000008
decision_type=10 8 2 2 2
left_child=1 4 -3 -2 -1
right_child=3 2 -4 -5 -6
leaf_value=-0.04029269580850478 0 -0.02288932236607864 0.011033148165793753 0.044780493452861538 -0.0071344053502256331
leaf_weight=21.779522776603702 4.2632434964180019 15.587987229228018 51.595215201377869 20.338665768504143 6.9424420446157447
leaf_count=117 16 135 360 51 31
internal_value=0.000987784 -0.00932688 0.00209296 0.0389276 -0.0346563
internal_weight=120.507 95.9052 67.1832 24.6019 28.722
internal_count=710 643 495 67 148
is_linear=0
shrinkage=0.03


Tree=5
num_leaves=7
num_cat=0
split_feature=24 22 9 15 2 19
split_gain=30.2573 28.0732 20.5228 8.88526 8.7557 1.37473
threshold=0.8605735000000001 0.0047930000000000013 8.3408250000000024 0.26645700000000005 0.64583350000000006 0.10198750000000002
decision_type=2 8 10 10 8 8
left_child=3 2 -2 5 -3 -1
right_child=1 4 -4 -5 -6 -7
leaf_value=0 -0.032348994794336741 0.028281072433889002 0.023696050093671397 0 0.0035395125880477904 -0.034126636828169646
leaf_weight=1.8978137969970728 18.1101168692112 35.315214902162552 5.0638067275285712 8.0603881627321226 25.460531119257212 23.271324694156647
leaf_count=8 94 110 14 32 249 197
internal_value=-0.0010586 0.00830965 -0.0176439 -0.0242825 0.0190407 -0.0322838
internal_weight=117.179 83.9497 23.1739 33.2295 60.7757 25.1691
internal_count=704 467 108 237 359 205
is_linear=0
shrinkage=0.03


Tree=6
num_leaves=5
num_cat=0
split_feature=3 25 24 23
split_gain=56.8446 38.2099 7.81755 5.35444
threshold=1.5000000000000002 0.28514000000000006 0.85071050000000004 1.0000000180025095e-35
decision_type=10 2 2 8
left_child=1 3 -3 -1
right_child=-2 2 -4 -5
leaf_value=-0.032391161481647071 0.045561709483206779 -0.0082446617662048291 0.02225996171638291 -0.01170443228009675
leaf_weight=24.962378829717636 18.871054023504257 6.4539707303047171 29.855129580944777 40.677631236612797
leaf_count=129 46 44 157 333
internal_value=0.00139667 -0.00756125 0.0158592 -0.0210804
internal_weight=120.82 101.949 36.3091 65.64
internal_count=709 663 201 462
is_linear=0
shrinkage=0.03


Tree=7
num_leaves=5
num_cat=0
split_feature=3 21 25 25
split_gain=48.4553 37.3314 21.0286 2.77679
threshold=1.5000000000000002 1.0000000180025095e-35 0.23149800000000004 0.38368250000000004
decision_type=10 8 2 2
left_child=1 3 -3 -1
right_child=-2 2 -4 -5
leaf_value=-0.035677000623238739 0.04361085707636192 -0.008247171626003488 0.024125834020070673 -0.0062568882220565654
leaf_weight=28.21895694732666 16.725369811058044 38.702402405440807 28.148327205330133 7.7144315689802161
leaf_count=149 41 313 177 34
internal_value=0.000220024 -0.00759363 0.00540513 -0.0311002
internal_weight=119.509 102.784 66.8507 35.9334
internal_count=714 673 490 183
is_linear=0
shrinkage=0.03


Tree=8
num_leaves=7
num_cat=0
split_feature=3 23 24 15 3 24
split_gain=50.1223 39.2705 18.3464 2.20034 1.32408 1.74751
threshold=1.0000000180025095e-35 0.0049875000000000015 0.84491350000000021 0.34436500000000003 1.5000000000000002 0.89212700000000011
decision_type=10 8 2 10 10 2
left_child=1 3 -3 -1 5 -2
right_child=4 2 -4 -5 -6 -7
leaf_value=-0.036471837021399826 -0.0018410650670017301 -0.020097337413033003 0.013833991461470017 0 0.043661930347990124 0.018989613493937092
leaf_weight=27.372565016150478 2.2559852451086071 15.866658151149748 53.440042734146118 1.890908196568488 18.658114612102509 3.6393231600522995
leaf_count=146 10 134 363 8 46 10
internal_value=0.00253946 -0.00700748 0.00513952 -0.0345088 0.0385446 0.00971316
internal_weight=123.124 98.5702 69.3067 29.2635 24.5534 5.89531
internal_count=717 651 497 154 66 20
is_linear=0
shrinkage=0.03


Tree=9
num_leaves=6
num_cat=0
split_feature=4 21 25 25 15
split_gain=47.5967 33.3219 12.8038 4.85982 0.992247
threshold=1.0000000180025095e-35 0.094693500000000014 0.21718250000000003 0.74630450000000004 0.19394000000000003
decision_type=10 8 2 2 10
left_child=1 3 -3 -1 -2
right_child=4 2 -4 -5 -6
leaf_value=-0.027771739639916707 0.040087207934837173 -0.006319282305062012 0.022499840798841261 0.0035854656176068089 0.006708666649170433
leaf_weight=47.592117846012115 18.929366096854213 23.688022594898939 24.420522723346949 2.35964611172676 4.6634007543325415
leaf_count=238 49 234 184 8 16
internal_value=0.00018445 -0.00897985 0.0081847 -0.0256047 0.0361188
internal_weight=121.653 98.0603 48.1085 49.9518 23.5928
internal_count=729 664 418 246 65
is_linear=0
shrinkage=0.03


Tree=10
num_leaves=6
num_cat=0
split_feature=4 25 22 21 23
split_gain=42.3359 34.5946 14.2581 9.83053 3.88222
threshold=1.0000000180025095e-35 0.42825750000000007 0.044478500000000004 0.0011505000000000003 0.61503100000000011
decision_type=10 2 8 8 10
left_child=1 2 -1 -3 -2
right_child=4 3 -4 -5 -6
leaf_value=-0.033831196400317093 0.04032854209240154 -0.0071748184358913251 -0.0051297335442698931 0.027798588825664331 0
leaf_weight=30.453487232327461 19.043906524777416 7.1024833172559765 37.062661312520504 21.36195519939065 4.035872057080268
leaf_count=162 49 32 335 124 15
internal_value=0.00103307 -0.00770391 -0.0193896 0.0182665 0.035224
internal_weight=119.06 95.9806 67.5161 28.4644 23.0798
internal_count=717 653 497 156 64
is_linear=0
shrinkage=0.03


Tree=11
num_leaves=7
num_cat=0
split_feature=25 7 24 23 2 2
split_gain=27.6773 18.3449 13.2459 12.5908 4.25989 2.80475
threshold=0.28514000000000006 8.6832670000000025 0.88291550000000008 0.0078600000000000024 0.47222200000000009 0.81666650000000007
decision_type=2 10 2 8 10 10
left_child=1 3 4 -1 -2 -4
right_child=2 -3 5 -5 -6 -7
leaf_value=-0.034322041900667587 0.0035285041872861176 0.023126400574751526 0.029680294767495809 -0.0054725953762430777 -0.025947767128519154 0.00045244581528940255
leaf_weight=22.636317431926727 7.4164646156132203 8.4801507443189603 29.676916047930717 38.807037938386202 3.7168647795915604 5.68838246166706
leaf_count=124 52 25 147 320 21 22
internal_value=0 -0.0115627 0.0175007 -0.0176695 -0.00760848 0.026164
internal_weight=116.422 69.9235 46.4986 61.4434 11.1333 35.3653
internal_count=711 469 242 444 73 169
is_linear=0
shrinkage=0.03


Tree=12
num_leaves=5
num_cat=0
split_feature=4 23 24 23
split_gain=43.2023 26.5307 19.0272 4.45302
threshold=1.0000000180025095e-35 0.0078600000000000024 0.84491350000000021 0.68669500000000017
decision_type=10 8 2 10
left_child=1 -1 -3 -2
right_child=3 2 -4 -5
leaf_value=-0.033357143834040842 0.037615324507044079 -0.026799676519629955 0.0094830843210731326 0
leaf_weight=29.043348103761673 19.213112518191341 14.470338542014359 47.894353818148375 3.0413617789745322
leaf_count=157 51 134 343 12
internal_value=-0.00164798 -0.0111689 0 0.0329518
internal_weight=113.663 91.408 62.3647 22.2545
internal_count=697 634 477 63
is_linear=0
shrinkage=0.03


Tree=13
num_leaves=5
num_cat=0
split_feature=3 21 25 22
split_gain=40.6305 29.7215 15.5045 1.35494
threshold=1.5000000000000002 0.0011505000000000003 0.28514000000000006 0.057707000000000001
decision_type=10 8 2 10
left_child=1 3 -3 -1
right_child=-2 2 -4 -5
leaf_value=-0.029146335479821751 0.040287373161862539 -0.0055907317917709455 0.02233260017511916 -0.0011667300238888266
leaf_weight=31.820981621742249 17.312857747077942 40.281940743327141 26.616123236715794 4.2917601466178885
leaf_count=168 44 326 161 19
internal_value=0.00125173 -0.00598037 0.00557136 -0.0269327
internal_weight=120.324 103.011 66.8981 36.1127
internal_count=718 674 487 187
is_linear=0
shrinkage=0.03


Tree=14
num_leaves=5
num_cat=0
split_feature=9 22 19 5
split_gain=23.8021 23.625 8.37033 7.04239
threshold=7.9813810000000007 0.0047930000000000013 0.24827850000000004 1.5000000000000002
decision_type=10 8 10 10
left_child=1 -1 -2 -3
right_child=2 3 -4 -5
leaf_value=-0.028129771893387157 0.035233923213694875 -0.0015322375507782161 -0.0079494123738998012 0.020958143849448243
leaf_weight=28.616154924035072 16.578190073370937 57.35131860524416 2.5569264441728583 12.350182890892027
leaf_count=152 45 474 12 39
internal_value=-0.000120166 -0.00651531 0.0278129 0.0027405
internal_weight=117.453 98.3177 19.1351 69.7015
internal_count=722 665 57 513
is_linear=0
shrinkage=0.03


Tree=15
num_leaves=6
num_cat=0
split_feature=3 21 25 23 25
split_gain=42.7653 21.6362 11.4961 8.46568 4.92402
threshold=1.0000000180025095e-35 0.0011505000000000003 0.21718250000000003 0.70664500000000008 0.38368250000000004
decision_type=10 8 2 10 2
left_child=1 4 -3 -2 -1
right_child=3 2 -4 -5 -6
leaf_value=-0.031220582419296223 0.040368174572258914 -0.0082019080938202892 0.016617654850269486 -0.0027553091506168806 -0.00026831556110851575
leaf_weight=27.409286841750145 21.557115465402607 33.770235303789377 27.130776442587376 2.9619737863540641 7.8668549060821524
leaf_count=150 56 282 184 13 34
internal_value=0.00106474 -0.00789693 0.00264654 0.0343361 -0.0256638
internal_weight=120.696 96.1772 60.901 24.5191 35.2761
internal_count=719 650 466 69 184
is_linear=0
shrinkage=0.03


Tree=16
num_leaves=4
num_cat=0
split_feature=3 24 22
split_gain=39.9843 24.7609 18.0559
threshold=1.5000000000000002 0.85071050000000004 0.041865000000000006
decision_type=10 2 8
left_child=1 -1 -3
right_child=-2 2 -4
leaf_value=-0.033094812210055446 0.038293358360643341 -0.016972379066520809 0.012024310765759452
leaf_weight=24.216125346720219 16.465544611215591 29.363774582743645 44.913789961487055
leaf_count=196 43 143 331
internal_value=-0.000834792 -0.00861012 0
internal_weight=114.959 98.4937 74.2776
internal_count=713 670 474
is_linear=0
shrinkage=0.03


Tree=17
num_leaves=5
num_cat=0
split_feature=4 21 25 25
split_gain=48.3592 19.6209 11.0579 0.907791
threshold=1.0000000180025095e-35 0.0011505000000000003 0.53674600000000006 0.38368250000000004
decision_type=10 8 2 2
left_child=1 3 -3 -1
right_child=-2 2 -4 -5
leaf_value=-0.03085088324700189 0.035027135129957095 -0.0064457267937394593 0.022607379246355964 -0.0068839806774309001
leaf_weight=26.001570090651512 24.629640847444534 44.351144019514322 12.633801918476818 7.3774330765008918
leaf_count=145 69 375 71 34
internal_value=0 -0.0101531 0.000303855 -0.0273829
internal_weight=114.994 90.3639 56.9849 33.379
internal_count=694 625 446 179
is_linear=0
shrinkage=0.03


Tree=18
num_leaves=5
num_cat=0
split_feature=3 25 21 21
split_gain=32.3277 21.8449 9.67155 5.86735
threshold=1.5000000000000002 0.28514000000000006 0.0011505000000000003 0.044095000000000002
decision_type=10 2 8 10
left_child=1 3 -3 -1
right_child=-2 2 -4 -5
leaf_value=-0.021918226332018686 0.036528672170932731 -0.010394985437486052 0.019729883000858532 0.00073171362317448526
leaf_weight=51.085006788372993 14.979767888784407 10.601419001817701 26.021018151193857 9.3762268424034101
leaf_count=406 40 50 160 37
internal_value=-0.000246992 -0.00714599 0.0101254 -0.0180644
internal_weight=112.063 97.0837 36.6224 60.4612
internal_count=693 653 210 443
is_linear=0
shrinkage=0.03


Tree=19
num_leaves=7
num_cat=0
split_feature=21 14 24 24 2 21
split_gain=24.6545 13.0356 10.7543 7.60303 5.34226 3.76325
threshold=1.0000000180025095e-35 1.5000000000000002 0.87606200000000012 0.92528900000000014 0.47222200000000009 0.11378600000000001
decision_type=10 8 2 2 10 8
left_child=1 -1 5 -3 -4 -2
right_child=2 3 4 -5 -6 -7
leaf_value=-0.022267892915521916 -0.015273898512549856 -0.0077926429240119449 0.030420489412364953 0.018267074427101657 0 0.010234152863227769
leaf_weight=36.226427316665649 8.2566422969102824 21.794819392263889 27.977032482624054 13.465398896485565 5.5537055730819693 5.7824410051107415
leaf_count=191 41 267 84 108 22 20
internal_value=0.000455447 -0.0102828 0.0168386 0.00202711 0.0255559 -0.00305486
internal_weight=119.056 71.4866 47.5698 35.2602 33.5307 14.0391
internal_count=733 566 167 375 106 61
is_linear=0
shrinkage=0.03


Tree=20
num_leaves=5
num_cat=0
split_feature=3 21 21 13
split_gain=32.9041 19.9079 9.07407 0.906999
threshold=1.5000000000000002 0.0011505000000000003 0.11378600000000001 1.0000000180025095e-35
decision_type=10 8 10 10
left_child=1 3 -3 -1
right_child=-2 2 -4 -5
leaf_value=-0.024371942503575602 0.036783065391652707 -0.00137121141707387 0.023217432498375976 0
leaf_weight=30.68642620742321 17.258289098739624 51.929267425090075 14.317703500390051 2.9702993482351294
leaf_count=166 47 451 45 13
internal_value=0.00169048 -0.00497583 0.00428543 -0.0228821
internal_weight=117.162 99.9037 66.247 33.6567
internal_count=722 675 496 179
is_linear=0
shrinkage=0.03


Tree=21
num_leaves=6
num_cat=0
split_feature=4 2 25 19 25
split_gain=28.769 17.4799 15.0946 4.4636 2.98291
threshold=1.0000000180025095e-35 0.32575750000000009 0.38368250000000004 0.24827850000000004 0.73809150000000012
decision_type=10 10 2 10 2
left_child=1 2 -1 -2 -3
right_child=3 4 -4 -5 -6
leaf_value=-0.0081883565696465477 0.033680197424183343 -0.027431952982978153 0.021721303596926016 0 0
leaf_weight=43.355055812746286 18.322878867387775 28.959550201892856 19.396583817899227 2.9240618199110022 1.8963571935892094
leaf_count=362 52 158 123 12 7
internal_value=-0.000120884 -0.00769696 0.00116972 0.0288423 -0.025121
internal_weight=114.854 93.6075 62.7516 21.2469 30.8559
internal_count=714 650 485 64 165
is_linear=0
shrinkage=0.03


Tree=22
num_leaves=6
num_cat=0
split_feature=4 21 5 5 15
split_gain=35.2926 18.8237 9.26574 4.71658 3.52194
threshold=1.0000000180025095e-35 0.094693500000000014 1.0000000180025095e-35 2.5000000000000004 0.22203050000000005
decision_type=10 8 10 10 10
left_child=1 3 -3 -1 -2
right_child=4 2 -4 -5 -6
leaf_value=-0.025020840700986334 0.034320869382514226 -0.0026088751901612115 0.027084796064680991 0 0
leaf_weight=42.715285614132881 19.693869814276699 35.63134578242898 9.1235985904932004 5.5215374678373328 3.343812718987464
leaf_count=230 56 378 26 21 13
internal_value=-0.000644337 -0.00927116 0.00413739 -0.0218112 0.0300818
internal_weight=116.029 92.9918 44.7549 48.2368 23.0377
internal_count=724 655 404 251 69
is_linear=0
shrinkage=0.03


Tree=23
num_leaves=6
num_cat=0
split_feature=4 23 21 23 17
split_gain=30.4813 16.3326 12.6959 4.23896 1.32578
threshold=1.0000000180025095e-35 0.0049875000000000015 0.094693500000000014 0.61503100000000011 0.49029700000000004
decision_type=10 8 10 10 10
left_child=1 4 -3 -2 -1
right_child=3 2 -4 -5 -6
leaf_value=-0.030322010907328778 0.034075499896027636 -0.0066267775827750681 0.023895835947673326 0 -0.00083029601204226357
leaf_weight=21.104898378252987 18.510887637734417 53.936388857662678 12.631882458925245 2.9437252283096305 3.9179471135139456
leaf_count=122 53 472 39 12 20
internal_value=-0.000181297 -0.00814475 0 0.029417 -0.0273581
internal_weight=113.046 91.5911 66.5683 21.4546 25.0228
internal_count=718 653 511 65 142
is_linear=0
shrinkage=0.03


Tree=24
num_leaves=6
num_cat=0
split_feature=4 23 25 17 17
split_gain=27.6071 14.9325 9.06167 2.59733 1.39294
threshold=1.0000000180025095e-35 0.0013345000000000002 0.38368250000000004 0.22636950000000003 0.44958150000000002
decision_type=10 8 2 10 10
left_child=1 4 -3 -2 -1
right_child=3 2 -4 -5 -6
leaf_value=-0.027394271472252728 0.034468437078377115 -0.0061991680212024882 0.015763973784202766 0 -0.001379194675199136
leaf_weight=20.79955688118935 17.18756361305714 42.856792237609625 23.315297815948725 3.4221176654100409 5.1052363663911811
leaf_count=120 49 365 141 13 26
internal_value=0.00105719 -0.00591722 0.00145376 0.0302796 -0.0239805
internal_weight=112.687 92.0769 66.1721 20.6097 25.9048
internal_count=714 652 506 62 146
is_linear=0
shrinkage=0.03


Tree=25
num_leaves=5
num_cat=0
split_feature=3 25 21 22
split_gain=28.985 20.7465 6.67883 4.70564
threshold=1.5000000000000002 0.27266200000000002 0.060966000000000013 0.040069000000000007
decision_type=10 2 10 8
left_child=1 2 -1 -3
right_child=-2 3 -4 -5
leaf_value=-0.021258683826642536 0.034398918672571645 -0.0010417119544394379 0.0027537364092970755 0.018592117018350271
leaf_weight=49.61242238432169 15.930722296237944 14.162006393074988 9.5673637688159925 22.213887289166451
leaf_count=406 46 63 37 153
internal_value=0.000159271 -0.00611798 -0.0169487 0.0106893
internal_weight=111.486 95.5557 59.1798 36.3759
internal_count=705 659 443 216
is_linear=0
shrinkage=0.03


Tree=26
num_leaves=7
num_cat=0
split_feature=25 21 14 2 2 19
split_gain=22.8564 11.4649 6.0155 5.42457 3.10464 1.12971
threshold=0.28514000000000006 0.029932000000000004 1.5000000000000002 0.47222200000000009 0.51315800000000011 0.011131000000000002
decision_type=2 10 10 10 10 8
left_child=1 2 -1 5 -5 -2
right_child=3 -3 -4 4 -6 -7
leaf_value=-0.019297138666254206 0 0.011116120382499577 0.013413191900317692 -0.018574582781662487 0.0079615541118134483 0.023853063100109144
leaf_weight=48.451586659997702 1.4559629410505284 14.322473660111426 2.4070229828357688 2.5810503363609305 10.703700542449949 32.352123156189919
leaf_count=395 6 52 7 15 42 186
internal_value=0.00126715 -0.00979427 -0.0165311 0.0168458 0 0.0227781
internal_weight=112.274 65.1811 50.8586 47.0928 13.2848 33.8081
internal_count=703 454 402 249 57 192
is_linear=0
shrinkage=0.03


Tree=27
num_leaves=4
num_cat=0
split_feature=3 22 5
split_gain=29.087 29.0014 4.95127
threshold=1.5000000000000002 0.0025770000000000003 1.5000000000000002
decision_type=10 8 10
left_child=1 -1 -3
right_child=-2 2 -4
leaf_value=-0.032172933682231619 0.033677690804340965 -0.00057925168647784758 0.01848116402914356
leaf_weight=26.640771970152855 15.570975512266157 59.003700152039528 11.655004993081091
leaf_count=160 46 482 38
internal_value=-0.000546103 -0.00716559 0.0027821
internal_weight=112.87 97.2995 70.6587
internal_count=726 680 520
is_linear=0
shrinkage=0.03


Tree=28
num_leaves=6
num_cat=0
split_feature=4 18 24 23 24
split_gain=26.0477 12.3221 12.8175 6.71114 0.662896
threshold=1.0000000180025095e-35 0.14289150000000003 0.87606200000000012 0.61503100000000011 0.91259650000000014
decision_type=10 8 2 10 2
left_child=1 4 -3 -2 -1
right_child=3 2 -4 -5 -6
leaf_value=-0.026132441277429936 0.033146553613400132 -0.014494473967440826 0.012577866407974999 -0.0043592475084913923 -0.0081751052217345493
leaf_weight=20.523465573787689 18.791021808981899 24.590016584843397 33.356191266328096 2.8813869655132285 12.595786511898039
leaf_count=114 56 214 261 13 66
internal_value=-0.000157108 -0.00759941 0.000449257 0.0270204 -0.0213798
internal_weight=112.738 91.0655 57.9462 21.6724 33.1193
internal_count=724 655 475 69 180
is_linear=0
shrinkage=0.03


Tree=29
num_leaves=5
num_cat=0
split_feature=3 25 22 24
split_gain=22.2734 16.7335 10.822 5.2884
threshold=1.5000000000000002 0.25873400000000008 0.024924000000000005 0.89579050000000005
decision_type=10 2 8 2
left_child=1 2 -1 -3
right_child=-2 3 -4 -5
leaf_value=-0.033761538931077612 0.03225788994573342 -0.0016762174277517921 -0.0050875305842720802 0.018447288659150275
leaf_weight=16.719597667455673 13.84981921315193 16.913269486278296 41.513643950223923 21.649396240711212
leaf_count=107 42 111 343 122
internal_value=0.000111282 -0.00501917 -0.0150609 0.00941555
internal_weight=110.646 96.7959 58.2332 38.5627
internal_count=725 683 450 233
is_linear=0
shrinkage=0.03


Tree=30
num_leaves=7
num_cat=0
split_feature=21 24 20 23 5 15
split_gain=21.475 12.0691 13.1985 5.45217 5.34066 0.628848
threshold=0.038151500000000005 0.91259650000000014 0.025496000000000001 1.0000000180025095e-35 1.5000000000000002 0.047040500000000006
decision_type=10 2 8 10 10 10
left_child=1 4 -3 -2 -1 -5
right_child=3 2 -4 5 -6 -7
leaf_value=-0.018149369361279775 -0.0032778640079442938 -0.022669686978412901 0.017010142751030754 0.00081183810427632602 0.0086183239482918745 0.031311270387684109
leaf_weight=49.919280886650085 3.189498811960223 6.8684512823820105 26.153524093329906 2.9348594397306469 4.275399610400199 18.219177037477493
leaf_count=414 15 43 173 11 15 54
internal_value=0.000204 -0.00660143 0.00672342 0.0237325 -0.0151719 0.0289483
internal_weight=111.56 87.2167 33.022 24.3435 54.1947 21.154
internal_count=725 645 216 80 429 65
is_linear=0
shrinkage=0.03


Tree=31
num_leaves=5
num_cat=0
split_feature=3 25 21 15
split_gain=23.557 15.4951 6.20136 4.57114
threshold=1.5000000000000002 0.28514000000000006 0.0011505000000000003 0.34436500000000003
decision_type=10 2 8 10
left_child=1 3 -3 -1
right_child=-2 2 -4 -5
leaf_value=-0.018208676899925707 0.031985085507834785 -0.0077652105577314858 0.016294825752593278 0.0041925510476041455
leaf_weight=54.404715050011873 13.947498321533201 10.483406409621237 25.326127279549837 5.9840617179870597
leaf_count=439 43 51 163 24
internal_value=-0.000430089 -0.00625746 0.00842236 -0.0154223
internal_weight=110.146 96.1983 35.8095 60.3888
internal_count=720 677 214 463
is_linear=0
shrinkage=0.03


Tree=32
num_leaves=6
num_cat=0
split_feature=3 22 24 25 23
split_gain=22.477 12.5369 7.33824 4.66606 1.62268
threshold=1.0000000180025095e-35 0.025743500000000002 0.85071050000000004 0.25873400000000008 0.52579900000000002
decision_type=10 8 2 2 10
left_child=1 3 -3 -1 -2
right_child=4 2 -4 -5 -6
leaf_value=-0.029219660559237675 0.031379337528106649 -0.013498663038066983 0.0086483708645280558 -0.0022244210363625183 0
leaf_weight=18.643975824117664 15.692915365099909 15.610423747450112 42.858072247356176 12.105163246393202 2.7588697522878638
leaf_count=120 49 145 326 58 11
internal_value=0.000201287 -0.00597118 0.00187709 -0.0206236 0.028106
internal_weight=107.669 89.2176 58.4685 30.7491 18.4518
internal_count=709 649 471 178 60
is_linear=0
shrinkage=0.03


Tree=33
num_leaves=6
num_cat=0
split_feature=4 25 22 19 22
split_gain=22.3764 17.588 5.39032 3.05866 2.9847
threshold=1.0000000180025095e-35 0.53674600000000006 0.13270100000000004 0.26231050000000006 0.087285500000000016
decision_type=10 2 8 10 8
left_child=1 2 -1 -2 -3
right_child=3 4 -4 -5 -6
leaf_value=-0.022662600370164314 0.029553713764304334 0 -0.0045255567083596539 0 0.023272235065191403
leaf_weight=36.863096341490746 16.633148476481441 5.914396375417712 34.251280453056097 2.6160676181316367 11.873113866895435
leaf_count=213 53 25 350 11 72
internal_value=-0.00127728 -0.00802928 -0.0148687 0.0254362 0.0160711
internal_weight=108.151 88.9019 71.1144 19.2492 17.7875
internal_count=724 660 563 64 97
is_linear=0
shrinkage=0.03


Tree=34
num_leaves=5
num_cat=0
split_feature=3 21 25 15
split_gain=19.7736 17.6928 13.0244 0.0737465
threshold=1.5000000000000002 0.0011505000000000003 0.21718250000000003 0.32105100000000003
decision_type=10 8 2 10
left_child=1 3 -3 -1
right_child=-2 2 -4 -5
leaf_value=-0.024137747974632154 0.030467982215081769 -0.0082355420536247628 0.017010659581505654 0
leaf_weight=29.08391818404198 12.705696702003477 37.433884847909212 29.946365758776665 2.6281699687242499
leaf_count=176 41 314 199 13
internal_value=-0.000593491 -0.00564834 0.0028054 -0.0231648
internal_weight=111.798 99.0923 67.3803 31.7121
internal_count=743 702 513 189
is_linear=0
shrinkage=0.03


Tree=35
num_leaves=6
num_cat=0
split_feature=4 25 2 22 19
split_gain=18.9886 13.4276 5.6767 4.8636 4.11637
threshold=1.0000000180025095e-35 0.23149800000000004 0.34848450000000003 0.024924000000000005 0.24827850000000004
decision_type=10 2 10 8 10
left_child=1 3 -3 -1 -2
right_child=4 2 -4 -5 -6
leaf_value=-0.029176919150257483 0.029586174832831366 0.013809882392457555 -0.0084732888336722934 -0.0073706820243620982 0
leaf_weight=16.397767513990402 16.568713694810871 26.781008835881948 11.527372136712073 33.821422550827265 3.2839281708002082
leaf_count=110 54 187 58 298 14
internal_value=0 -0.00632802 0.00625001 -0.016298 0.0242372
internal_weight=108.38 88.5276 38.3084 50.2192 19.8526
internal_count=721 653 245 408 68
is_linear=0
shrinkage=0.03


Tree=36
num_leaves=7
num_cat=0
split_feature=21 6 21 4 0 17
split_gain=18.5153 8.37388 3.37919 2.13578 0.854396 0.783516
threshold=1.0000000180025095e-35 12.851545000000003 0.11378600000000001 1.0000000180025095e-35 inf 0.31202450000000009
decision_type=10 8 10 10 8 10
left_child=1 5 3 -2 -3 -1
right_child=2 4 -4 -5 -6 -7
leaf_value=-0.021685503298415332 0 0.013312454984283944 0.026829199371983473 0.016843922674325888 0 -0.0046539426439673008
leaf_weight=20.952527150511745 16.382963344454769 2.6906286776065818 18.58666829764843 8.4158075451850873 30.243049271404743 10.669642418622969
leaf_count=127 70 9 60 29 353 57
internal_value=0.00252572 -0.00725714 0.0172569 0.00688217 0.00258192 -0.0177066
internal_weight=107.941 64.5558 43.3854 24.7988 32.9337 31.6222
internal_count=705 546 159 99 362 184
is_linear=0
shrinkage=0.03


Tree=37
num_leaves=7
num_cat=0
split_feature=25 9 18 24 19 19
split_gain=16.1623 8.19176 6.52616 3.11838 2.39689 1.67286
threshold=0.45416150000000005 7.9372940000000005 0.27271100000000004 0.85071050000000004 0.50056750000000005 0.19772000000000003
decision_type=2 10 8 2 10 8
left_child=1 2 -1 -2 -5 -3
right_child=3 5 -4 4 -6 -7
leaf_value=-0.018125895386812804 0 0.02041396308937975 0 0.026258495706985661 0 0
leaf_weight=32.128748416900635 3.4730839170515564 8.8888824284076655 34.74901519715786 23.548767123371366 1.6644395887851704 2.5073248147964486
leaf_count=185 23 31 337 120 8 11
internal_value=0.00221611 -0.00463262 -0.00900623 0.0205198 0.0239243 0.015478
internal_weight=106.96 78.274 66.8778 28.6863 25.2132 11.3962
internal_count=715 564 522 151 128 42
is_linear=0
shrinkage=0.03


Tree=38
num_leaves=5
num_cat=0
split_feature=3 22 18 25
split_gain=17.2494 14.4818 8.2947 5.06579
threshold=1.5000000000000002 0.040069000000000007 0.29332350000000001 0.45416150000000005
decision_type=10 8 10 2
left_child=1 3 -3 -1
right_child=-2 2 -4 -5
leaf_value=-0.024175987742840389 0.0294969691909438 -0.00087856618425226026 0.025936989030282284 0
leaf_weight=29.189979329705238 12.154181957244871 46.084501534700394 9.7020698636770231 8.4684790521860105
leaf_count=179 41 436 30 36
internal_value=0 -0.00492488 0.00436034 -0.0187245
internal_weight=105.599 93.445 55.7866 37.6585
internal_count=722 681 466 215
is_linear=0
shrinkage=0.03


Tree=39
num_leaves=7
num_cat=0
split_feature=24 19 24 20 16 19
split_gain=16.8577 8.43792 6.88709 3.27597 1.05135 0.76922
threshold=0.8523265000000001 0.0041160000000000007 0.92528900000000014 0.014824500000000003 0.03400050000000001 0.16704600000000003
decision_type=2 8 2 8 10 8
left_child=3 4 -3 -1 -2 -5
right_child=1 2 -4 5 -6 -7
leaf_value=0.0043306202142556014 -0.02259346398750255 0.0027130980744238635 0.022125298935119116 0 0 -0.024775479655716016
leaf_weight=1.7334127575159097 5.2514716833829871 48.254661418497562 26.988014169037342 3.6928375959396389 1.7787347584962843 20.145833924412727
leaf_count=6 38 308 160 18 10 183
internal_value=0.000358981 0.0072891 0.0106406 -0.0193116 -0.0180445 -0.0224404
internal_weight=107.845 82.2729 75.2427 25.5721 7.03021 23.8387
internal_count=723 516 468 207 48 201
is_linear=0
shrinkage=0.03


Tree=40
num_leaves=7
num_cat=0
split_feature=25 21 6 21 18 18
split_gain=17.0383 8.31786 4.32284 3.97998 3.93599 0.887247
threshold=0.24321550000000003 0.044095000000000002 12.851545000000003 1.0000000180025095e-35 0.17241500000000001 0.29332350000000001
decision_type=2 10 10 10 10 10
left_child=1 2 -1 4 -2 -3
right_child=3 5 -4 -5 -6 -7
leaf_value=-0.018512817971649106 0.0096368973302551741 0 0.0099135193310725053 0.022896458224735614 -0.014398101502754126 0.016854384885221445
leaf_weight=45.976375054568052 21.913262847810987 8.6586108207702619 2.0503276884555808 19.05748662352562 4.5889930576086035 3.694730892777442
leaf_count=406 174 36 7 64 26 11
internal_value=-5.67291e-06 -0.0105155 -0.0161998 0.0130943 0.00341735 0.00847688
internal_weight=105.94 60.38 48.0267 45.5597 26.5023 12.3533
internal_count=724 460 413 264 200 47
is_linear=0
shrinkage=0.03


Tree=41
num_leaves=5
num_cat=0
split_feature=3 22 18 19
split_gain=16.4206 12.6617 9.31243 2.6863
threshold=1.5000000000000002 0.040069000000000007 0.12718600000000005 0.50056750000000005
decision_type=10 8 10 10
left_child=1 3 -3 -1
right_child=-2 2 -4 -5
leaf_value=-0.0086390783026775303 0.029589544698025924 -0.0016311939261800016 0.023413611058070723 -0.030095700659465503
leaf_weight=32.49671582877636 12.956231027841566 39.739162359386683 15.611565515398977 8.2549329847097379
leaf_count=174 45 404 52 56
internal_value=0.00118511 -0.00312138 0.00575911 -0.0154368
internal_weight=109.059 96.1024 55.3507 40.7516
internal_count=731 686 456 230
is_linear=0
shrinkage=0.03


Tree=42
num_leaves=5
num_cat=0
split_feature=3 23 24 24
split_gain=14.7946 11.3074 9.94401 3.20017
threshold=1.5000000000000002 0.0013345000000000002 0.8523265000000001 0.95694350000000006
decision_type=10 8 2 2
left_child=1 3 -3 -1
right_child=-2 2 -4 -5
leaf_value=-0.021942898942134137 0.028953419185424888 -0.013589180711477957 0.010596270359522646 0.0016200718011827534
leaf_weight=23.514910578727726 12.382518321275709 17.773691840469837 50.823181197047234 3.1363672763109198
leaf_count=146 44 155 357 16
internal_value=0.0014601 -0.00258371 0.00360389 -0.0182748
internal_weight=107.631 95.2482 68.5969 26.6513
internal_count=718 674 512 162
is_linear=0
shrinkage=0.03


Tree=43
num_leaves=5
num_cat=0
split_feature=3 23 24 24
split_gain=16.2959 11.1547 13.2308 3.1708
threshold=1.5000000000000002 0.0049875000000000015 0.84491350000000021 0.91259650000000014
decision_type=10 8 2 2
left_child=1 3 -3 -1
right_child=-2 2 -4 -5
leaf_value=-0.028502566451411498 0.02913767119778753 -0.020183506571659945 0.010054222946570072 -0.0028043381627728234
leaf_weight=13.786436691880228 12.842928707599638 13.897401787340639 51.009155735373497 10.664099425077437
leaf_count=91 46 132 365 60
internal_value=0.000825304 -0.00373338 0.00253247 -0.0199186
internal_weight=102.2 89.3571 64.9066 24.4505
internal_count=694 648 497 151
is_linear=0
shrinkage=0.03


Tree=44
num_leaves=5
num_cat=0
split_feature=21 3 25 23
split_gain=15.8496 10.6296 7.83397 4.05877
threshold=0.11378600000000001 1.5000000000000002 0.25873400000000008 1.0000000180025095e-35
decision_type=10 10 2 10
left_child=1 2 -1 -2
right_child=3 -3 -4 -5
leaf_value=-0.015965953805759773 -0.0021418520389734682 0.02368655349611333 0.0020405765285948872 0.02858618663565601
leaf_weight=47.824585907161236 2.1746479272842434 7.0931337475776663 32.322100155055523 16.286100149154663
leaf_count=411 11 26 218 52
internal_value=0.000367236 -0.00487938 -0.00853174 0.0237752
internal_weight=105.701 87.2398 80.1467 18.4607
internal_count=718 655 629 63
is_linear=0
shrinkage=0.03


Tree=45
num_leaves=5
num_cat=0
split_feature=3 5 2 24
split_gain=19.9387 9.60664 6.39108 4.87824
threshold=1.5000000000000002 1.5000000000000002 0.41428550000000003 0.93875050000000015
decision_type=10 8 8 2
left_child=1 3 -3 -1
right_child=-2 2 -4 -5
leaf_value=-0.021216539638400499 0.028492298649704088 0.022524715007711908 -0.0036982324073271599 0.0018106641817561915
leaf_weight=39.411571457982063 12.406649991869925 7.5741069763898841 33.829989887773991 6.8563808649778357
leaf_count=226 46 23 368 37
internal_value=-0.00272643 -0.00827165 0.00162086 -0.0172928
internal_weight=100.079 87.672 41.4041 46.268
internal_count=700 654 391 263
is_linear=0
shrinkage=0.03


Tree=46
num_leaves=7
num_cat=0
split_feature=24 15 20 24 23 20
split_gain=11.4646 6.8453 6.56151 5.25353 1.24387 0.9913
threshold=0.8605735000000001 0.26645700000000005 1.0000000180025095e-35 0.92528900000000014 0.72916550000000013 0.014824500000000003
decision_type=2 10 8 2 10 8
left_child=1 5 -2 -4 -3 -1
right_child=2 4 3 -5 -6 -7
leaf_value=0 -0.017771424479819754 0.015313075263913857 0.0023874363840252202 0.020202421971502203 -0.0012302342753614907 -0.023413167188691946
leaf_weight=0.7437574714422287 5.2589585483074179 3.8138460814952841 44.090260099619627 24.879686951637268 2.5510048866271973 21.221686135977507
leaf_count=3 39 14 282 154 13 204
internal_value=0.000382085 -0.0146362 0.00684833 0.00980496 0.00720907 -0.0222735
internal_weight=102.559 28.3303 74.2289 68.9699 6.36485 21.9654
internal_count=709 234 475 436 27 207
is_linear=0
shrinkage=0.03


Tree=47
num_leaves=5
num_cat=0
split_feature=3 25 15 2
split_gain=14.6386 11.0134 3.69289 3.43421
threshold=1.5000000000000002 0.25873400000000008 0.34436500000000003 0.32575750000000009
decision_type=10 2 10 10
left_child=1 2 -1 -3
right_child=-2 3 -4 -5
leaf_value=-0.016449406277057703 0.027180414588022297 0.013137685648425801 0.0044109217906021514 -0.0034736669078765233
leaf_weight=50.72348777204752 10.947436958551405 22.801687747240067 5.112558886408805 14.017085507512091
leaf_count=429 42 164 21 68
internal_value=-0.00120988 -0.00562515 -0.0139019 0.006275
internal_weight=103.602 92.6548 55.836 36.8188
internal_count=724 682 450 232
is_linear=0
shrinkage=0.03


Tree=48
num_leaves=6
num_cat=0
split_feature=22 20 19 19 23
split_gain=10.4373 7.48852 7.36848 3.56226 2.00188
threshold=0.041865000000000006 0.47000400000000003 0.50056750000000005 0.0041160000000000007 0.011713500000000002
decision_type=10 10 10 8 10
left_child=2 4 3 -1 -2
right_child=1 -3 -4 -5 -6
leaf_value=-0.01817713583233449 0 -0.013591317072993256 -0.027709963741190884 0.0018208497181323466 0.02374862822076516
leaf_weight=6.0880259796977034 3.9146561324596467 3.6596356481313697 7.6512403935194007 60.105849374085665 24.254218712449074
leaf_count=45 18 20 55 501 85
internal_value=0.00142076 0.0152126 -0.00449519 -0.000293205 0.0208652
internal_weight=105.674 31.8285 73.8451 66.1939 28.1689
internal_count=724 123 601 546 103
is_linear=0
shrinkage=0.03


Tree=49
num_leaves=6
num_cat=0
split_feature=4 25 18 24 19
split_gain=15.0016 12.9719 6.09598 4.42485 3.43474
threshold=1.0000000180025095e-35 0.24321550000000003 0.19662800000000002 0.91259650000000014 0.24827850000000004
decision_type=10 2 8 2 10
left_child=1 2 -1 -3 -2
right_child=4 3 -4 -5 -6
leaf_value=-0.028294487167811997 0.027058701954491372 -0.00093105317929020708 -0.0052586398247331436 0.018310954302206604 -6.5996102458322815e-05
leaf_weight=20.136818669736385 14.639802530407907 23.108363091945648 29.259496916085482 13.349256623536347 2.6927829533815375
leaf_count=137 54 158 288 79 12
internal_value=-0.000963294 -0.00651883 -0.0163043 0.00621077 0.0219812
internal_weight=103.187 85.8539 49.3963 36.4576 17.3326
internal_count=728 662 425 237 66
is_linear=0
shrinkage=0.03


Tree=50
num_leaves=5
num_cat=0
split_feature=4 15 25 23
split_gain=16.5854 12.305 6.56376 1.12119
threshold=1.0000000180025095e-35 0.021924500000000003 0.64679950000000008 0.52579900000000002
decision_type=10 8 2 10
left_child=1 -1 -3 -2
right_child=3 2 -4 -5
leaf_value=-0.026242356528978203 0.027765939449527845 -0.0031422399426966102 0.021077602265339609 0
leaf_weight=16.594800300896168 14.527364641427996 61.756896525621414 8.8662147708237153 2.5662727653980246
leaf_count=118 54 501 51 11
internal_value=3.40806e-05 -0.00518283 0.000225875 0.0249453
internal_weight=104.312 87.2179 70.6231 17.0936
internal_count=735 670 552 65
is_linear=0
shrinkage=0.03


Tree=51
num_leaves=4
num_cat=0
split_feature=3 24 22
split_gain=12.4258 8.50799 8.01006
threshold=1.5000000000000002 0.79291550000000011 0.020314000000000002
decision_type=10 2 8
left_child=1 -1 -3
right_child=-2 2 -4
leaf_value=-0.028580588543631595 0.027407779864489532 -0.012802609957505238 0.0066768519227722528
leaf_weight=6.7358259148895732 11.907797709107397 23.521625839173794 62.316916137933731
leaf_count=66 48 147 469
internal_value=0.00183193 -0.00190104 0.000749285
internal_weight=104.482 92.5744 85.8385
internal_count=730 682 616
is_linear=0
shrinkage=0.03


Tree=52
num_leaves=6
num_cat=0
split_feature=4 23 21 25 23
split_gain=12.2053 8.53083 5.65095 4.28818 2.13972
threshold=1.0000000180025095e-35 0.0078600000000000024 0.094693500000000014 0.25873400000000008 0.52579900000000002
decision_type=10 8 10 2 10
left_child=1 3 -3 -1 -2
right_child=4 2 -4 -5 -6
leaf_value=-0.025198629099496245 0.026275324635532261 -0.0020662484919128548 0.01897161466168162 0 0
leaf_weight=16.573707714676861 14.169319421052935 50.764133915305138 11.195946320891379 6.9142310619354239 2.7220845371484748
leaf_count=123 54 462 37 34 12
internal_value=0.000913105 -0.00359759 0.00197398 -0.0179867 0.0223406
internal_weight=102.339 85.448 61.9601 23.4879 16.8914
internal_count=722 656 499 157 66
is_linear=0
shrinkage=0.03


Tree=53
num_leaves=7
num_cat=0
split_feature=24 19 21 19 24 25
split_gain=12.9896 10.8213 8.76223 4.97527 1.2541 0.850872
threshold=0.92528900000000014 0.0021375000000000005 0.094693500000000014 0.39132100000000003 0.8996320000000001 0.084973000000000007
decision_type=2 8 10 10 2 2
left_child=2 -2 3 -1 -4 -3
right_child=1 5 4 -5 -6 -7
leaf_value=-0.005408966634360312 -0.01760925209642368 0.0013444793594194868 0.016917686090587542 -0.026950525955910409 0 0.026260366520647935
leaf_weight=43.94185933098197 3.9814472422003773 4.430991783738139 9.9517893344163877 13.064360603690146 2.6577257961034766 21.307009905576706
leaf_count=371 33 34 35 91 12 124
internal_value=8.91638e-05 0.0160566 -0.00669606 -0.0119463 0.0128518 0.023603
internal_weight=99.3352 29.7194 69.6157 57.0062 12.6095 25.738
internal_count=700 191 509 462 47 158
is_linear=0
shrinkage=0.03


Tree=54
num_leaves=5
num_cat=0
split_feature=3 2 2 16
split_gain=11.3793 8.60726 9.88271 3.15823
threshold=1.5000000000000002 0.47222200000000009 1.0000000180025095e-35 0.042247000000000007
decision_type=10 10 10 10
left_child=1 2 -1 -3
right_child=-2 3 -4 -5
leaf_value=-0.0050505510682058805 0.025815547180864321 -0.0017704364037775158 0.019950113519262951 -0.027654031578026265
leaf_weight=50.830492302775383 10.067642644047735 10.109162598848345 16.125512540340424 12.679108813405035
leaf_count=471 42 61 58 87
internal_value=-9.50149e-05 -0.0040662 0.00113904 -0.0188768
internal_weight=99.8119 89.7443 66.956 22.7883
internal_count=719 677 529 148
is_linear=0
shrinkage=0.03


Tree=55
num_leaves=4
num_cat=0
split_feature=3 24 25
split_gain=12.9304 6.63437 5.14638
threshold=1.5000000000000002 0.79291550000000011 0.42825750000000007
decision_type=10 2 2
left_child=1 -1 -3
right_child=-2 2 -4
leaf_value=-0.027270366293229476 0.026832582102862008 -0.0051966572836977705 0.010629919861447276
leaf_weight=6.4473872520029536 11.720366224646567 60.76912697404623 22.82398859038949
leaf_count=64 50 476 139
internal_value=0.000481786 -0.00338039 -0.00031041
internal_weight=101.761 90.0405 83.5931
internal_count=729 679 615
is_linear=0
shrinkage=0.03


Tree=56
num_leaves=7
num_cat=0
split_feature=25 22 7 19 21 18
split_gain=12.3614 7.06207 4.18149 3.07364 2.82006 4.14916
threshold=0.23149800000000004 0.027788000000000004 7.953488000000001 0.53826300000000005 0.12386950000000001 0.17241500000000001
decision_type=2 10 8 10 8 10
left_child=1 2 -1 -3 5 -2
right_child=4 3 -4 -5 -6 -7
leaf_value=-0.027589467768510543 0.010967807991003923 0.0098292608274992924 -0.0037562165748783894 -0.014099688691912853 0.019896742225246067 -0.012961855494215519
leaf_weight=13.609915442764757 17.9677267074585 18.946107879281048 18.752078987658024 2.5911217778921118 23.238337703049183 5.835184045135974
leaf_count=109 79 79 231 18 175 31
internal_value=0.00167811 -0.00761141 -0.016118 0.00435587 0.0127396 0.00318807
internal_weight=100.94 53.8992 32.362 21.5372 47.0412 23.8029
internal_count=722 437 340 97 285 110
is_linear=0
shrinkage=0.03


Tree=57
num_leaves=5
num_cat=0
split_feature=3 22 18 15
split_gain=9.47279 7.39781 7.19414 3.04676
threshold=1.5000000000000002 0.040069000000000007 0.30819500000000005 0.34436500000000003
decision_type=10 8 10 10
left_child=1 3 -3 -1
right_child=-2 2 -4 -5
leaf_value=-0.016312431913420855 0.024672945058425513 -0.001517607830751107 0.024260666149499722 0.0036341714636303341
leaf_weight=33.788604401051998 9.1550666838884336 43.548453025519848 8.9028471261262876 4.4684702008962622
leaf_count=213 40 418 29 20
internal_value=0 -0.00346651 0.00339268 -0.0131606
internal_weight=99.8634 90.7084 52.4513 38.2571
internal_count=720 680 447 233
is_linear=0
shrinkage=0.03


Tree=58
num_leaves=5
num_cat=0
split_feature=3 25 22 18
split_gain=11.5646 6.78297 5.56964 1.14931
threshold=1.0000000180025095e-35 0.71528900000000017 0.041865000000000006 0.36337900000000006
decision_type=10 2 8 10
left_child=1 2 -1 -2
right_child=3 -3 -4 -5
leaf_value=-0.016972921822600857 0.024071720622022726 0.018746384512491943 -0.00043301783163406614 0
leaf_weight=32.338985793292522 12.814758583903311 6.1649335697293273 46.592476781457663 2.0210571587085715
leaf_count=213 54 36 421 9
internal_value=-0.000375864 -0.00510204 -0.00794909 0.0213493
internal_weight=99.9322 85.0964 78.9315 14.8358
internal_count=733 670 634 63
is_linear=0
shrinkage=0.03


Tree=59
num_leaves=6
num_cat=0
split_feature=4 17 24 19 18
split_gain=9.01994 6.99435 7.237 2.44119 2.26965
threshold=1.0000000180025095e-35 0.10405600000000002 0.85071050000000004 0.24211000000000002 0.29332350000000001
decision_type=10 8 2 8 10
left_child=1 4 -3 -2 -1
right_child=3 2 -4 -5 -6
leaf_value=-0.021140126334278933 0.02538398202518681 -0.011560915419615672 0.0085539574493878039 0 0
leaf_weight=15.925544023513796 12.682620868086811 19.776099935173988 48.618157602846622 2.4044530540704736 2.9745958745479575
leaf_count=105 52 177 384 11 13
internal_value=0.00143855 -0.00217731 0.00207617 0.0209097 -0.0171152
internal_weight=102.381 87.2944 68.3943 15.0871 18.9001
internal_count=742 679 561 63 118
is_linear=0
shrinkage=0.03


Tree=60
num_leaves=6
num_cat=0
split_feature=4 25 24 23 23
split_gain=11.2294 6.18779 5.63535 3.48377 2.62879
threshold=1.0000000180025095e-35 0.27266200000000002 0.91259650000000014 0.70664500000000008 0.043927000000000008
decision_type=10 2 2 8 8
left_child=1 4 -3 -2 -1
right_child=3 2 -4 -5 -6
leaf_value=-0.021896504170959893 0.02697632398935965 -0.0050583820950647305 0.018018239312571127 -0.0015342219016826865 -0.0052296783221973519
leaf_weight=16.35546550154686 11.512421667575833 20.163209196180105 12.192105427384375 2.2779503315687188 32.51397930085659
leaf_count=126 47 143 70 11 302
internal_value=-0.00101599 -0.00573438 0.00357985 0.0210474 -0.0123299
internal_weight=95.0151 81.2248 32.3553 13.7904 48.8694
internal_count=699 641 213 58 428
is_linear=0
shrinkage=0.03


Tree=61
num_leaves=7
num_cat=0
split_feature=24 21 2 17 15 25
split_gain=11.9018 7.6586 4.40142 4.11636 4.06 1.47255
threshold=0.8523265000000001 0.0011505000000000003 0.32575750000000009 0.16685550000000002 0.27208550000000004 0.70462650000000016
decision_type=2 10 10 8 10 2
left_child=4 3 -3 -2 5 -1
right_child=1 2 -4 -5 -6 -7
leaf_value=-0.025764859135151311 -0.014560985168503002 0.022446226725213014 -3.1674926487136503e-05 0.0036294013842097946 0.00080842072102712225 0
leaf_weight=16.508165080100305 12.896307088434694 23.731591373682026 7.4065435081720343 31.59401523321867 5.0709833055734626 0.98244461417198081
leaf_count=172 91 89 33 300 23 6
internal_value=0 0.00589842 0.0166879 -0.00159844 -0.0176644 -0.0238185
internal_weight=98.1901 75.6285 31.1381 44.4903 22.5616 17.4906
internal_count=714 513 122 391 201 178
is_linear=0
shrinkage=0.03


Tree=62
num_leaves=5
num_cat=0
split_feature=3 25 19 24
split_gain=11.4746 7.15751 2.07295 1.81915
threshold=1.5000000000000002 0.45416150000000005 0.15591900000000003 0.86145700000000014
decision_type=10 2 8 2
left_child=1 3 -3 -1
right_child=-2 2 -4 -5
leaf_value=-0.018904306254475062 0.024230810770876451 -0.0027628837714250153 0.013275039281371788 -0.0061262324817065242
leaf_weight=22.273408304899931 9.1547267735004407 6.6533812135458019 14.097695823758839 43.351024158298969
leaf_count=208 43 30 100 340
internal_value=-0.00270895 -0.00661738 0.00717026 -0.0115372
internal_weight=95.5302 86.3755 20.7511 65.6244
internal_count=721 678 130 548
is_linear=0
shrinkage=0.03


Tree=63
num_leaves=7
num_cat=0
split_feature=21 25 9 20 20 17
split_gain=8.22264 4.99023 3.54658 2.25528 1.29102 0.705857
threshold=0.094693500000000014 0.59112300000000007 8.3408250000000024 0.034742000000000009 0.28100500000000006 0.35882150000000007
decision_type=10 2 10 10 10 10
left_child=1 2 -1 -3 5 -2
right_child=4 3 -4 -5 -6 -7
leaf_value=-0.010346556229400811 0.022727370195614275 0.02009945258267385 0.0076946187315230768 -0.00074156456490695639 0 0
leaf_weight=59.660791981965303 11.874868854880335 6.6502897739410383 7.4176856428384772 3.8328916728496552 2.7135724425315848 2.1580639332532874
leaf_count=541 46 44 33 18 12 9
internal_value=0 -0.00433537 -0.00767944 0.0117849 0.0172652 0.0203419
internal_weight=94.3082 77.5617 67.0785 10.4832 16.7465 14.0329
internal_count=703 636 574 62 67 55
is_linear=0
shrinkage=0.03


Tree=64
num_leaves=7
num_cat=0
split_feature=24 4 17 20 17 23
split_gain=9.74091 5.5798 6.92623 3.45775 1.32898 0.428908
threshold=0.8523265000000001 1.0000000180025095e-35 0.18664600000000001 0.014824500000000003 0.20974700000000004 0.95075500000000013
decision_type=2 10 8 8 8 10
left_child=3 2 -2 -1 -3 -5
right_child=1 4 -4 5 -6 -7
leaf_value=0.0076184732437428121 -0.012203430492010767 0.023153315030509682 0.0079583377952224671 -0.020893452277534755 0 0
leaf_weight=1.5123586058616663 21.956879943609238 11.499990746378895 36.739887144416571 21.040444225072864 2.1097234487533578 1.1564006507396687
leaf_count=5 132 49 321 203 10 6
internal_value=-0.00068758 0.00454439 0 -0.0164851 0.0198991 -0.0200295
internal_weight=96.0157 72.3065 58.6968 23.7092 13.6097 22.1968
internal_count=726 512 453 214 59 209
is_linear=0
shrinkage=0.03


Tree=65
num_leaves=5
num_cat=0
split_feature=3 25 21 23
split_gain=10.4917 8.12421 3.07927 2.2672
threshold=1.5000000000000002 0.25873400000000008 1.0000000180025095e-35 0.81259500000000007
decision_type=10 2 8 10
left_child=1 2 -1 -3
right_child=-2 3 -4 -5
leaf_value=-0.021372420684084709 0.025058022469655845 0.009678279029597418 -0.0042429467351912664 -0.0089524988580157016
leaf_weight=16.074401669204235 10.330610558390616 32.430396538227797 35.161004219204187 2.9551965594291678
leaf_count=130 50 209 312 18
internal_value=0 -0.0034589 -0.0110552 0.00676273
internal_weight=96.9516 86.621 51.2354 35.3856
internal_count=719 669 442 227
is_linear=0
shrinkage=0.03


Tree=66
num_leaves=6
num_cat=0
split_feature=24 19 19 24 5
split_gain=8.33367 8.59331 7.47379 2.64738 2.39225
threshold=0.92528900000000014 0.0021375000000000005 0.39132100000000003 0.79291550000000011 1.5000000000000002
decision_type=2 8 10 2 8
left_child=2 -2 3 -1 -4
right_child=1 -3 4 -5 -6
leaf_value=-0.018464304082151276 -0.016217730141434416 0.02091146181513873 -0.027385615166130532 0.0023342808505564532 0
leaf_weight=3.0872867070138446 3.7751093581318882 24.139598850160837 10.994773462414738 53.397187229245901 1.5859974473714835
leaf_count=38 35 158 84 401 6
internal_value=0.00056378 0.0138333 -0.00473578 0 -0.0231397
internal_weight=96.98 27.9147 69.0652 56.4845 12.5808
internal_count=722 193 529 439 90
is_linear=0
shrinkage=0.03


Tree=67
num_leaves=5
num_cat=0
split_feature=3 19 19 24
split_gain=7.99235 5.54307 3.82239 0.355656
threshold=1.5000000000000002 0.53826300000000005 0.0041160000000000007 0.8991800000000002
decision_type=10 10 8 2
left_child=1 2 -1 -3
right_child=-2 3 -4 -5
leaf_value=-0.016659773016457914 0.023934048143578367 -0.024221276804308141 0.0031590231847308079 0
leaf_weight=6.7654284387826911 9.1931416392326337 6.5182143747806531 72.773834448307753 1.6115631759166715
leaf_count=55 46 55 554 9
internal_value=0.000965989 -0.00182384 0.000565567 -0.0217477
internal_weight=96.8622 87.669 79.5393 8.12978
internal_count=719 673 609 64
is_linear=0
shrinkage=0.03


Tree=68
num_leaves=4
num_cat=0
split_feature=3 24 6
split_gain=7.69449 4.54363 3.71808
threshold=1.5000000000000002 0.79291550000000011 1.0000000180025095e-35
decision_type=10 2 10
left_child=1 -1 -3
right_child=-2 2 -4
leaf_value=-0.024153514732268302 0.02306458042745748 0.0014469490721834598 -0.01675208504337327
leaf_weight=5.4910320155322543 8.3373977690935117 74.143641699105501 8.4536295160651189
leaf_count=59 42 554 61
internal_value=0 -0.00313254 -0.000587043
internal_weight=96.4257 88.0883 82.5973
internal_count=716 674 615
is_linear=0
shrinkage=0.03


Tree=69
num_leaves=5
num_cat=0
split_feature=25 24 3 24
split_gain=7.88553 4.96585 3.43531 0.454227
threshold=0.59112300000000007 0.79291550000000011 1.5000000000000002 0.90079300000000007
decision_type=2 2 10 2
left_child=1 -1 -3 -2
right_child=3 2 -4 -5
leaf_value=-0.023451759676503942 0.0015515791742978767 -0.0010107695071626672 0.018993158910125697 0.024345838755537495
leaf_weight=5.3019660077989093 4.5286180041730395 70.205621108412743 5.47791963815689 10.282870240509508
leaf_count=58 27 549 28 56
internal_value=0.00230166 -0.00128197 0.000724783 0.020496
internal_weight=95.797 80.9855 75.6835 14.8115
internal_count=718 635 577 83
is_linear=0
shrinkage=0.03


Tree=70
num_leaves=6
num_cat=0
split_feature=4 23 24 19 24
split_gain=8.88295 7.66209 5.48542 2.98534 1.61852
threshold=1.0000000180025095e-35 0.0049875000000000015 0.8523265000000001 0.24827850000000004 0.95694350000000006
decision_type=10 8 2 10 2
left_child=1 4 -3 -2 -1
right_child=3 2 -4 -5 -6
leaf_value=-0.021766338162772993 0.02575543392123212 -0.012512748575897846 0.0068976341896564613 0 0
leaf_weight=17.505875386297706 10.951838076114653 14.964016653597353 42.994698349386454 2.6892230361700049 2.0221849828958502
leaf_count=134 50 154 338 13 14
internal_value=0 -0.00421009 0.00102488 0.0198668 -0.0191464
internal_weight=91.1278 77.4868 57.9587 13.6411 19.5281
internal_count=703 640 492 63 148
is_linear=0
shrinkage=0.03


Tree=71
num_leaves=5
num_cat=0
split_feature=24 2 2 24
split_gain=6.41251 5.497 6.32506 6.31379
threshold=0.79291550000000011 0.32575750000000009 1.0000000180025095e-35 0.93748100000000012
decision_type=2 8 10 2
left_child=-1 2 -2 -3
right_child=1 3 -4 -5
leaf_value=-0.023987466785172593 0.00078130312756537331 -0.0083108566675424139 0.028881381361046447 0.011951122483282355
leaf_weight=5.3982684388756743 20.627345480024818 41.911964852362871 10.687479853630064 16.462657667696476
leaf_count=56 107 389 37 130
internal_value=0.000730611 0.00327024 0.0129324 -0.00180297
internal_weight=95.0877 89.6894 31.3148 58.3746
internal_count=719 663 144 519
is_linear=0
shrinkage=0.03


Tree=72
num_leaves=7
num_cat=0
split_feature=22 3 2 24 24 24
split_gain=6.64974 5.30027 3.43223 3.04312 2.60076 2.07913
threshold=0.020314000000000002 1.0000000180025095e-35 0.47222200000000009 0.85071050000000004 0.84491350000000021 0.92528900000000014
decision_type=10 8 10 2 2 2
left_child=1 5 3 -2 -3 -1
right_child=2 4 -4 -5 -6 -7
leaf_value=-0.021189142393065023 0 -0.011639723894459487 -0.004197528847713768 0.019300189088311281 0.00629594195736895 0
leaf_weight=15.620997413992884 8.0884462147951144 6.0618764907121649 7.5754470974206916 23.497793704271317 27.123984929174185 7.3464598432183257
leaf_count=116 43 94 39 93 283 50
internal_value=0.000670641 -0.00551647 0.010015 0.0143595 0.0014973 -0.0158082
internal_weight=95.315 56.1533 39.1617 31.5862 33.1859 22.9675
internal_count=718 543 175 136 377 166
is_linear=0
shrinkage=0.03


Tree=73
num_leaves=6
num_cat=0
split_feature=4 18 2 23 23
split_gain=6.89986 6.24404 6.52026 2.91875 2.46949
threshold=1.0000000180025095e-35 0.10344850000000001 0.47222200000000009 0.70664500000000008 0.70664500000000008
decision_type=10 8 8 8 10
left_child=1 4 -3 -2 -1
right_child=3 2 -4 -5 -6
leaf_value=-0.019315039495610999 0.023392111279019516 0.014908591878433004 -0.005022166161097472 -0.0021323040492513619 0
leaf_weight=20.051701076328758 11.372466936707493 19.705642700195312 37.143157351762056 2.1849160343408593 4.6173774898052207
leaf_count=138 53 83 416 11 25
internal_value=0 -0.00335034 0.00178623 0.0178257 -0.0151818
internal_weight=95.0753 81.5179 56.8488 13.5574 24.6691
internal_count=726 662 499 64 163
is_linear=0
shrinkage=0.03


Tree=74
num_leaves=5
num_cat=0
split_feature=3 21 19 15
split_gain=7.86421 5.37768 4.12768 2.33871
threshold=1.5000000000000002 0.11378600000000001 0.43649350000000003 0.12443700000000001
decision_type=10 10 10 10
left_child=1 2 -1 -3
right_child=-2 3 -4 -5
leaf_value=-0.0035683638991657 0.022614402826132432 -0.003351987418179451 -0.024136493641800372 0.017779027622117319
leaf_weight=59.991597343236208 8.2584143728017789 2.9136401265859595 9.1420759335160238 9.8732128739356977
leaf_count=530 45 14 75 34
internal_value=-0.00058158 -0.00398953 -0.00759485 0.0113418
internal_weight=90.1789 81.9205 69.1337 12.7869
internal_count=698 653 605 48
is_linear=0
shrinkage=0.03


Tree=75
num_leaves=7
num_cat=0
split_feature=25 15 2 6 17 19
split_gain=8.68713 3.72712 2.98391 2.89638 1.80903 0.925403
threshold=0.28514000000000006 0.35334300000000007 0.32575750000000009 8.4887085000000031 0.29087900000000005 0.21837300000000001
decision_type=2 10 8 10 8 10
left_child=1 3 -2 -1 -4 -3
right_child=2 5 4 -5 -6 -7
leaf_value=-0.012295550808622465 0.022296396907421089 0.01704452068928709 -0.0039458796798169452 0.0091411372401464623 0.0098588988158576311 0
leaf_weight=46.305610962212086 11.81330458819866 3.0959545969963065 11.00197444856167 2.5888679176568976 13.99872290343046 2.1800167560577393
leaf_count=435 48 11 58 14 130 11
internal_value=5.94036e-05 -0.00711974 0.0111172 -0.0101196 0.00294059 0.0106467
internal_weight=90.9845 54.1705 36.814 48.8945 25.0007 5.27597
internal_count=707 471 236 449 188 22
is_linear=0
shrinkage=0.03


Tree=76
num_leaves=7
num_cat=0
split_feature=24 19 19 24 16 20
split_gain=8.40897 6.81064 4.91433 3.71631 2.48147 0.13054
threshold=0.91240100000000013 0.0041160000000000007 0.50056750000000005 0.79291550000000011 0.21437600000000004 0.059589500000000011
decision_type=2 8 10 2 8 10
left_child=2 -2 3 -1 -3 -4
right_child=1 4 5 -5 -6 -7
leaf_value=-0.021538907015719005 -0.015225051038404873 0.026525365816438218 0 0.0010918554417509213 0.005099689728227468 -0.025587357086865582
leaf_weight=4.2891278676688662 3.5162465646862975 13.677810057997705 0.93612634390592386 47.006546769291162 15.495220463722942 7.1756147667765617
leaf_count=50 34 58 6 367 144 62
internal_value=0.000372509 0.0122584 -0.00596196 -0.00133344 0.0176143 -0.024269
internal_weight=92.0967 32.6893 59.4074 51.2957 29.173 8.11174
internal_count=721 236 485 417 202 68
is_linear=0
shrinkage=0.03


Tree=77
num_leaves=5
num_cat=0
split_feature=25 4 15 23
split_gain=7.38581 7.09804 5.85203 2.35015
threshold=0.71528900000000017 1.0000000180025095e-35 0.018167000000000006 0.70664500000000008
decision_type=2 10 8 8
left_child=1 2 -1 -3
right_child=-2 3 -4 -5
leaf_value=-0.023865847433684053 0.022342043756985196 0.020698706220752171 -0.0020900773239008359 -0.0018691556054231066
leaf_weight=12.336619742214678 8.6801759861409646 9.9932942241430247 58.081850528717041 2.160225674510003
leaf_count=108 47 47 488 11
internal_value=0 -0.00308966 -0.00713291 0.0151317
internal_weight=91.2522 82.572 70.4185 12.1535
internal_count=701 654 596 58
is_linear=0
shrinkage=0.03


Tree=78
num_leaves=5
num_cat=0
split_feature=3 19 19 22
split_gain=6.57923 4.26022 3.79358 0.805425
threshold=1.5000000000000002 0.53826300000000005 0.057508500000000011 0.087285500000000016
decision_type=10 10 10 10
left_child=1 2 -1 -3
right_child=-2 3 -4 -5
leaf_value=-0.0063225904610474011 0.021645545002059018 -0.024245419109093169 0.006691147758869598 0
leaf_weight=43.774203304201365 7.5954968035221091 6.3758108392357817 31.802517667412758 1.2723415493965147
leaf_count=460 44 57 152 7
internal_value=-0.000312106 -0.00334738 -0.000418258 -0.021202
internal_weight=90.8204 83.2249 75.5767 7.64815
internal_count=720 676 612 64
is_linear=0
shrinkage=0.03


Tree=79
num_leaves=6
num_cat=0
split_feature=24 19 19 23 18
split_gain=6.85485 6.44284 4.51647 5.32302 0.91105
threshold=0.92528900000000014 0.0021375000000000005 0.50056750000000005 0.24831400000000003 0.37939650000000008
decision_type=2 8 10 8 8
left_child=2 -2 3 -1 -4
right_child=1 -3 4 -5 -6
leaf_value=0.011022175016958156 -0.013555878907212975 0.019955996007051287 -0.023689840518267686 -0.0063398762385019347 0
leaf_weight=23.277519129216671 3.037249922752383 24.180235061794519 6.584224104881284 36.786339405924082 1.5273397117853171
leaf_count=115 30 169 60 357 8
internal_value=0.00216373 0.014249 -0.00263676 0.000117261 -0.0202553
internal_weight=95.3929 27.2175 68.1754 60.0639 8.11156
internal_count=739 199 540 472 68
is_linear=0
shrinkage=0.03


Tree=80
num_leaves=7
num_cat=0
split_feature=21 24 23 20 21 20
split_gain=5.46066 4.4584 3.87962 3.51313 1.96695 0.282394
threshold=0.029932000000000004 0.93789450000000019 0.0070660000000000011 1.0000000180025095e-35 0.0011505000000000003 0.28100500000000006
decision_type=10 2 10 8 8 10
left_child=1 4 -2 -3 -1 -4
right_child=2 3 5 -5 -6 -7
leaf_value=-0.014048414091438702 -0.0063879880920685514 -0.010426124282034155 0.021542390842874602 0.016109880704468026 -0.00128538917531346 0
leaf_weight=20.417044408619404 3.3269733637571361 2.4182358682155582 14.12623877823353 13.283434998244047 33.004133272916079 3.1190061420202246
leaf_count=145 20 25 54 106 339 13
internal_value=0.00102303 -0.00276499 0.0137555 0.00940199 -0.00718262 0.0194942
internal_weight=89.6951 69.1228 20.5722 15.7017 53.4212 17.2452
internal_count=702 615 87 131 484 67
is_linear=0
shrinkage=0.03


Tree=81
num_leaves=7
num_cat=0
split_feature=25 22 18 7 19 23
split_gain=6.80982 5.36986 2.41983 2.15303 1.92476 1.44942
threshold=0.25873400000000008 0.024924000000000005 0.19183800000000004 7.953488000000001 0.50917150000000011 0.57592050000000017
decision_type=2 10 10 8 10 10
left_child=1 3 -3 -1 5 -2
right_child=4 2 -4 -5 -6 -7
leaf_value=-0.02129170918926097 0.015859175853078715 -0.0019285610449653655 0.014443689534776937 -0.0029925881198061659 -0.003647143611604627 0
leaf_weight=11.914583168923857 30.981840651482344 11.727776005864145 11.079597719013689 19.218252830207348 2.4407019019126883 4.388006091117858
leaf_count=113 208 60 45 244 16 23
internal_value=0.00219756 -0.00419895 0.00561692 -0.0121305 0.0116957 0.0137387
internal_weight=91.7508 53.9402 22.8074 31.1328 37.8105 35.3698
internal_count=709 462 105 357 247 231
is_linear=0
shrinkage=0.03


Tree=82
num_leaves=7
num_cat=0
split_feature=25 15 24 20 24 24
split_gain=8.1056 2.83156 3.17676 2.52708 1.89145 1.2821
threshold=0.24321550000000003 0.32105100000000003 0.8605735000000001 0.47434650000000006 0.8008820000000002 0.84705350000000001
decision_type=2 10 2 10 2 2
left_child=1 2 -1 4 -2 -3
right_child=3 5 -4 -5 -6 -7
leaf_value=-0.021275856356505297 -0.005559856047228264 0.01586950256931564 -0.0031734618865252332 -0.0067190887040265062 0.013978489682654674 -0.0012680582145917368
leaf_weight=13.501197345554827 1.0860857591032971 3.424464911222457 32.646566424518824 3.2326379418373099 37.803695224225521 2.5028230473399162
leaf_count=154 10 14 276 21 254 13
internal_value=0.000170307 -0.00724874 -0.0100554 0.00987931 0.0123576 0.00727826
internal_weight=94.1975 52.0751 46.1478 42.1224 38.8898 5.92729
internal_count=742 457 430 285 264 27
is_linear=0
shrinkage=0.03


Tree=83
num_leaves=5
num_cat=0
split_feature=3 23 23 9
split_gain=6.32507 5.05885 4.74013 1.42338
threshold=1.5000000000000002 0.0013345000000000002 0.24831400000000003 8.419456000000002
decision_type=10 8 8 10
left_child=1 3 -3 -1
right_child=-2 2 -4 -5
leaf_value=-0.018484250128461888 0.020675909601715226 0.013860094059160132 -0.004446162667063702 0
leaf_weight=19.035828866064552 6.9023853242397299 13.87601515650749 48.809694118797779 1.9000979214906681
leaf_count=156 41 52 466 8
internal_value=-0.00158703 -0.00442345 0 -0.0161563
internal_weight=90.524 83.6216 62.6857 20.9359
internal_count=723 682 518 164
is_linear=0
shrinkage=0.03


Tree=84
num_leaves=6
num_cat=0
split_feature=3 2 2 15 15
split_gain=5.58745 5.40596 4.33375 2.84048 1.11084
threshold=1.0000000180025095e-35 0.32575750000000009 1.0000000180025095e-35 0.22203050000000005 0.34436500000000003
decision_type=10 10 10 8 10
left_child=1 2 -1 -2 -3
right_child=3 4 -4 -5 -6
leaf_value=-0.0014968822247495308 0.023191162238612704 -0.015967896870187129 0.018285887887724409 -0.0029548314214307499 0
leaf_weight=45.613931339234114 9.8977142870426142 21.439609751105312 9.0575141161680204 1.7986963689327247 1.5799435824155796
leaf_count=447 52 158 33 11 7
internal_value=3.99763e-05 -0.00274182 0.0020411 0.0173467 -0.0141799
internal_weight=89.3874 77.691 54.6714 11.6964 23.0196
internal_count=708 645 480 63 165
is_linear=0
shrinkage=0.03


Tree=85
num_leaves=6
num_cat=0
split_feature=21 24 19 19 20
split_gain=7.51466 8.94618 5.83378 5.51344 1.25529
threshold=0.11378600000000001 0.91259650000000014 0.0041160000000000007 0.39132100000000003 0.28100500000000006
decision_type=10 2 8 10 8
left_child=1 3 -3 -1 -2
right_child=4 2 -4 -5 -6
leaf_value=-0.0038291568499154455 0.021826947194654625 -0.015199091561826068 0.01516186237114288 -0.02836847953486199 0
leaf_weight=39.126559112221003 12.428745940327641 3.6270867660641697 25.356169603765011 9.6821194738149625 2.2669557183980951
leaf_count=355 50 38 189 86 10
internal_value=0.000836847 -0.00274625 0.0093551 -0.0106369 0.0187494
internal_weight=92.4876 77.7919 28.9833 48.8087 14.6957
internal_count=728 668 227 441 60
is_linear=0
shrinkage=0.03


Tree=86
num_leaves=5
num_cat=0
split_feature=4 2 17 23
split_gain=5.77558 6.28483 4.86681 3.37197
threshold=1.0000000180025095e-35 0.47222200000000009 0.10405600000000002 0.72916550000000013
decision_type=10 10 10 8
left_child=1 2 -1 -2
right_child=3 -3 -4 -5
leaf_value=-0.0048370510479516255 0.022323164238847188 -0.0175565269399139 0.012591867756129121 -0.0052642901446162405
leaf_weight=38.007107447832823 10.73750768601894 19.324830368161201 18.798476167023182 2.0735124945640573
leaf_count=415 56 148 83 11
internal_value=-0.000390033 -0.00399109 0.000771334 0.015809
internal_weight=88.9414 76.1304 56.8056 12.811
internal_count=713 646 498 67
is_linear=0
shrinkage=0.03


Tree=87
num_leaves=6
num_cat=0
split_feature=21 9 25 25 18
split_gain=8.27312 4.22839 3.04728 1.61895 1.57157
threshold=0.0011505000000000003 8.1664435000000015 0.43876100000000007 0.45416150000000005 0.19183800000000004
decision_type=8 10 2 2 10
left_child=1 3 4 -1 -2
right_child=2 -3 -4 -5 -6
leaf_value=-0.022222022952121837 -0.0017005765803182376 0.0085652398674949271 0.015786284828780906 0 0.0095303536052374089
leaf_weight=16.969197720289237 34.632533863186836 3.1890193819999686 17.422920420765877 5.8632109761238089 11.883341699838637
leaf_count=150 343 18 124 30 51
internal_value=0 -0.0131946 0.00597932 -0.018037 0.000966286
internal_weight=89.9602 26.0214 63.9388 22.8324 46.5159
internal_count=716 198 518 180 394
is_linear=0
shrinkage=0.03


Tree=88
num_leaves=7
num_cat=0
split_feature=24 15 22 18 15 24
split_gain=5.94695 3.94666 2.89124 3.08482 1.89541 1.78452
threshold=0.8605735000000001 0.26645700000000005 0.044478500000000004 0.30819500000000005 0.39258550000000003 0.95652950000000014
decision_type=2 10 10 10 10 2
left_child=1 -1 5 -4 -3 -2
right_child=2 4 3 -5 -6 -7
leaf_value=-0.016835824613686993 -0.00094386563094259494 0.016595833758096135 0.0011360397455963634 0.028465700904078971 -0.0054301699502141091 0.012182372221228779
leaf_weight=18.875933565199379 39.90504838898778 3.679740458726882 10.630241736769678 6.6144459098577491 2.3949290215969086 8.122117478400467
leaf_count=198 348 15 54 21 14 66
internal_value=0.00104508 -0.0102588 0.00606639 0.0157654 0.0056818 0.00127378
internal_weight=90.2225 24.9506 65.2719 17.2447 6.07467 48.0272
internal_count=716 227 489 75 29 414
is_linear=0
shrinkage=0.03


Tree=89
num_leaves=7
num_cat=0
split_feature=21 2 2 8 19 19
split_gain=5.50215 3.01634 2.5644 1.74645 1.28389 0.650867
threshold=0.0011505000000000003 1.0000000180025095e-35 0.75735300000000005 8.5413945000000009 0.15159150000000002 0.24827850000000004
decision_type=8 10 10 10 10 10
left_child=3 4 -3 5 -2 -1
right_child=1 2 -4 -5 -6 -7
leaf_value=-0.0056015334582948384 0.0029370061640586792 0.019641737291717344 -0.0030738136917292645 0.0043483275880553691 -0.0079391365116756839 -0.021828788258429502
leaf_weight=16.104033641517169 36.730016872286797 13.111470296978949 2.3205710127949706 1.4836319535970677 9.8952521905302984 7.8776790574192992
leaf_count=113 385 52 13 10 55 71
internal_value=-0.000116536 0.00437173 0.014654 -0.0114161 0 -0.0138782
internal_weight=87.5227 62.0573 15.432 25.4653 46.6253 23.9817
internal_count=699 505 65 194 440 184
is_linear=0
shrinkage=0.03


Tree=90
num_leaves=5
num_cat=0
split_feature=3 19 6 22
split_gain=4.45401 3.66237 3.68605 1.864
threshold=1.5000000000000002 0.53826300000000005 1.0000000180025095e-35 0.11261550000000002
decision_type=10 10 10 10
left_child=1 2 -1 -3
right_child=-2 3 -4 -5
leaf_value=0.0043356060337636356 0.020642489998340573 -0.022982294510325612 -0.014221020521601783 0
leaf_weight=70.640192706137896 7.0914034247398368 5.9817195981740943 7.7014759853482238 1.3455383181571958
leaf_count=565 46 59 59 6
internal_value=0.0017486 -0.000122537 0.00168535 -0.0172315
internal_weight=92.7603 85.6689 78.3417 7.32726
internal_count=735 689 624 65
is_linear=0
shrinkage=0.03


Tree=91
num_leaves=7
num_cat=0
split_feature=4 25 18 16 18 17
split_gain=4.14799 3.67656 2.37543 2.22579 1.36312 0.201841
threshold=1.0000000180025095e-35 0.42825750000000007 0.27271100000000004 0.013318000000000002 0.09628200000000002 0.14885300000000004
decision_type=10 2 10 8 8 10
left_child=1 2 -1 -3 -2 -6
right_child=4 3 -4 -5 5 -7
leaf_value=-0.0091936993673326414 0.020694989494163329 -0.008282058226073934 0.0046574052742808479 0.011766887733320752 0.0040986396595820151 -0.0044488501650029903
leaf_weight=44.110038667917252 8.2133938595652545 2.303228139877322 9.3800614997744542 19.047561746090651 2.3171257972717298 1.6652116030454633
leaf_count=445 44 13 48 131 11 10
internal_value=0.000812472 -0.00166939 -0.00611535 0.00761821 0.0153398 0
internal_weight=87.0366 74.8409 53.4901 21.3508 12.1957 3.98234
internal_count=702 637 493 144 65 21
is_linear=0
shrinkage=0.03


Tree=92
num_leaves=7
num_cat=0
split_feature=25 21 15 16 19 15
split_gain=5.04444 3.10589 2.68824 2.27161 1.58554 1.15877
threshold=0.25873400000000008 0.029932000000000004 0.30061300000000007 0.021365500000000003 0.50056750000000005 0.11113800000000001
decision_type=2 10 8 8 10 10
left_child=1 2 -1 5 -5 -2
right_child=3 -3 -4 4 -6 -7
leaf_value=-0.015870692212183235 -0.011650529332264202 0.006726207267255483 0 0.015001671562813368 -0.00081134900986150392 0.0052201061834947094
leaf_weight=18.882050476968288 3.9730431959033004 11.953515633940695 19.830127153545618 28.876210384070877 2.3804268836975089 2.5019555017352104
leaf_count=158 25 50 241 206 15 11
internal_value=0.00145246 -0.00425899 -0.00861 0.00960708 0.0129561 -0.00237666
internal_weight=88.3973 50.6657 38.7122 37.7316 31.2566 6.475
internal_count=706 449 399 257 221 36
is_linear=0
shrinkage=0.03


Tree=93
num_leaves=7
num_cat=0
split_feature=24 25 22 21 25 18
split_gain=7.55607 3.40673 2.70252 2.07439 0.935005 0.393452
threshold=0.8523265000000001 0.25873400000000008 0.024924000000000005 0.12386950000000001 0.010923 0.27271100000000004
decision_type=2 2 10 10 2 10
left_child=3 2 -2 4 -1 -3
right_child=1 5 -4 -5 -6 -7
leaf_value=0 -0.0082657010291326011 0.012581462870100917 0.0062475457527415429 0.00038286531669248265 -0.021086226480975925 0
leaf_weight=1.4773558974266112 22.171432584524155 24.969744052737955 16.977862045168877 2.4207796454429618 16.050625488162041 3.6828990429639807
leaf_count=15 242 181 76 10 176 17
internal_value=-0.000637326 0.0038957 -0.00126329 -0.0158466 -0.0192779 0.0113441
internal_weight=87.7507 67.8019 39.1493 19.9488 17.528 28.6526
internal_count=717 516 318 201 191 198
is_linear=0
shrinkage=0.03


Tree=94
num_leaves=6
num_cat=0
split_feature=4 19 19 19 15
split_gain=4.59704 4.51344 2.80312 2.63289 2.5138
threshold=1.0000000180025095e-35 0.057508500000000011 0.24211000000000002 0.53826300000000005 0.17437600000000003
decision_type=10 8 8 10 8
left_child=1 4 -2 -3 -1
right_child=2 3 -4 -5 -6
leaf_value=-0.023627469393283584 0.021897679729561952 0.0026545914480221281 -0.0025131228147211269 -0.01445014938185076 0
leaf_weight=9.751019306480881 9.160191230475899 57.309420231729746 2.6055779308080682 6.312947016209363 2.9969895482063302
leaf_count=80 50 510 14 59 15
internal_value=0 -0.00316253 0.0150478 0 -0.01756
internal_weight=88.1361 76.3704 11.7658 63.6224 12.748
internal_count=728 664 64 569 95
is_linear=0
shrinkage=0.03


Tree=95
num_leaves=6
num_cat=0
split_feature=25 21 7 19 21
split_gain=6.47864 2.45095 2.37336 1.87239 1.58615
threshold=0.23149800000000004 0.12386950000000001 16.918525500000005 0.40039300000000005 0.28401800000000005
decision_type=2 10 10 10 10
left_child=2 3 4 -2 -1
right_child=1 -3 -4 -5 -6
leaf_value=-0.012406297601359507 0.0055787053575272281 0.021128769249300201 0.0083784567364359411 -0.011052748766950764 0.0029133338375016489
leaf_weight=39.641927260905504 32.664463207125664 6.8070105090737334 2.6867298185825339 3.6203786656260482 2.4223300963640204
leaf_count=402 245 32 14 28 9
internal_value=-0.0004688 0.00722467 -0.00849376 0.0024383 -0.0107232
internal_weight=87.8428 43.0919 44.751 36.2848 42.0643
internal_count=730 305 425 273 411
is_linear=0
shrinkage=0.03


Tree=96
num_leaves=5
num_cat=0
split_feature=3 22 23 9
split_gain=4.29645 3.83899 3.81686 1.44112
threshold=1.5000000000000002 0.020314000000000002 0.57592050000000017 7.9813810000000007
decision_type=10 8 8 8
left_child=1 3 -3 -1
right_child=-2 2 -4 -5
leaf_value=-0.012388753374359093 0.020609899760198731 0.012732121194166404 -0.0016386247142584399 0.0033854163923348599
leaf_weight=21.109320297837261 7.1859368160367003 23.710539318621159 34.948110915720463 1.8065791577100743
leaf_count=172 49 101 387 7
internal_value=0.00223863 0 0.00402051 -0.00973966
internal_weight=88.7605 81.5745 58.6587 22.9159
internal_count=716 667 488 179
is_linear=0
shrinkage=0.03


Tree=97
num_leaves=5
num_cat=0
split_feature=3 24 18 21
split_gain=5.91638 4.1351 3.32404 1.83128
threshold=1.5000000000000002 0.8605735000000001 0.17860000000000001 0.3197020000000001
decision_type=10 2 8 10
left_child=1 3 -3 -1
right_child=-2 2 -4 -5
leaf_value=-0.016698296016137031 0.019669845689616116 -0.0083438215175852173 0.0056946197940987838 0.0027983045232114257
leaf_weight=23.67067596688867 6.5099681988358489 23.348196670413017 32.687160514295101 1.2780901044607151
leaf_count=243 45 153 295 4
internal_value=-0.00224262 -0.00500098 0 -0.014433
internal_weight=87.4941 80.9841 56.0354 24.9488
internal_count=740 695 448 247
is_linear=0
shrinkage=0.03


Tree=98
num_leaves=6
num_cat=0
split_feature=24 21 19 19 20
split_gain=4.64861 4.35111 3.77333 3.1101 0.266769
threshold=0.92528900000000014 0.29816800000000004 1.0000000180025095e-35 0.50056750000000005 0.017117500000000004
decision_type=2 10 8 10 8
left_child=1 3 -2 -1 -4
right_child=2 -3 4 -5 -6
leaf_value=-0.0022011233815880256 -0.010062504913277636 0.017738728025805693 0 -0.021797555937883455 0.017320974725051463
leaf_weight=53.807986278086901 2.4567338898777988 4.5895405262708655 1.911303356289866 6.8164147883653632 19.400268349796534
leaf_count=458 30 18 11 66 151
internal_value=0.000843942 -0.00299626 0.0116561 -0.0057999 0.0163265
internal_weight=88.9822 65.2139 23.7683 60.6244 21.3116
internal_count=734 542 192 524 162
is_linear=0
shrinkage=0.03


Tree=99
num_leaves=7
num_cat=0
split_feature=25 21 4 24 19 24
split_gain=6.1766 2.91332 2.61801 2.58206 1.75965 1.65202
threshold=0.23149800000000004 0.11378600000000001 1.0000000180025095e-35 0.90079300000000007 0.24827850000000004 0.93875050000000015
decision_type=2 10 10 2 10 2
left_child=2 3 5 -2 -4 -1
right_child=1 -3 4 -5 -6 -7
leaf_value=-0.013837184819783506 -0.0055646251878832612 0.022722878876070277 0.015201669981980801 0.0095658306120235976 -0.0063473967802866477 0
leaf_weight=31.790642507374287 14.466039970517157 6.5466159060597411 4.2559194490313521 18.260837953537703 1.7136883735656736 7.1444318555295458
leaf_count=317 122 31 22 130 9 73
internal_value=-0.000370837 0.00764338 -0.008046 0.00213245 0.00561702 -0.0111082
internal_weight=84.1782 39.2735 44.9047 32.7269 5.96961 38.9351
internal_count=704 283 421 252 31 390
is_linear=0
shrinkage=0.03


Tree=100
num_leaves=5
num_cat=0
split_feature=24 19 19 18
split_gain=4.51308 2.89291 3.54665 0.437469
threshold=0.79291550000000011 0.54830900000000005 0.19383400000000003 0.40945650000000006
decision_type=2 10 10 10
left_child=-1 2 -2 -3
right_child=1 3 -4 -5
leaf_value=-0.020577837292384143 0.00087474035114915689 -0.015637999974476017 0.016035577634501402 0
leaf_weight=4.6458302997052661 58.625241871923208 4.0883313454687586 17.717070482671261 1.4442393183708189
leaf_count=57 527 44 83 8
internal_value=0.00102619 0.00328954 0.00524457 -0.0125304
internal_weight=86.5207 81.8749 76.3423 5.53257
internal_count=719 662 610 52
is_linear=0
shrinkage=0.03


Tree=101
num_leaves=6
num_cat=0
split_feature=24 19 2 22 25
split_gain=4.5826 4.68195 4.35449 2.64127 1.5568
threshold=0.92528900000000014 0.0021375000000000005 0.47222200000000009 0.040069000000000007 0.72520400000000007
decision_type=2 8 8 10 2
left_child=2 -2 3 -1 -4
right_child=1 -3 4 -5 -6
leaf_value=-0.0044290438262104782 -0.012552412602449251 0.016210518555922291 -0.013706956726208983 0.011173394697118345 0.0021183074115567507
leaf_weight=14.801690801978113 2.9287414550781277 20.427181098610163 30.278468627482653 15.587226346135138 2.1103472746908656
leaf_count=89 34 154 353 69 14
internal_value=0 0.0104472 -0.00435532 0.0029602 -0.0117359
internal_weight=86.1337 23.3559 62.7777 30.3889 32.3888
internal_count=713 188 525 158 367
is_linear=0
shrinkage=0.03


Tree=102
num_leaves=5
num_cat=0
split_feature=24 2 24 16
split_gain=4.05432 3.54906 3.0784 2.97218
threshold=0.79291550000000011 0.32575750000000009 0.93789450000000019 0.039700500000000007
decision_type=2 8 2 8
left_child=-1 3 -3 -2
right_child=1 2 -4 -5
leaf_value=-0.021277574961897167 -0.005071350100289208 -0.007591395339107564 0.0070504979101266027 0.014121922737899327
leaf_weight=4.7689405232667914 5.5120043456554439 38.555968698114157 14.24283855780959 23.617122359573841
leaf_count=59 41 383 128 111
internal_value=-0.000295259 0.00128133 -0.00293729 0.00942191
internal_weight=86.6969 81.9279 52.7988 29.1291
internal_count=722 663 511 152
is_linear=0
shrinkage=0.03


Tree=103
num_leaves=5
num_cat=0
split_feature=24 2 2 16
split_gain=4.41634 3.28732 3.43277 3.00951
threshold=0.79291550000000011 0.32575750000000009 1.0000000180025095e-35 0.080169000000000004
decision_type=2 10 10 10
left_child=-1 2 -2 -3
right_child=1 3 -4 -5
leaf_value=-0.02093308635102235 0.0021869669009653247 0.002534420978266741 0.021514087159702149 -0.015211391798854163
leaf_weight=4.883361291140317 47.324111249297857 13.491239111870529 8.8529988974332792 11.895662821829317
leaf_count=61 447 91 37 89
internal_value=0.000170519 0.00248658 0.00667595 -0.0054528
internal_weight=86.4474 81.564 56.1771 25.3869
internal_count=725 664 484 180
is_linear=0
shrinkage=0.03


Tree=104
num_leaves=5
num_cat=0
split_feature=24 4 19 23
split_gain=5.1278 2.99716 3.99851 2.05612
threshold=0.79291550000000011 1.0000000180025095e-35 0.076667500000000013 0.70664500000000008
decision_type=2 10 8 8
left_child=-1 2 -2 -3
right_child=1 3 -4 -5
leaf_value=-0.020524919008717193 -0.011198790458539542 0.022048943054483378 0.0053798517575169612 -6.3542925437802138e-05
leaf_weight=4.7691253311932078 13.257751636207102 9.6919055283069575 56.371295619755983 1.7236405760049827
leaf_count=59 93 56 494 9
internal_value=0.0022229 0.00460332 0.00147794 0.0173107
internal_weight=85.8137 81.0446 69.629 11.4155
internal_count=711 652 587 65
is_linear=0
shrinkage=0.03


Tree=105
num_leaves=6
num_cat=0
split_feature=21 17 4 19 19
split_gain=4.05392 3.32385 6.63519 3.0692 0.794046
threshold=0.11378600000000001 0.10405600000000002 1.0000000180025095e-35 0.53826300000000005 0.11496250000000001
decision_type=10 8 10 10 10
left_child=1 2 -1 -3 -2
right_child=4 3 -4 -5 -6
leaf_value=-0.024745983028809194 0 0.0029801777886880694 0.0087614106770722913 -0.017983277014453056 0.018716650067352465
leaf_weight=11.836627274751665 6.4110683649778348 51.828403312712908 4.7352442368865004 4.0381141975522032 7.408771425485611
leaf_count=103 33 480 28 46 30
internal_value=0 -0.00308258 -0.0137634 0.000116026 0.0132022
internal_weight=86.2582 72.4384 16.5719 55.8665 13.8198
internal_count=720 657 131 526 63
is_linear=0
shrinkage=0.03


Tree=106
num_leaves=5
num_cat=0
split_feature=24 17 24 8
split_gain=3.78359 2.70398 3.07421 1.40084
threshold=0.79291550000000011 1.0000000180025095e-35 0.92528900000000014 8.2880465000000019
decision_type=2 8 2 10
left_child=-1 3 -3 -2
right_child=1 2 -4 -5
leaf_value=-0.019247021508327421 -0.018923702140937443 0.0007144500943169884 0.014472235532019448 0.00073508281019454369
leaf_weight=4.1889823824167243 4.0853239372372618 57.299487065523863 19.673715766519308 0.92358654737472523
leaf_count=57 46 455 149 5
internal_value=0.00114003 0.00317742 0.00501693 -0.0126355
internal_weight=86.1711 81.9821 76.9732 5.00891
internal_count=712 655 604 51
is_linear=0
shrinkage=0.03


Tree=107
num_leaves=6
num_cat=0
split_feature=21 24 9 18 24
split_gain=4.51924 2.61735 2.38597 1.68395 0.578552
threshold=1.0000000180025095e-35 0.79291550000000011 8.1664435000000015 0.29332350000000001 0.95762250000000015
decision_type=8 2 10 10 2
left_child=2 -2 4 -3 -1
right_child=1 3 -4 -5 -6
leaf_value=-0.017829153835187749 -0.015906772820923957 0.00098787450842280789 0.0041312413351311077 0.015090917063945662 0
leaf_weight=18.46642969548703 3.2119497396051875 49.338287882506847 2.4242433980107299 7.8040271475911132 1.7026116177439679
leaf_count=163 45 446 14 30 17
internal_value=-0.00213854 0.00182994 -0.0128837 0.00406945 -0.0164938
internal_weight=82.9475 60.3543 22.5933 57.1423 20.169
internal_count=715 521 194 476 180
is_linear=0
shrinkage=0.03


Tree=108
num_leaves=7
num_cat=0
split_feature=24 20 24 8 15 25
split_gain=4.97176 3.02632 3.09129 1.80943 1.69911 0.75189
threshold=0.85071050000000004 0.019030000000000002 0.93551150000000016 8.2880465000000019 0.34436500000000003 0.38368250000000004
decision_type=2 8 2 10 10 2
left_child=4 3 -3 -2 5 -1
right_child=1 2 -4 -5 -6 -7
leaf_value=-0.019958842012412919 -0.017291009146319068 0.0012092071458518555 0.016969901190853252 0.0039263409386436398 3.1322993255138032e-05 0
leaf_weight=11.581321749836208 6.1926318556070319 45.472303584218025 14.778892420232294 1.3505030572414396 2.7801561057567588 3.3454627580940715
leaf_count=152 60 350 115 8 15 27
internal_value=0 0.00350947 0.00617094 -0.0106105 -0.0131903 -0.0169194
internal_weight=85.5013 67.7943 60.2512 7.54313 17.7069 14.9268
internal_count=727 533 465 68 194 179
is_linear=0
shrinkage=0.03


Tree=109
num_leaves=5
num_cat=0
split_feature=24 23 22 9
split_gain=3.41438 3.73908 4.29539 1.98611
threshold=0.79291550000000011 0.0013345000000000002 0.040069000000000007 8.3408250000000024
decision_type=2 8 10 10
left_child=-1 3 -3 -2
right_child=1 2 -4 -5
leaf_value=-0.019772303535135333 -0.013608426099447492 0 0.015557090897221773 0.0052220932585446533
leaf_weight=4.5344179496169081 15.647725965827705 41.46362217143178 19.921410486102104 2.4190284460782996
leaf_count=58 138 421 90 15
internal_value=-0.000176937 0.00125627 0.00511065 -0.00927848
internal_weight=83.9862 79.4518 61.385 18.0668
internal_count=722 664 511 153
is_linear=0
shrinkage=0.03


Tree=110
num_leaves=5
num_cat=0
split_feature=24 22 2 20
split_gain=4.37882 2.29432 2.3384 1.34801
threshold=0.79291550000000011 0.020314000000000002 0.47222200000000009 1.0000000180025095e-35
decision_type=2 10 10 8
left_child=-1 3 -3 -2
right_child=1 2 -4 -5
leaf_value=-0.018896813822715658 -0.012572680197008778 0.014996747554500808 -0.0006860472636793717 0.0022478612926959767
leaf_weight=4.3157817348837844 3.1021212190389624 24.287690408527855 7.0503149926662436 46.266879551112652
leaf_count=61 40 114 40 463
internal_value=0.00270511 0.00485451 0.0108431 7.68602e-05
internal_weight=85.0228 80.707 31.338 49.369
internal_count=718 657 154 503
is_linear=0
shrinkage=0.03


Tree=111
num_leaves=5
num_cat=0
split_feature=3 23 7 17
split_gain=3.35602 4.07424 3.50035 2.12666
threshold=1.5000000000000002 0.0013345000000000002 1.0000000180025095e-35 0.44958150000000002
decision_type=10 8 10 10
left_child=1 3 -3 -1
right_child=-2 2 -4 -5
leaf_value=-0.017933297350682966 0.017842317471777447 0.0045484417324756551 -0.015107931038501903 0.001556646685812815
leaf_weight=14.811387524008753 5.5456709861755362 54.765436172485352 6.1736180558800688 2.739373628050088
leaf_count=131 43 484 32 25
internal_value=0 -0.00191845 0.00147247 -0.0136483
internal_weight=84.0355 78.4898 60.9391 17.5508
internal_count=715 672 516 156
is_linear=0
shrinkage=0.03


Tree=112
num_leaves=5
num_cat=0
split_feature=25 23 25 24
split_gain=4.33754 2.96818 2.64887 1.80807
threshold=0.71528900000000017 0.0013345000000000002 0.045979500000000006 0.89514850000000012
decision_type=2 10 2 2
left_child=1 3 -3 -1
right_child=-2 2 -4 -5
leaf_value=-0.012043949882930409 0.019381928913540354 -0.0063339318581329233 0.010287716436956194 0
leaf_weight=20.402032881975174 7.5446802824735633 7.8190686479210845 24.578297629952431 23.119242481887341
leaf_count=257 49 42 130 228
internal_value=0.00118926 -0.00090662 0.00523176 -0.00616362
internal_weight=83.4633 75.9186 32.3974 43.5213
internal_count=706 657 172 485
is_linear=0
shrinkage=0.03


end of trees

feature_importances:
embedding_cosine_bge_m3=80
reranker_score_bge_reranker_v2_m3=65
digit_ratio_mean_percentile_gap_abs=52
repeated_title_share_percentile_gap_abs=49
shared_title_count_capped=43
max_category_share_percentile_gap_abs=43
shared_description_count_capped=30
profile_category_jaccard=29
repeated_description_share_percentile_gap_abs=29
item_count_percentile_gap_abs=25
description_length_median_percentile_gap_abs=22
punct_ratio_mean_percentile_gap_abs=16
title_length_median_percentile_gap_abs=15
shared_description_idf_mean=10
shared_category_count_capped=7
price_median_percentile_gap_abs=7
shared_description_idf_sum=6
shared_title_idf_sum=5
shared_title_idf_mean=4
shared_rare_ngram_count=2
same_market_raw_bool=1
shared_low_df_sentence_count=1

parameters:
[boosting: gbdt]
[objective: binary]
[metric: binary_logloss,auc]
[tree_learner: serial]
[device_type: cpu]
[data_sample_strategy: bagging]
[data: ]
[valid: ]
[num_iterations: 120]
[learning_rate: 0.03]
[num_leaves: 7]
[num_threads: 0]
[seed: 20260321]
[deterministic: 1]
[force_col_wise: 1]
[force_row_wise: 0]
[histogram_pool_size: -1]
[max_depth: 3]
[min_data_in_leaf: 10]
[min_sum_hessian_in_leaf: 0.001]
[bagging_fraction: 0.8]
[pos_bagging_fraction: 1]
[neg_bagging_fraction: 1]
[bagging_freq: 1]
[bagging_seed: 20260321]
[bagging_by_query: 0]
[feature_fraction: 0.6]
[feature_fraction_bynode: 1]
[feature_fraction_seed: 20260321]
[extra_trees: 0]
[extra_seed: 14909]
[early_stopping_round: 0]
[early_stopping_min_delta: 0]
[first_metric_only: 0]
[max_delta_step: 0]
[lambda_l1: 1]
[lambda_l2: 3]
[linear_lambda: 0]
[min_gain_to_split: 0.05]
[drop_rate: 0.1]
[max_drop: 50]
[skip_drop: 0.5]
[xgboost_dart_mode: 0]
[uniform_drop: 0]
[drop_seed: 4518]
[top_rate: 0.2]
[other_rate: 0.1]
[min_data_per_group: 100]
[max_cat_threshold: 32]
[cat_l2: 10]
[cat_smooth: 10]
[max_cat_to_onehot: 4]
[top_k: 20]
[monotone_constraints: ]
[monotone_constraints_method: basic]
[monotone_penalty: 0]
[feature_contri: ]
[forcedsplits_filename: ]
[refit_decay_rate: 0.9]
[cegb_tradeoff: 1]
[cegb_penalty_split: 0]
[cegb_penalty_feature_lazy: ]
[cegb_penalty_feature_coupled: ]
[path_smooth: 0]
[interaction_constraints: ]
[verbosity: -1]
[saved_feature_importance_type: 0]
[use_quantized_grad: 0]
[num_grad_quant_bins: 4]
[quant_train_renew_leaf: 0]
[stochastic_rounding: 1]
[linear_tree: 0]
[max_bin: 255]
[max_bin_by_feature: ]
[min_data_in_bin: 3]
[bin_construct_sample_cnt: 200000]
[data_random_seed: 20260321]
[is_enable_sparse: 1]
[enable_bundle: 1]
[use_missing: 1]
[zero_as_missing: 0]
[feature_pre_filter: 1]
[pre_partition: 0]
[two_round: 0]
[header: 0]
[label_column: ]
[weight_column: ]
[group_column: ]
[ignore_column: ]
[categorical_feature: ]
[forcedbins_filename: ]
[precise_float_parser: 0]
[parser_config_file: ]
[objective_seed: 21012]
[num_class: 1]
[is_unbalance: 0]
[scale_pos_weight: 1]
[sigmoid: 1]
[boost_from_average: 1]
[reg_sqrt: 0]
[alpha: 0.9]
[fair_c: 1]
[poisson_max_delta_step: 0.7]
[tweedie_variance_power: 1.5]
[lambdarank_truncation_level: 30]
[lambdarank_norm: 1]
[label_gain: ]
[lambdarank_position_bias_regularization: 0]
[eval_at: ]
[multi_error_top_k: 1]
[auc_mu_weights: ]
[num_machines: 1]
[local_listen_port: 12400]
[time_out: 120]
[machine_list_filename: ]
[machines: ]
[gpu_platform_id: -1]
[gpu_device_id: -1]
[gpu_use_dp: 0]
[num_gpu: 1]

end of parameters

pandas_categorical:null
