tree
version=v4
num_class=1
num_tree_per_iteration=1
label_index=0
max_feature_idx=25
objective=binary sigmoid:1
feature_names=same_market_raw_bool same_source_dataset_bool profile_category_jaccard shared_title_count_capped shared_description_count_capped shared_category_count_capped shared_title_idf_sum shared_description_idf_sum shared_title_idf_mean shared_description_idf_mean boilerplate_ratio_max boilerplate_ratio_gap_abs shared_boilerplate_count shared_low_df_sentence_count shared_rare_ngram_count item_count_percentile_gap_abs price_median_percentile_gap_abs title_length_median_percentile_gap_abs description_length_median_percentile_gap_abs digit_ratio_mean_percentile_gap_abs punct_ratio_mean_percentile_gap_abs repeated_title_share_percentile_gap_abs repeated_description_share_percentile_gap_abs max_category_share_percentile_gap_abs embedding_cosine_gte_multilingual_base reranker_score_gte_multilingual_reranker_base
feature_infos=[0:1] [0:1] [0:1] [0:5] [0:5] [0:5] [0:70.616864000000007] [0:79.443972000000002] [0:8.8271080000000008] [0:8.8271080000000008] [0:0.20000000000000001] [0:0.20000000000000001] [0:1] [0:9] [0:8] [0:0.70916299999999999] [0:0.96791400000000005] [0:0.92293000000000003] [0:0.86055700000000002] [0:0.89987799999999996] [0:0.92379500000000003] [0:0.78087600000000001] [0:0.625498] [0:0.99467300000000003] [0.88623300000000005:0.99821599999999999] [0.41123199999999999:0.96361600000000003]
tree_sizes=678 680 873 879 663 857 789 682 846 780 873 863 780 855 759 881 766 878 754 768 769 665 846 881 791 672 871 577 882 851 743 758 760 735 577 820 655 852 752 843 763 869 660 891 881 667 658 868 682 769 777 862 651 874 764 844 772 850 770 780 756 864 838 866 663 744 737 736 647 645 660 755 857 847 746 762 662 806 682 760 841 789 636 762 658 841 747 740 871 640 859 733 659 849 750 807 849 657 891 649 773 852 639 664 651 658 875 758

Tree=0
num_leaves=5
num_cat=0
split_feature=3 22 24 24
split_gain=57.7154 38.3142 11.9045 3.03542
threshold=1.0000000180025095e-35 0.040069000000000007 0.97677600000000009 0.9925655000000001
decision_type=10 8 2 2
left_child=1 3 -3 -1
right_child=-2 2 -4 -5
leaf_value=-0.040336409906939624 0.044448999627832303 -0.012932351145285695 0.01634087478620052 4.2497495285768391e-08
leaf_weight=28.041428953409198 16.324860632419586 17.860473781824112 26.820046819746494 2.4322881400585166
leaf_count=140 46 154 202 10
internal_value=-0.00167333 -0.0133974 0.00393264 -0.0377782
internal_weight=91.4791 75.1542 44.6805 30.4737
internal_count=552 506 356 150
is_linear=0
shrinkage=1


Tree=1
num_leaves=5
num_cat=0
split_feature=3 18 2 16
split_gain=65.4575 27.7492 10.1766 5.01194
threshold=1.0000000180025095e-35 0.29475650000000003 0.25833350000000005 0.18622950000000002
decision_type=10 8 8 10
left_child=1 3 -3 -1
right_child=-2 2 -4 -5
leaf_value=-0.039258292650008499 0.044925622371801296 0.027231626200302405 -0.0049945603535056842 -0.008572603682625345
leaf_weight=25.211868926882744 18.540060937404633 8.9223265051841718 28.479837886989117 11.612226709723471
leaf_count=126 52 28 300 50
internal_value=-0.00101996 -0.014184 0.00340171 -0.0317098
internal_weight=92.7663 74.2263 37.4022 36.8241
internal_count=556 504 328 176
is_linear=0
shrinkage=0.03


Tree=2
num_leaves=7
num_cat=0
split_feature=25 4 2 23 23 23
split_gain=71.3783 21.362 13.2593 8.13189 8.47168 2.039
threshold=0.6828955000000001 1.0000000180025095e-35 0.32575750000000009 0.0074560000000000008 0.33739050000000004 0.81723200000000007
decision_type=2 8 10 10 10 8
left_child=3 2 -2 -1 -5 -3
right_child=1 5 -4 4 -6 -7
leaf_value=-0.038297297127779878 0.016929753809398009 0.046482379782127291 -0.023889291390755806 0.014665505187124648 -0.027202232223806556 0.018256375908520698
leaf_weight=26.672156326472759 13.968330636620523 16.842498198151588 9.3882270306348783 6.1423623263835889 4.8935766518115997 15.164481930434702
leaf_count=218 49 46 45 21 25 147
internal_value=0.000294144 0.0218504 0 -0.029896 -0.00360828 0.0366768
internal_weight=93.0716 55.3635 23.3566 37.7081 11.0359 32.007
internal_count=551 287 94 264 46 193
is_linear=0
shrinkage=0.03


Tree=3
num_leaves=7
num_cat=0
split_feature=25 24 21 4 16 25
split_gain=70.8167 21.4926 13.4232 10.5907 5.7903 0.707501
threshold=0.64985700000000013 0.97478750000000003 0.12386950000000001 1.0000000180025095e-35 0.35946150000000004 0.6447790000000001
decision_type=2 2 10 10 10 2
left_child=3 2 -2 5 -3 -1
right_child=1 4 -4 -5 -6 -7
leaf_value=-0.045818538435859854 -0.025269504937798466 0.029767967147663232 0.019065747406394967 0.0096687019652794397 -0.0030657355013721682 -0.0011503876308778249
leaf_weight=23.124863021075733 12.745084866881372 43.966793857514858 6.6890122741460791 1.6688799411058415 2.994189888238906 1.9008306264877308
leaf_count=181 99 226 22 5 13 13
internal_value=0 0.0163785 -0.00816357 -0.0389801 0.0270157 -0.0439825
internal_weight=93.0897 66.3951 19.4341 26.6946 46.961 25.0257
internal_count=559 360 121 199 239 194
is_linear=0
shrinkage=0.03


Tree=4
num_leaves=5
num_cat=0
split_feature=3 23 24 24
split_gain=57.4027 26.8744 15.6536 1.81072
threshold=1.0000000180025095e-35 0.0097775000000000015 0.97216550000000013 0.99163200000000018
decision_type=10 8 2 2
left_child=1 3 -3 -1
right_child=-2 2 -4 -5
leaf_value=-0.043066341755114958 0.04108672228678082 -0.025667822958185971 0.0079033578233492791 0
leaf_weight=21.758547931909565 16.596987143158913 15.328689418733118 35.065709464251995 1.8696292936801899
leaf_count=113 47 132 261 8
internal_value=-0.00449075 -0.0163017 -0.00261471 -0.0407834
internal_weight=90.6196 74.0226 50.3944 23.6282
internal_count=561 514 393 121
is_linear=0
shrinkage=0.03


Tree=5
num_leaves=7
num_cat=0
split_feature=25 4 23 22 23 24
split_gain=53.8354 14.6801 12.8088 11.395 5.8828 1.65294
threshold=0.69210750000000021 1.0000000180025095e-35 0.0074560000000000008 0.044478500000000004 0.25328250000000002 0.99264100000000011
decision_type=2 10 10 8 10 2
left_child=2 3 5 -2 -4 -1
right_child=1 -3 4 -5 -6 -7
leaf_value=-0.038794868078381964 -0.017428884353500287 0.041183822328093006 0.017172157992252083 0.016104583982747851 -0.017189142506801151 0
leaf_weight=26.416312433779243 9.7370118796825391 14.336144402623175 5.755639433860777 26.535268142819405 6.1808321923017502 1.4568931013345707
leaf_count=222 45 40 19 187 29 10
internal_value=-0.0017035 0.01805 -0.0270212 0.00569514 0 -0.0372268
internal_weight=90.4181 50.6084 39.8097 36.2723 11.9365 27.8732
internal_count=552 272 280 232 48 232
is_linear=0
shrinkage=0.03


Tree=6
num_leaves=6
num_cat=0
split_feature=25 4 21 4 22
split_gain=59.1312 23.5228 18.3748 9.45802 1.09904
threshold=0.64842050000000018 1.0000000180025095e-35 0.09775600000000001 1.0000000180025095e-35 0.040069000000000007
decision_type=2 10 8 10 10
left_child=3 2 -2 4 -1
right_child=1 -3 -4 -5 -6
leaf_value=-0.042908891686543951 -0.017052477676439644 0.041706336101535076 0.017620223253688096 0.0098391831227329536 -0.0045964955411539202
leaf_weight=22.402013339102275 20.385284543037415 17.769809439778328 29.672840252518654 1.6672414243221272 3.3620596826076499
leaf_count=180 92 50 224 5 15
internal_value=-1.3762e-06 0.0147281 0.00276915 -0.0352694 -0.0399532
internal_weight=95.2592 67.8279 50.0581 27.4313 25.7641
internal_count=566 366 316 200 195
is_linear=0
shrinkage=0.03


Tree=7
num_leaves=5
num_cat=0
split_feature=4 23 23 16
split_gain=38.9047 35.2452 10.5736 0.223043
threshold=1.0000000180025095e-35 0.0074560000000000008 0.51918300000000006 0.22921200000000003
decision_type=10 8 10 10
left_child=1 -1 -3 -2
right_child=3 2 -4 -5
leaf_value=-0.039648723257912598 0.041182890240730796 0.0095781019267193127 -0.022853770397119343 0.0050613876800460209
leaf_weight=22.66330474615097 12.396531820297239 42.690033614635468 8.0513358414173108 3.1397689431905738
leaf_count=118 34 328 39 11
internal_value=-0.00116715 -0.0108954 0.00288528 0.0375021
internal_weight=88.941 73.4047 50.7414 15.5363
internal_count=530 485 367 45
is_linear=0
shrinkage=0.03


Tree=8
num_leaves=7
num_cat=0
split_feature=25 20 5 24 21 18
split_gain=50.3511 10.2757 9.65483 5.92889 4.75787 0.897189
threshold=0.69210750000000021 0.28201750000000009 1.5000000000000002 0.97677600000000009 0.10762700000000001 0.26283050000000008
decision_type=2 10 10 2 10 10
left_child=2 3 4 -2 -1 -3
right_child=1 5 -4 -5 -6 -7
leaf_value=-0.033310972536657942 0.0010763659816031871 -0.017669856041766071 0.010264104175302892 0.029434004583618955 0 0
leaf_weight=32.001791581511497 11.108742378652094 3.1857884526252738 3.5308054387569419 34.17617254704237 3.5255569815635672 2.7870505303144455
leaf_count=252 70 16 12 175 14 11
internal_value=-0.000190866 0.0185966 -0.0251276 0.023598 -0.0299489 -0.0111917
internal_weight=90.3159 51.2578 39.0582 45.2849 35.5273 5.97284
internal_count=550 272 278 245 266 27
is_linear=0
shrinkage=0.03


Tree=9
num_leaves=6
num_cat=0
split_feature=25 24 16 5 25
split_gain=63.8762 13.5674 6.36163 5.62566 3.05291
threshold=0.65593200000000007 0.95943100000000014 0.43249750000000003 1.5000000000000002 0.63430900000000012
decision_type=2 2 10 10 2
left_child=3 -2 -3 4 -1
right_child=1 2 -4 -5 -6
leaf_value=-0.041460985255325898 -0.022212898016782553 0.02440396079731233 -0.0088640359449796927 0.0033189390864299517 -0.0045649311568902668
leaf_weight=23.060123875737197 3.9095341041684142 54.685777932405472 2.7993619292974463 1.4881257116794575 5.1341513395309439
leaf_count=185 29 290 13 5 33
internal_value=0.000108002 0.017748 0.0219286 -0.0337403 -0.0367891
internal_weight=91.0771 61.3947 57.4851 29.6824 28.1943
internal_count=555 332 303 223 218
is_linear=0
shrinkage=0.03


Tree=10
num_leaves=7
num_cat=0
split_feature=25 4 5 2 7 19
split_gain=55.8399 12.2152 10.4741 6.51837 5.91566 2.89951
threshold=0.6828955000000001 1.0000000180025095e-35 1.5000000000000002 0.32575750000000009 8.6832670000000025 0.31713300000000005
decision_type=2 8 10 10 10 8
left_child=2 3 4 -2 -1 -3
right_child=1 5 -4 -5 -6 -7
leaf_value=-0.035509495382449838 0.014195357534240565 0.041104064110073134 0.0097609883077329554 -0.013176718142400795 0.0056425599834881573 0.013872494321674145
leaf_weight=31.580581329762936 14.653141230344774 15.095053255558016 3.5294142961502066 10.640195742249487 1.2832583785057057 15.792427152395247
leaf_count=245 52 42 12 48 4 154
internal_value=0 0.0186773 -0.0274168 0.00144414 -0.0327285 0.0305269
internal_weight=92.5741 56.1808 36.3933 25.2933 32.8638 30.8875
internal_count=557 296 261 100 249 196
is_linear=0
shrinkage=0.03


Tree=11
num_leaves=7
num_cat=0
split_feature=25 24 21 7 3 21
split_gain=47.6643 19.9772 8.42237 5.26362 4.47424 2.29689
threshold=0.64842050000000018 0.97478750000000003 0.13168750000000004 8.4887085000000031 1.0000000180025095e-35 0.062116500000000012
decision_type=2 2 10 10 10 10
left_child=3 2 -2 5 -3 -1
right_child=1 4 -4 -5 -6 -7
leaf_value=-0.03545404684078144 -0.023532937406653558 0.014522767678384597 0.01308003735650428 0.005506128976575814 0.038022126395338272 0
leaf_weight=23.605116888880737 11.862440615892412 34.249916583299637 5.5582153797149649 1.2950640022754658 16.631912261247635 2.5822744965553275
leaf_count=187 96 201 19 4 48 11
internal_value=0.001481 0.0151412 -0.0101767 -0.0296336 0.0244502 -0.0327865
internal_weight=95.7849 68.3025 17.4207 27.4825 50.8818 26.1874
internal_count=566 364 115 202 249 198
is_linear=0
shrinkage=0.03


Tree=12
num_leaves=6
num_cat=0
split_feature=25 4 21 5 20
split_gain=50.0425 13.3368 15.1542 7.67334 0.603649
threshold=0.64985700000000013 1.0000000180025095e-35 0.0011505000000000003 1.5000000000000002 0.20472250000000003
decision_type=2 10 8 10 10
left_child=3 2 -2 -1 -3
right_child=1 4 -4 -5 -6
leaf_value=-0.036720445960496069 -0.021638621163059236 0.03855102675490326 0.014594293700108679 0.007216178766348412 0.0033883652989140415
leaf_weight=23.707075975835327 10.608494579792021 15.054160684347154 37.85834264010191 1.8526993989944447 3.0968447476625434
leaf_count=193 51 43 251 6 11
internal_value=0.00108026 0.0150607 0.00528165 -0.0320618 0.0353016
internal_weight=92.1776 66.6178 48.4668 25.5598 18.151
internal_count=555 356 302 199 54
is_linear=0
shrinkage=0.03


Tree=13
num_leaves=7
num_cat=0
split_feature=25 24 23 3 24 23
split_gain=38.0848 14.9794 8.03027 7.97347 2.15818 1.96978
threshold=0.64842050000000018 0.95943100000000014 0.0074560000000000008 1.5000000000000002 0.99264100000000011 0.33739050000000004
decision_type=2 2 10 10 2 10
left_child=2 -2 4 -3 -1 -4
right_child=1 3 5 -5 -6 -7
leaf_value=-0.037980650486611547 -0.025727298219571346 0.0098597128822599158 0.013120637988036926 0.037588105243506802 0 -0.01108089457180662
leaf_weight=19.371912322938449 4.9437352567911139 47.791688621044159 3.3284988850355139 12.314831793308256 1.4283750355243672 2.5652923732995987
leaf_count=166 36 285 11 35 10 13
internal_value=0.000145861 0.0128152 -0.027893 0.017533 -0.035698 0
internal_weight=91.7443 65.0503 26.6941 60.1065 20.8003 5.89379
internal_count=556 356 200 320 176 24
is_linear=0
shrinkage=0.03


Tree=14
num_leaves=6
num_cat=0
split_feature=4 2 2 24 15
split_gain=39.5676 19.4672 15.5729 5.02802 2.00262
threshold=1.0000000180025095e-35 0.32575750000000009 1.0000000180025095e-35 0.98595300000000019 0.22672900000000004
decision_type=10 10 10 2 10
left_child=1 2 -1 -3 -2
right_child=4 3 -4 -5 -6
leaf_value=-0.0082198200347242314 0.039198558831966303 -0.040286354938860458 0.028624663987640152 -0.005951912276252613 0
leaf_weight=38.778540171682835 16.012045249342922 15.364886969327928 10.667609512805937 9.2585617452859861 2.6788330823183051
leaf_count=352 46 83 33 42 10
internal_value=0 -0.0103153 0.000339751 -0.0305109 0.0355482
internal_weight=92.7605 74.0696 49.4461 24.6234 18.6909
internal_count=566 510 385 125 56
is_linear=0
shrinkage=0.03


Tree=15
num_leaves=7
num_cat=0
split_feature=25 5 21 20 21 9
split_gain=37.2016 8.66011 7.79962 6.93592 2.97469 1.49371
threshold=0.68518000000000012 1.5000000000000002 0.11378600000000001 0.23524500000000001 0.15176500000000001 8.0180540000000011
decision_type=2 10 10 10 8 8
left_child=1 2 -1 5 -5 -2
right_child=3 -3 -4 4 -6 -7
leaf_value=-0.031718823986818585 0.008861330113255057 0.011484997594776428 0.0060326564479909308 -0.013721658723237367 0.011730557514795853 0.026148867030602894
leaf_weight=29.06411562114954 18.183963030576706 3.3318162858486167 3.2993922531604758 7.4163329750299427 3.1148027777671823 27.442767471075058
leaf_count=236 68 11 12 34 10 183
internal_value=0.000698443 -0.0218712 -0.0268365 0.015933 -0.00304478 0.0208478
internal_weight=91.8532 35.6953 32.3635 56.1579 10.5311 45.6267
internal_count=554 259 248 295 44 251
is_linear=0
shrinkage=0.03


Tree=16
num_leaves=6
num_cat=0
split_feature=4 5 24 18 15
split_gain=32.6675 22.6395 7.62418 6.39814 1.03326
threshold=1.0000000180025095e-35 1.5000000000000002 0.98072800000000016 0.29475650000000003 0.21584700000000004
decision_type=10 8 2 10 10
left_child=1 3 -3 -1 -2
right_child=4 2 -4 -5 -6
leaf_value=-0.030844943778212855 0.038825751896754551 -0.0083829719806964419 0.017299312325402515 0 0.0022841245959976785
leaf_weight=26.484646648168564 14.264694839715959 12.615814313292502 24.558927990496159 8.5917725861072523 3.0289465934038153
leaf_count=137 41 142 183 36 11
internal_value=0.00117339 -0.00764765 0.00786174 -0.0241971 0.0351877
internal_weight=89.5448 72.2512 37.1747 35.0764 17.2936
internal_count=550 498 325 173 52
is_linear=0
shrinkage=0.03


Tree=17
num_leaves=7
num_cat=0
split_feature=25 20 5 4 4 20
split_gain=40.0913 14.0422 12.026 7.66942 6.22801 0.317357
threshold=0.6828955000000001 0.26826050000000007 1.5000000000000002 1.0000000180025095e-35 1.0000000180025095e-35 0.40039500000000006
decision_type=2 10 10 10 10 10
left_child=2 4 3 -1 -2 -3
right_child=1 5 -4 -5 -6 -7
leaf_value=-0.032946518875187993 0.011419774093942042 -0.023025766479613314 0.015700117395882791 0.0074106181398520404 0.037470142204954496 -0.00054325325867633225
leaf_weight=31.404328688979149 33.372698381543159 2.7986159622669211 3.5092433393001548 2.3932270109653464 14.999346852302549 4.248948335647583
leaf_count=256 215 15 11 8 44 18
internal_value=0 0.0157884 -0.0231063 -0.0289023 0.021798 -0.0166663
internal_weight=92.7264 55.4196 37.3068 33.7976 48.372 7.04756
internal_count=567 292 275 264 259 33
is_linear=0
shrinkage=0.03


Tree=18
num_leaves=6
num_cat=0
split_feature=3 23 24 24 23
split_gain=29.2429 19.0876 8.24448 1.55932 1.06029
threshold=1.0000000180025095e-35 0.0074560000000000008 0.96563950000000009 0.9925655000000001 0.40836700000000004
decision_type=10 8 2 2 8
left_child=1 3 -3 -1 -2
right_child=4 2 -4 -5 -6
leaf_value=-0.034926847192949972 0.03572726877394914 -0.02069408933939074 0.0064843845839734314 0 0.0010608264468824676
leaf_weight=18.498877972364429 12.520501106977459 10.074132815003393 40.310622166842222 1.8255648612976063 2.9867850095033655
leaf_count=102 37 87 298 8 11
internal_value=-0.00145448 -0.0101835 0 -0.0326227 0.0319256
internal_weight=86.2165 70.7092 50.3848 20.3244 15.5073
internal_count=543 495 385 110 48
is_linear=0
shrinkage=0.03


Tree=19
num_leaves=6
num_cat=0
split_feature=21 7 23 7 23
split_gain=21.2753 15.753 8.78612 4.5006 3.84092
threshold=1.0000000180025095e-35 8.6832670000000025 0.0074560000000000008 1.0000000180025095e-35 0.51918300000000006
decision_type=8 10 10 8 10
left_child=1 -1 3 -2 -4
right_child=2 -3 4 -5 -6
leaf_value=-0.030686403673908416 -0.021703594428449553 0.017291124529442221 0.025281866903531122 0.0041058371929580222 0
leaf_weight=22.659709125757221 4.5402172505855587 5.0881440937519065 25.330453917384151 26.805251743644476 5.5744658261537543
leaf_count=122 24 17 84 284 23
internal_value=0.000171817 -0.0200844 0.010169 -0.000328262 0.0207877
internal_weight=89.9982 27.7479 62.2504 31.3455 30.9049
internal_count=554 139 415 308 107
is_linear=0
shrinkage=0.03


Tree=20
num_leaves=6
num_cat=0
split_feature=25 3 2 24 23
split_gain=34.0061 15.2719 13.8802 3.36787 0.619086
threshold=0.64842050000000018 1.0000000180025095e-35 0.32575750000000009 0.99264100000000011 0.0074560000000000008
decision_type=2 10 10 2 10
left_child=3 2 -2 4 -1
right_child=1 -3 -4 -5 -6
leaf_value=-0.034088306615134227 0.011106572344373778 0.033935115245258086 -0.022262332785609715 0 -0.0049671142344054784
leaf_weight=19.539336528629072 36.688959456980228 15.674852505326269 12.494907081127165 1.7147539630532254 4.5039091557264319
leaf_count=178 252 48 61 10 21
internal_value=-0.00053343 0.0107516 0.00126199 -0.0281496 -0.0308987
internal_weight=90.6167 64.8587 49.1839 25.758 24.0432
internal_count=570 361 313 209 199
is_linear=0
shrinkage=0.03


Tree=21
num_leaves=5
num_cat=0
split_feature=3 21 24 2
split_gain=31.6163 17.5111 5.49951 4.3284
threshold=1.0000000180025095e-35 0.12386950000000001 0.98177350000000008 1.0000000180025095e-35
decision_type=10 8 2 10
left_child=1 2 -1 -3
right_child=-2 3 -4 -5
leaf_value=-0.033346876657097714 0.033620878976833753 0 -0.0061032577536805997 0.025050586068004088
leaf_weight=19.068682998418808 17.105798050761223 29.187222622334957 16.453521147370338 5.0753574669361106
leaf_count=105 53 298 75 15
internal_value=3.33422e-06 -0.00887101 -0.0229647 0.00560822
internal_weight=86.8906 69.7848 35.5222 34.2626
internal_count=546 493 180 313
is_linear=0
shrinkage=0.03


Tree=22
num_leaves=7
num_cat=0
split_feature=25 4 2 4 18 23
split_gain=28.6892 13.0106 10.3124 4.34034 2.88843 1.56649
threshold=0.63430900000000012 1.0000000180025095e-35 0.32575750000000009 1.0000000180025095e-35 0.32362000000000007 0.48434650000000007
decision_type=2 10 10 10 10 10
left_child=3 2 -2 4 -1 -3
right_child=1 5 -4 -5 -6 -7
leaf_value=-0.034193297792509278 0.010540030086975054 0.035567138406046646 -0.01752064700514323 0.0044133445724412555 0 0
leaf_weight=17.480926603078849 37.730617269873619 13.8028781414032 13.279234886169432 1.2659064382314671 2.6429641246795645 2.926517814397811
leaf_count=161 264 42 64 4 12 11
internal_value=0.000934273 0.0108825 0.00211219 -0.0268041 -0.030383 0.0317162
internal_weight=89.129 67.7392 51.0099 21.3898 20.1239 16.7294
internal_count=558 381 328 177 173 53
is_linear=0
shrinkage=0.03


Tree=23
num_leaves=7
num_cat=0
split_feature=25 3 21 23 23 25
split_gain=34.4656 8.49781 9.66816 4.90314 5.05313 2.83663
threshold=0.68028800000000011 1.0000000180025095e-35 0.12386950000000001 0.016871000000000004 0.33739050000000004 0.69210750000000021
decision_type=2 8 10 10 10 2
left_child=3 2 -2 -1 -5 -3
right_child=1 5 -4 4 -6 -7
leaf_value=-0.030376720876947354 -0.014287163374131386 -0.00019677021831600937 0.019211338716880352 0.012443262199567939 -0.02070911392602864 0.026828014046649858
leaf_weight=23.601632289588451 14.152521371841432 1.4678500294685388 11.089574620127676 5.4810742586851102 4.6325848400592804 26.282157674431801
leaf_count=211 65 13 37 19 25 176
internal_value=-0.000560494 0.0139363 0 -0.0234399 -0.0017182 0.0245432
internal_weight=86.7074 52.9921 25.2421 33.7153 10.1137 27.75
internal_count=546 291 102 255 44 189
is_linear=0
shrinkage=0.03


Tree=24
num_leaves=6
num_cat=0
split_feature=4 21 23 17 15
split_gain=27.2534 16.4424 5.21628 1.163 0.462103
threshold=1.0000000180025095e-35 0.0011505000000000003 0.0074560000000000008 0.35547150000000005 0.21584700000000004
decision_type=10 8 8 10 10
left_child=1 3 -3 -1 -2
right_child=4 2 -4 -5 -6
leaf_value=-0.03349222469245694 0.033906870793592885 -0.021936891574752298 0.0046744215868945154 -0.0040470651118269373 0.0013322060577357273
leaf_weight=16.383053794503216 13.451409995555879 4.6570688039064398 43.563549015671015 4.9025275111198416 2.7034097313880912
leaf_count=95 42 25 360 24 10
internal_value=-0.000406766 -0.00912306 0.000384325 -0.0292834 0.0310843
internal_weight=85.661 69.5062 48.2206 21.2856 16.1548
internal_count=556 504 385 119 52
is_linear=0
shrinkage=0.03


Tree=25
num_leaves=5
num_cat=0
split_feature=25 3 21 5
split_gain=27.0978 11.7402 10.4223 4.45077
threshold=0.63430900000000012 1.5000000000000002 0.10762700000000001 1.5000000000000002
decision_type=2 10 8 10
left_child=3 2 -2 -1
right_child=1 -3 -4 -5
leaf_value=-0.030150759814419004 -0.010187942658874134 0.033552070646022371 0.014439947768161101 0.0048896100001000259
leaf_weight=20.131882525980476 24.821280300617218 12.41015902161598 30.533687192946672 1.2769862562417973
leaf_count=173 112 39 232 4
internal_value=0.000448009 0.0101438 0.00292662 -0.0264875
internal_weight=89.174 67.7651 55.355 21.4089
internal_count=560 383 344 177
is_linear=0
shrinkage=0.03


Tree=26
num_leaves=7
num_cat=0
split_feature=25 20 4 4 21 22
split_gain=25.6387 9.77914 6.6811 6.12637 5.53604 0.761584
threshold=0.6447790000000001 0.23838700000000004 1.0000000180025095e-35 1.0000000180025095e-35 0.24561150000000001 0.044478500000000004
decision_type=2 10 10 10 8 10
left_child=2 3 5 -2 -3 -1
right_child=1 4 -4 -5 -6 -7
leaf_value=-0.032554523896662073 0.007768173643105356 -0.020804857442509841 0.01081114564608605 0.032296410519343371 0.012185220882998235 0
leaf_weight=18.059420123696334 39.886847570538521 10.103810757398602 1.4451963007450093 13.330723673105238 3.4054336845874795 2.2637787461280814
leaf_count=173 270 50 4 43 11 11
internal_value=0.000368769 0.00998188 -0.0255271 0.0158416 -0.00996843 -0.0304556
internal_weight=88.4952 66.7268 21.7684 53.2176 13.5092 20.3232
internal_count=562 374 188 313 61 184
is_linear=0
shrinkage=0.03


Tree=27
num_leaves=4
num_cat=0
split_feature=4 22 5
split_gain=24.0362 14.1128 5.24297
threshold=1.0000000180025095e-35 0.0025770000000000003 1.5000000000000002
decision_type=10 8 10
left_child=1 -1 -3
right_child=-2 2 -4
leaf_value=-0.026639414605887299 0.031811557517594492 -0.0027898765014172412 0.017727983922941042
leaf_weight=17.685620218515396 16.567352771759033 37.07376928254962 11.950689777731894
leaf_count=103 54 338 41
internal_value=0.00225621 -0.00570661 0.00236898
internal_weight=83.2774 66.7101 49.0245
internal_count=536 482 379
is_linear=0
shrinkage=0.03


Tree=28
num_leaves=7
num_cat=0
split_feature=25 24 25 24 16 2
split_gain=27.9842 7.83649 5.14983 6.24161 4.86369 4.1475
threshold=0.68028800000000011 0.97677600000000009 0.59491450000000012 0.97216550000000013 0.39276450000000002 0.25833350000000005
decision_type=2 2 2 2 10 10
left_child=2 5 -1 -4 -3 -2
right_child=1 4 3 -5 -6 -7
leaf_value=-0.031443500492068531 0.0062887110790100682 0.024127445184689105 -0.025355960726186351 0.0048268119622840652 -0.007966381032994449 -0.021388452487852743
leaf_weight=15.215249236673115 10.187444925308226 35.01739876717329 6.2450165748596218 13.255006462335585 1.8527437150478352 4.2399890869855872
leaf_count=136 68 181 52 79 9 23
internal_value=0.00020195 0.0143042 -0.0193213 -0.00559806 0.0212842 -0.00240541
internal_weight=86.0128 51.2976 34.7153 19.5 36.8701 14.4274
internal_count=548 281 267 131 190 91
is_linear=0
shrinkage=0.03


Tree=29
num_leaves=7
num_cat=0
split_feature=25 4 5 21 4 25
split_gain=31.3034 9.38698 5.90403 5.66249 5.5169 0.484434
threshold=0.6828955000000001 1.0000000180025095e-35 1.5000000000000002 0.090908500000000017 1.0000000180025095e-35 0.70057750000000008
decision_type=2 8 10 10 10 2
left_child=2 3 4 -2 -1 -3
right_child=1 5 -4 -5 -6 -7
leaf_value=-0.030254852954984455 -0.011721798349237322 0 0.0060049731713234002 0.014323928929891289 0.0043722927408027194 0.025762037214925371
leaf_weight=27.075182378292087 13.711562544107439 1.2787002772092844 3.1262067556381217 10.647204354405401 2.3068951964378348 26.357829749584198
leaf_count=244 63 12 11 37 8 178
internal_value=0 0.0138832 -0.0222463 0 -0.0264565 0.0249349
internal_weight=84.5036 51.9953 32.5083 24.3588 29.3821 27.6365
internal_count=553 290 263 100 252 190
is_linear=0
shrinkage=0.03


Tree=30
num_leaves=6
num_cat=0
split_feature=25 24 21 20 22
split_gain=20.6693 16.7002 9.17456 4.17791 2.9742
threshold=0.63430900000000012 0.97270850000000009 0.12386950000000001 0.23524500000000001 0.008709500000000002
decision_type=2 2 10 10 10
left_child=4 2 -2 -3 -1
right_child=1 3 -4 -5 -6
leaf_value=-0.028587657399284098 -0.027839809531896395 0.021564882519650077 0.010549801309609251 0 0
leaf_weight=16.168748289346698 11.520311072468759 41.013599827885628 5.6675742119550696 9.1973086148500425 4.2360391020774832
leaf_count=159 98 238 20 38 20
internal_value=0.000536659 0.00895038 -0.0140085 0.01772 -0.0235578
internal_weight=87.8036 67.3988 17.1879 50.2109 20.4048
internal_count=573 394 118 276 179
is_linear=0
shrinkage=0.03


Tree=31
num_leaves=6
num_cat=0
split_feature=25 3 21 5 7
split_gain=21.0641 9.63893 9.44758 3.7243 2.42198
threshold=0.63430900000000012 1.5000000000000002 0.080088500000000021 1.5000000000000002 8.4887085000000031
decision_type=2 10 8 10 10
left_child=3 2 -2 4 -1
right_child=1 -3 -4 -5 -6
leaf_value=-0.029089106850126611 -0.0091422914700965089 0.031973382965280267 0.014616933340842594 0.0048162751509894545 0
leaf_weight=17.165413003414876 23.531703963875771 12.272489607334135 30.111609824001789 1.2700063735246647 1.0672229081392277
leaf_count=167 108 41 231 4 4
internal_value=0.00212797 0.0105889 0.00373265 -0.0227347 -0.0264761
internal_weight=85.4184 65.9158 53.6433 19.5026 18.2326
internal_count=555 380 339 175 171
is_linear=0
shrinkage=0.03


Tree=32
num_leaves=6
num_cat=0
split_feature=4 23 24 23 24
split_gain=20.3522 11.6911 8.26696 2.22735 1.23723
threshold=1.0000000180025095e-35 0.0074560000000000008 0.96426450000000019 0.52579900000000002 0.98595300000000019
decision_type=10 8 2 10 2
left_child=1 4 -3 -2 -1
right_child=3 2 -4 -5 -6
leaf_value=-0.032573360051714455 0.031555322233020017 -0.022625445668978169 0.0066994669167197932 0 -0.0063952494191748298
leaf_weight=11.588220939040186 13.114009916782381 7.8964959718286982 38.491866324096918 2.9778123348951331 7.5941240936517707
leaf_count=75 44 77 303 12 40
internal_value=0 -0.00789702 2.90617e-05 0.0271188 -0.0258286
internal_weight=81.6625 65.5707 46.3884 16.0918 19.1823
internal_count=551 495 380 56 115
is_linear=0
shrinkage=0.03


Tree=33
num_leaves=6
num_cat=0
split_feature=3 22 18 15 24
split_gain=20.0091 14.7447 6.46637 2.48166 1.50212
threshold=1.0000000180025095e-35 0.0047930000000000013 0.29475650000000003 0.19394000000000003 0.9925655000000001
decision_type=10 8 10 8 2
left_child=1 4 -3 -2 -1
right_child=3 2 -4 -5 -6
leaf_value=-0.029772246799001166 0.032392324689053009 -0.0038645605417163198 0.019816623437869937 0 0
leaf_weight=17.613643646240238 12.75446060299873 42.115759361535311 10.261064007878302 2.4276452064514169 1.7468214482069004
leaf_count=110 43 365 36 10 8
internal_value=0 -0.0070467 0.00105526 0.0280415 -0.0275078
internal_weight=86.9194 71.7373 52.3768 15.1821 19.3605
internal_count=572 519 401 53 118
is_linear=0
shrinkage=0.03


Tree=34
num_leaves=4
num_cat=0
split_feature=4 23 23
split_gain=25.0806 15.1653 5.27148
threshold=1.0000000180025095e-35 0.0063255000000000013 0.51918300000000006
decision_type=10 8 10
left_child=1 -1 -3
right_child=-2 2 -4
leaf_value=-0.027191022844505922 0.031411061963836868 0.0067350923101861804 -0.016411213927882414
leaf_weight=19.496525317430496 16.7987399995327 42.489165972918272 7.6701722592115393
leaf_count=121 58 348 40
internal_value=0.00124599 -0.00661255 0.0019049
internal_weight=86.4546 69.6559 50.1593
internal_count=567 509 388
is_linear=0
shrinkage=0.03


Tree=35
num_leaves=7
num_cat=0
split_feature=25 24 22 22 15 24
split_gain=18.622 10.4914 10.7444 3.00896 1.94366 1.40843
threshold=0.63430900000000012 0.98260900000000007 0.070410000000000014 0.025934500000000003 0.27208550000000004 0.99280350000000006
decision_type=2 2 10 10 10 2
left_child=3 2 -2 5 -3 -1
right_child=1 4 -4 -5 -6 -7
leaf_value=-0.030359971858497703 -0.017873865404853213 0.021878140673277598 0.013865950963418161 0 0 0
leaf_weight=14.620810315012934 17.947463274002075 29.096170432865623 14.164954915642737 3.0427401959896079 2.0960747748613349 1.0907457619905461
leaf_count=148 148 161 52 14 9 7
internal_value=0 0.00823257 -0.00303037 -0.0237453 0.0199537 -0.0282888
internal_weight=82.059 63.3047 32.1124 18.7543 31.1922 15.7116
internal_count=539 370 200 169 170 155
is_linear=0
shrinkage=0.03


Tree=36
num_leaves=5
num_cat=0
split_feature=4 23 25 15
split_gain=17.667 11.8947 6.45834 3.04004
threshold=1.0000000180025095e-35 0.0097775000000000015 0.68028800000000011 0.21584700000000004
decision_type=10 8 2 10
left_child=1 -1 -3 -2
right_child=3 2 -4 -5
leaf_value=-0.027219485649002159 0.03124834766116449 -0.013535429226473751 0.0079275216484446555 0
leaf_weight=16.742806971073151 12.079349249601362 16.523113496601582 32.574777193367481 2.5965428054332724
leaf_count=105 42 169 219 11
internal_value=-0.000350733 -0.00754819 0 0.0260429
internal_weight=80.5166 65.8407 49.0979 14.6759
internal_count=546 493 388 53
is_linear=0
shrinkage=0.03


Tree=37
num_leaves=7
num_cat=0
split_feature=25 24 16 22 16 24
split_gain=20.1734 11.9446 3.77705 3.70136 2.9847 1.40249
threshold=0.6447790000000001 0.97478750000000003 0.21634150000000005 0.044478500000000004 0.39276450000000002 0.99280350000000006
decision_type=2 2 10 10 10 2
left_child=3 2 -2 5 -3 -1
right_child=1 4 -4 -5 -6 -7
leaf_value=-0.030174881876595561 -0.017987232964509412 0.019822500506573606 0.0052409736179970488 0 -0.0036214647668270658 0
leaf_weight=15.958604529500013 12.046691350638868 40.618777927011251 6.3046083301305762 2.7600705474615088 2.2090501934289923 1.0845147222280491
leaf_count=166 103 227 25 12 10 7
internal_value=0.000314376 0.00925356 -0.00898695 -0.0235705 0.0178007 -0.0282538
internal_weight=80.9823 61.1791 18.3513 19.8032 42.8278 17.0431
internal_count=550 365 128 185 237 173
is_linear=0
shrinkage=0.03


Tree=38
num_leaves=6
num_cat=0
split_feature=4 18 24 17 16
split_gain=16.2648 13.208 7.80384 5.9562 1.57218
threshold=1.0000000180025095e-35 0.32362000000000007 0.97216550000000013 0.14858100000000002 0.28833500000000006
decision_type=10 8 2 10 8
left_child=1 3 -3 -1 -2
right_child=4 2 -4 -5 -6
leaf_value=-0.03027478240094187 0.029776584840899581 -0.013484932907017877 0.015492342387003302 -0.0030888241808864751 0
leaf_weight=16.921117186546326 12.044226706027981 8.4875142313539964 23.862790405750275 16.955885529518127 2.506237357854844
leaf_count=101 43 99 207 81 10
internal_value=0 -0.00626181 0.00654193 -0.0188396 0.0260655
internal_weight=80.7778 66.2273 32.3503 33.877 14.5505
internal_count=541 488 306 182 53
is_linear=0
shrinkage=0.03


Tree=39
num_leaves=7
num_cat=0
split_feature=25 24 20 4 22 21
split_gain=17.2799 10.2209 4.57205 4.16001 1.49877 1.43638
threshold=0.65593200000000007 0.96563950000000009 0.28201750000000009 1.0000000180025095e-35 0.040069000000000007 0.062116500000000012
decision_type=2 2 10 10 10 10
left_child=3 5 -3 4 -1 -2
right_child=1 2 -4 -5 -6 -7
leaf_value=-0.027363678773882141 -0.023751925547435299 0.017356465478796615 -0.0034281097491354984 0.0069546892066570292 0 0
leaf_weight=18.206402156502016 5.5436015911400309 44.142340548336506 7.9965038150548926 1.5863757580518711 3.8856530785560599 1.5541220456361768
leaf_count=193 47 259 35 5 19 6
internal_value=0 0.00854489 0.0136116 -0.0203127 -0.0240637 -0.0186896
internal_weight=82.915 59.2366 52.1388 23.6784 22.0921 7.09772
internal_count=564 347 294 217 212 53
is_linear=0
shrinkage=0.03


Tree=40
num_leaves=6
num_cat=0
split_feature=4 24 18 21 15
split_gain=16.4051 13.5544 8.87088 6.19523 2.25381
threshold=1.0000000180025095e-35 0.97844950000000008 0.070755500000000013 0.3197020000000001 0.21584700000000004
decision_type=10 2 8 10 8
left_child=1 3 -3 -1 -2
right_child=4 2 -4 -5 -6
leaf_value=-0.025647020641882345 0.029284473359574136 -0.015530397272632482 0.01437227637847068 0.0085356510625587169 0
leaf_weight=27.737960889935497 12.274925246834751 9.5701123625040037 25.043318923562765 2.7047194689512244 2.883088245987893
leaf_count=243 45 54 184 9 12
internal_value=-0.000281857 -0.00737356 0.00472777 -0.0212197 0.0246922
internal_weight=80.2141 65.0561 34.6134 30.4427 15.158
internal_count=547 490 238 252 57
is_linear=0
shrinkage=0.03


Tree=41
num_leaves=7
num_cat=0
split_feature=25 24 5 16 3 7
split_gain=16.5134 9.21961 4.26223 4.23406 2.43614 2.04456
threshold=0.64842050000000018 0.97677600000000009 1.5000000000000002 0.35946150000000004 1.0000000180025095e-35 8.4887085000000031
decision_type=2 2 10 10 10 10
left_child=2 4 5 -3 -2 -1
right_child=1 3 -4 -5 -6 -7
leaf_value=-0.02704270081238816 -0.012480323121519431 0.018549352532971103 0.0061104166600144724 -0.0076110610309922258 0.0088926447902323239 0
leaf_weight=19.88242360949517 16.997332539409403 37.846103481948376 1.7974126935005177 3.0316961705684653 2.2721008956432334 1.0438152700662602
leaf_count=204 120 212 6 14 8 4
internal_value=-0.000332725 0.00758657 -0.0209007 0.0155377 -0.00775459 -0.0249499
internal_weight=82.8709 60.1472 22.7237 40.8778 19.2694 20.9262
internal_count=568 354 214 226 128 208
is_linear=0
shrinkage=0.03


Tree=42
num_leaves=5
num_cat=0
split_feature=21 8 5 23
split_gain=13.4707 7.60185 9.73863 5.45962
threshold=0.090908500000000017 8.5413945000000009 1.5000000000000002 1.0000000180025095e-35
decision_type=10 10 8 10
left_child=1 2 -1 -2
right_child=3 -3 -4 -5
leaf_value=-0.023693999824265573 -0.008477169649802746 0.019695222114548907 0 0.025895656127711587
leaf_weight=26.882125779986382 2.2573590576648739 4.5946022272109976 31.16905102878809 15.812187507748602
leaf_count=164 12 18 316 54
internal_value=-0.000922046 -0.00791789 -0.0114552 0.0195821
internal_weight=80.7153 62.6458 58.0512 18.0695
internal_count=564 498 480 66
is_linear=0
shrinkage=0.03


Tree=43
num_leaves=7
num_cat=0
split_feature=25 3 4 18 19 20
split_gain=17.6218 5.65187 5.30371 4.18906 3.446 0.870735
threshold=0.6828955000000001 1.0000000180025095e-35 1.0000000180025095e-35 0.32362000000000007 0.14007500000000003 0.25660100000000002
decision_type=2 8 10 10 10 8
left_child=2 4 3 -1 -2 -3
right_child=1 5 -4 -5 -6 -7
leaf_value=-0.024699627456862067 -0.0082221867950544574 0.029121506764716976 0.0097192672331390673 0.0007066059035974536 0.011455775411617505 0.0092069045431384978
leaf_weight=23.520635634660728 13.285611569881441 11.285295695066454 3.1787547171115866 4.4270149469375601 12.275915026664732 14.43510193005204
leaf_count=236 59 43 11 21 47 147
internal_value=0.00102891 0.0119308 -0.0155231 -0.0200274 0.000388429 0.0211185
internal_weight=82.4083 51.2819 31.1264 27.9477 25.5615 25.7204
internal_count=564 296 268 257 106 190
is_linear=0
shrinkage=0.03


Tree=44
num_leaves=7
num_cat=0
split_feature=25 24 25 21 4 21
split_gain=16.6085 5.69581 6.34236 5.97134 3.30059 3.67201
threshold=0.73410850000000016 0.98260900000000007 0.61505200000000004 0.11378600000000001 1.0000000180025095e-35 0.15176500000000001
decision_type=2 2 2 10 10 8
left_child=1 3 -3 -1 5 -2
right_child=4 2 -4 -5 -6 -7
leaf_value=-0.028488285837309436 -0.0076970333635555813 -0.019029042968328715 0.013233474501350879 0.0052343885256703237 0.02671340389769708 0.013228411433171583
leaf_weight=19.277688715606931 8.2200708687305468 6.2767841219902065 10.413069207221268 3.1675975620746604 10.355402722954748 15.776463285088537
leaf_count=193 38 60 59 12 40 126
internal_value=-0.000295561 -0.013561 0 -0.0224941 0.0138892 0.00489031
internal_weight=73.4871 39.1351 16.6899 22.4453 34.3519 23.9965
internal_count=528 324 119 205 204 164
is_linear=0
shrinkage=0.03


Tree=45
num_leaves=5
num_cat=0
split_feature=3 23 23 24
split_gain=15.8456 8.455 6.85461 1.92513
threshold=1.5000000000000002 0.0063255000000000013 0.51918300000000006 0.98595300000000019
decision_type=10 8 8 2
left_child=1 3 -3 -1
right_child=-2 2 -4 -5
leaf_value=-0.029571628269667562 0.028836675001299397 0.013427379361542587 -0.0079052812210265999 -0.0034903234125455086
leaf_weight=10.444261923432352 11.084670186042784 19.614244267344475 30.497869495302439 7.900495119392871
leaf_count=77 43 72 329 44
internal_value=0 -0.00597248 0.00016644 -0.021814
internal_weight=79.5415 68.4569 50.1121 18.3448
internal_count=565 522 401 121
is_linear=0
shrinkage=0.03


Tree=46
num_leaves=5
num_cat=0
split_feature=4 22 23 15
split_gain=14.769 9.59691 2.02875 0.65685
threshold=1.0000000180025095e-35 0.0025770000000000003 0.0074560000000000008 0.17222700000000005
decision_type=10 8 8 8
left_child=1 -1 -3 -2
right_child=3 2 -4 -5
leaf_value=-0.022290673732535564 0.0300493671668897 -0.011188476953663361 0.0052453097622772353 0
leaf_weight=15.890732079744337 11.593740507960316 4.2256356924772254 42.229349229484797 2.6192188411951074
leaf_count=108 44 24 345 11
internal_value=0.00214644 -0.0040506 0.00255582 0.0270411
internal_weight=76.5587 62.3457 46.455 14.213
internal_count=532 477 369 55
is_linear=0
shrinkage=0.03


Tree=47
num_leaves=7
num_cat=0
split_feature=25 24 21 20 5 21
split_gain=13.7916 8.39013 6.1188 3.99599 3.32539 0.086075
threshold=0.63430900000000012 0.97490100000000013 0.12386950000000001 0.23524500000000001 1.5000000000000002 0.14425450000000004
decision_type=2 2 10 10 10 10
left_child=4 2 -2 -3 5 -1
right_child=1 3 -4 -5 -6 -7
leaf_value=-0.025962572407734363 -0.018591177426393688 0.019459692245300496 0.011664104538259874 -0.00070573785896578978 0.0044134181287511093 0
leaf_weight=13.70398852601647 12.329713821411135 34.953638393431902 6.1126425117254248 7.633885294198989 1.2419993877410878 0.84122815728187639
leaf_count=159 105 215 22 33 4 4
internal_value=0.00122961 0.00815798 -0.00693518 0.0153784 -0.020983 -0.0252452
internal_weight=76.8171 61.0299 18.4424 42.5875 15.7872 14.5452
internal_count=542 375 127 248 167 163
is_linear=0
shrinkage=0.03


Tree=48
num_leaves=5
num_cat=0
split_feature=3 23 23 23
split_gain=13.9242 10.6842 4.88724 0.0611601
threshold=1.0000000180025095e-35 0.0074560000000000008 0.51918300000000006 0.48434650000000007
decision_type=10 8 10 8
left_child=1 -1 -3 -2
right_child=3 2 -4 -5
leaf_value=-0.023914053737737917 0.028157889936320107 0.0068288811731080784 -0.015999049457033513 0.0014242881692863873
leaf_weight=16.774049647152424 10.530482172966 38.875449169427156 7.2318771928548804 2.9351000934839258
leaf_count=116 42 332 40 12
internal_value=0.000489339 -0.00532192 0.00187879 0.0254739
internal_weight=76.347 62.8814 46.1073 13.4656
internal_count=542 488 372 54
is_linear=0
shrinkage=0.03


Tree=49
num_leaves=6
num_cat=0
split_feature=4 21 25 17 20
split_gain=13.1583 10.4875 5.13433 1.84493 1.14904
threshold=1.0000000180025095e-35 0.11378600000000001 0.65593200000000007 0.14858100000000002 0.21677400000000005
decision_type=10 8 2 10 8
left_child=1 3 -3 -1 -2
right_child=4 2 -4 -5 -6
leaf_value=-0.025821692909523762 0.027567176912869609 -0.012658493047633191 0.011081425647134881 -0.0061947935746947836 0
leaf_weight=15.986862644553186 10.112571373581883 7.7106285877525798 26.097844682633877 15.355863153934477 2.6563021838665017
leaf_count=102 41 111 206 84 11
internal_value=-0.000517153 -0.00656068 0.00426166 -0.0184605 0.0237982
internal_weight=77.9201 65.1512 33.8085 31.3427 12.7689
internal_count=555 503 317 186 52
is_linear=0
shrinkage=0.03


Tree=50
num_leaves=6
num_cat=0
split_feature=25 4 21 4 23
split_gain=16.6217 4.05546 4.54201 2.46842 1.45473
threshold=0.6828955000000001 1.0000000180025095e-35 0.15176500000000001 1.0000000180025095e-35 0.57592050000000017
decision_type=2 8 10 10 8
left_child=3 2 -2 -1 -3
right_child=1 4 -4 -5 -6
leaf_value=-0.022170700226395702 -0.010194390493524202 0.024901787450171173 0.014115431922170997 0.00060021362541815373 0.0049956156403414415
leaf_weight=26.671160586178306 15.160662651062013 9.3388455510139483 8.0439224094152433 1.9089298844337452 14.007261399179695
leaf_count=264 71 39 28 7 143
internal_value=-0.00258426 0.00793074 0 -0.0197873 0.0160259
internal_weight=75.1308 46.5507 23.2046 28.5801 23.3461
internal_count=552 281 99 271 182
is_linear=0
shrinkage=0.03


Tree=51
num_leaves=7
num_cat=0
split_feature=25 20 4 3 18 17
split_gain=12.5159 5.05433 3.53924 3.26778 2.25053 1.52427
threshold=0.64842050000000018 0.26826050000000007 1.0000000180025095e-35 1.0000000180025095e-35 0.32362000000000007 0.41435450000000001
decision_type=2 10 10 10 10 8
left_child=2 3 4 -2 -1 -3
right_child=1 5 -4 -5 -6 -7
leaf_value=-0.025816550242745716 0.0055795166857248663 -0.014293731635361353 0.0062649013313357338 0.025659437536110091 0 0.0035989253229379218
leaf_weight=16.399717424064882 36.751653928309679 8.0679051429033244 1.5474105775356282 10.163828849792479 2.5674769356846801 1.8309910744428641
leaf_count=189 264 40 5 43 14 8
internal_value=0 0.00750248 -0.0183263 0.0118114 -0.0222798 -0.00859107
internal_weight=77.329 56.8144 20.5146 46.9155 18.9672 9.8989
internal_count=563 355 208 307 203 48
is_linear=0
shrinkage=0.03


Tree=52
num_leaves=5
num_cat=0
split_feature=25 3 22 22
split_gain=10.2605 6.80461 6.7444 0.826357
threshold=0.59491450000000012 1.5000000000000002 0.14302150000000002 0.13270100000000004
decision_type=2 10 8 10
left_child=3 2 -2 -1
right_child=1 -3 -4 -5
leaf_value=-0.025008001967510442 -0.010631864931273197 0.026040117416529934 0.0099193153368296472 0
leaf_weight=9.9315188266336882 23.008424110710621 8.8176172822713834 28.827493235468864 0.92035475373268205
leaf_count=125 118 37 231 5
internal_value=0 0.00545015 0.000167571 -0.0230251
internal_weight=71.5054 60.6535 51.8359 10.8519
internal_count=516 386 349 130
is_linear=0
shrinkage=0.03


Tree=53
num_leaves=7
num_cat=0
split_feature=23 23 3 18 22 17
split_gain=13.3371 7.63287 6.24493 3.5399 2.75363 2.15399
threshold=0.0063255000000000013 0.51918300000000006 1.0000000180025095e-35 0.059432500000000006 0.0047930000000000013 0.48752150000000005
decision_type=8 8 10 10 10 8
left_child=2 4 5 -3 -2 -1
right_child=1 3 -4 -5 -6 -7
leaf_value=-0.030301049222039245 -0.0020465000318217325 0.002788750361962342 0.010004014669347718 -0.018477314473702641 0.021102889651329226 0
leaf_weight=13.552463486790657 2.2031813412904766 24.988576050847772 2.2935585081577292 5.983442857861518 26.40193010866642 1.8945987820625312
leaf_count=101 11 293 11 34 99 11
internal_value=0.000625955 0.00786039 -0.0198454 -0.00170543 0.0183457 -0.0268098
internal_weight=77.3178 59.5771 17.7406 30.972 28.6051 15.4471
internal_count=560 437 123 327 110 112
is_linear=0
shrinkage=0.03


Tree=54
num_leaves=6
num_cat=0
split_feature=4 22 5 24 20
split_gain=13.0457 8.34196 4.66408 2.95504 0.992457
threshold=1.0000000180025095e-35 0.041865000000000006 1.5000000000000002 0.98177350000000008 0.17628800000000003
decision_type=10 8 10 2 8
left_child=1 3 -3 -1 -2
right_child=4 2 -4 -5 -6
leaf_value=-0.029710068872316687 0.028017936550156542 -0.0026728065996158182 0.019729531149902578 -0.0032574823212607783 0
leaf_weight=10.542445436120035 10.454598113894459 33.494231346994638 7.4809517860412589 10.497533351182936 3.0509877800941476
leaf_count=83 44 331 25 60 13
internal_value=3.07136e-05 -0.00564596 0.00180198 -0.0198135 0.024203
internal_weight=75.5207 62.0152 40.9752 21.04 13.5056
internal_count=556 499 356 143 57
is_linear=0
shrinkage=0.03


Tree=55
num_leaves=7
num_cat=0
split_feature=21 24 25 22 24 20
split_gain=11.8237 10.7464 7.46861 1.51415 1.38949 1.83417
threshold=0.11378600000000001 0.98177350000000008 0.61505200000000004 0.025934500000000003 0.9871835000000001 0.026863000000000001
decision_type=10 2 2 8 2 10
left_child=1 3 -3 -1 5 -2
right_child=4 2 -4 -5 -6 -7
leaf_value=-0.028265192802951311 0 -0.018606480700219218 0.01381259683769359 -0.0084575311382201739 0 0.02784921781971612
leaf_weight=9.8837094232440013 2.28699962794781 4.9499648995697525 24.144883956760168 19.591352298855782 2.2958007305860511 11.780271783471106
leaf_count=81 10 57 161 199 10 42
internal_value=0.000243303 -0.00581789 0.00613869 -0.0180208 0.0210281 0.0239777
internal_weight=74.933 58.5699 29.0948 29.4751 16.3631 14.0673
internal_count=560 498 218 280 62 52
is_linear=0
shrinkage=0.03


Tree=56
num_leaves=6
num_cat=0
split_feature=3 2 2 24 15
split_gain=12.3667 8.51248 8.15365 2.12743 0.225869
threshold=1.0000000180025095e-35 0.32575750000000009 1.0000000180025095e-35 0.98850850000000012 0.18423950000000003
decision_type=10 10 10 2 10
left_child=1 2 -1 -3 -2
right_child=4 3 -4 -5 -6
leaf_value=-0.0055426765520661374 0.026608152850183923 -0.027131344264354495 0.021864263197495428 -0.00042790771313477947 0
leaf_weight=35.326879289001226 9.6208567470312101 13.219632402062418 9.9601007401943189 6.1880028545856467 2.2387740015983573
leaf_count=350 42 90 34 38 10
internal_value=-0.00016145 -0.00595413 0.000847631 -0.0211531 0.0242414
internal_weight=76.5542 64.6946 45.287 19.4076 11.8596
internal_count=564 512 384 128 52
is_linear=0
shrinkage=0.03


Tree=57
num_leaves=7
num_cat=0
split_feature=25 24 24 25 2 24
split_gain=11.7812 4.16848 2.48758 4.17709 1.89935 0.79264
threshold=0.68028800000000011 0.95564550000000004 0.98292200000000018 0.61505200000000004 0.17708350000000003 0.93697650000000021
decision_type=2 2 2 2 8 2
left_child=2 -2 5 -4 -3 -1
right_child=1 4 3 -5 -6 -7
leaf_value=0 -0.014562268618527033 0.020506586172684273 -0.015665890449537832 0.014941164261309923 0.0053685321948157335 -0.021633423536279939
leaf_weight=1.3290035128593505 2.1553455963730803 17.58285216987133 5.3006598167121393 4.7147520370781422 28.648538764566183 15.051586128771303
leaf_count=12 19 69 59 25 213 158
internal_value=0.0010924 0.0100593 -0.0136735 0 0.012634 -0.0199776
internal_weight=74.7827 48.3867 26.396 10.0154 46.2314 16.3806
internal_count=555 301 254 84 282 170
is_linear=0
shrinkage=0.03


Tree=58
num_leaves=6
num_cat=0
split_feature=4 18 19 21 23
split_gain=8.82899 6.31163 4.01698 3.43224 0.890316
threshold=1.0000000180025095e-35 0.32362000000000007 0.32199800000000006 0.0076265000000000005 0.40836700000000004
decision_type=10 10 8 10 8
left_child=1 2 -1 -3 -2
right_child=4 3 -4 -5 -6
leaf_value=-0.018808781166690811 0.024325269702928531 -0.0056085849483240536 -0.0010509136469552518 0.022576322190148941 0
leaf_weight=22.229588188230991 8.6694991588592494 2.4843039363622648 28.938595049083233 7.0050679892301559 2.339526131749154
leaf_count=134 38 17 317 23 11
internal_value=-0.000275446 -0.00538796 -0.00993392 0.0132207 0.0208735
internal_weight=71.6666 60.6576 51.1682 9.48937 11.009
internal_count=540 491 451 40 49
is_linear=0
shrinkage=0.03


Tree=59
num_leaves=6
num_cat=0
split_feature=25 21 15 18 22
split_gain=11.5409 4.23395 4.42307 2.805 2.57621
threshold=0.63430900000000012 0.046415500000000005 0.10446600000000002 0.32362000000000007 0.43257100000000004
decision_type=2 8 10 10 8
left_child=3 2 -2 -1 -3
right_child=1 4 -4 -5 -6
leaf_value=-0.023405128060549858 0.0064520184711935082 0.022668665119365345 -0.018764925374193206 0.00193208318882624 0.0036869831393579137
leaf_weight=13.662127550691364 14.856742992997171 15.860984444618223 6.2942015379667273 1.894176773726939 18.922224771231413
leaf_count=172 69 61 37 9 196
internal_value=0.00132452 0.00813089 -0.00120877 -0.0188897 0.0142492
internal_weight=71.4905 55.9342 21.1509 15.5563 34.7832
internal_count=544 363 106 181 257
is_linear=0
shrinkage=0.03


Tree=60
num_leaves=6
num_cat=0
split_feature=4 23 24 23 17
split_gain=9.42689 8.54049 4.0552 2.91375 1.17635
threshold=1.0000000180025095e-35 0.0074560000000000008 0.96426450000000019 0.61503100000000011 0.48752150000000005
decision_type=10 8 2 8 8
left_child=1 4 -3 -2 -1
right_child=3 2 -4 -5 -6
leaf_value=-0.025826636031412102 0.025926782758059087 -0.016258897053945266 0.0052799917538730572 -0.00046235959652259171 0
leaf_weight=12.774219840764996 10.824750483036038 6.4378879703581324 39.713667385280132 2.1112980544567117 2.2662570178508767
leaf_count=103 49 66 315 10 15
internal_value=0 -0.00531373 0.00085609 0.020461 -0.0229028
internal_weight=74.1281 61.192 46.1516 12.936 15.0405
internal_count=558 499 381 59 118
is_linear=0
shrinkage=0.03


Tree=61
num_leaves=7
num_cat=0
split_feature=25 24 21 4 19 18
split_gain=12.0749 7.60736 4.61286 3.11601 2.48065 1.58571
threshold=0.64842050000000018 0.97677600000000009 0.29816800000000004 1.0000000180025095e-35 0.0046685000000000008 0.32362000000000007
decision_type=2 2 10 10 8 10
left_child=3 2 -2 5 -3 -1
right_child=1 4 -4 -5 -6 -7
leaf_value=-0.026060564805012718 -0.014365214536272453 -0.0052457491052184373 0.014018194222489996 0.004194029941827937 0.017184179202182733 0
leaf_weight=14.498131204396492 15.265059109777214 1.4603318572044361 3.5522898584604254 1.4587703645229328 34.886980179697275 1.8335013762116421
leaf_count=184 123 8 12 5 207 11
internal_value=0 0.00734344 -0.00644121 -0.0192833 0.0151893 -0.0232576
internal_weight=72.9551 55.1647 18.8173 17.7904 36.3473 16.3316
internal_count=550 350 135 200 215 195
is_linear=0
shrinkage=0.03


Tree=62
num_leaves=7
num_cat=0
split_feature=25 9 4 19 17 25
split_gain=9.18045 2.91723 2.32621 4.4135 2.15995 0.324048
threshold=0.73410850000000016 8.5431960000000018 1.0000000180025095e-35 0.19383400000000003 0.28953000000000001 0.78033050000000015
decision_type=2 10 8 10 10 2
left_child=1 4 3 -2 -1 -4
right_child=2 -3 5 -5 -6 -7
leaf_value=-0.01745542018333748 -0.014045288892131151 0.0088405050117127577 0 0.014597384480587427 0 0.018454786792292909
leaf_weight=28.244937311857939 6.9012126475572604 2.0033687129616728 3.9145777262747314 6.4748667776584625 6.7047876343131056 13.089692920446394
leaf_count=293 33 9 36 25 36 101
internal_value=-0.00157206 -0.0115628 0.00962844 0 -0.0141292 0.0161044
internal_weight=67.3334 36.9531 30.3804 13.3761 34.9497 17.0043
internal_count=533 338 195 58 329 137
is_linear=0
shrinkage=0.03


Tree=63
num_leaves=7
num_cat=0
split_feature=23 23 3 16 22 24
split_gain=7.9629 6.47004 4.64009 3.69053 2.80709 1.48183
threshold=0.0063255000000000013 0.51918300000000006 1.0000000180025095e-35 0.076416000000000012 0.025934500000000003 0.98926850000000022
decision_type=8 8 10 10 10 2
left_child=2 4 5 -3 -2 -1
right_child=1 3 -4 -5 -6 -7
leaf_value=-0.028106000824515809 0 0.0016910446047130403 0.0090410933528308653 -0.021174549192924684 0.021056874066855181 -0.00035529404565373359
leaf_weight=9.9275982230901736 4.9059916436672237 23.455462776124481 2.1932713538408271 4.8305670469999304 19.830908566713333 4.7412865385413161
leaf_count=86 23 277 12 29 75 32
internal_value=0 0.00603249 -0.0160678 -0.00291093 0.0165494 -0.0224176
internal_weight=69.8851 53.0229 16.8622 28.286 24.7369 14.6689
internal_count=534 404 130 306 98 118
is_linear=0
shrinkage=0.03


Tree=64
num_leaves=5
num_cat=0
split_feature=4 24 23 16
split_gain=9.20533 7.28841 7.18156 0.997132
threshold=1.0000000180025095e-35 0.96563950000000009 0.0063255000000000013 0.22921200000000003
decision_type=10 2 8 10
left_child=1 -1 -3 -2
right_child=3 2 -4 -5
leaf_value=-0.024786717993510114 0.02578331069891994 -0.017683798507285516 0.0070178821198935695 0
leaf_weight=9.4968247935175878 9.1437022835016233 11.08409909904003 38.893490508198738 2.6712786853313437
leaf_count=103 43 89 305 12
internal_value=0.000420401 -0.00423873 0.000282067 0.0220077
internal_weight=71.2894 59.4744 49.9776 11.815
internal_count=552 497 394 55
is_linear=0
shrinkage=0.03


Tree=65
num_leaves=6
num_cat=0
split_feature=3 23 24 24 17
split_gain=8.57179 5.79975 4.6919 2.15997 0.262761
threshold=1.0000000180025095e-35 0.0074560000000000008 0.97140950000000015 0.98595300000000019 0.17935250000000003
decision_type=10 8 2 2 8
left_child=1 3 -3 -1 -2
right_child=4 2 -4 -5 -6
leaf_value=-0.025633421556734304 0.025532231925547814 -0.01051332630464261 0.0083729116380013655 0 0
leaf_weight=7.9782772585749608 9.1344878226518595 13.302483074367045 35.615262884646654 6.2146541476249695 2.0742593258619317
leaf_count=71 43 126 274 39 10
internal_value=0.00195474 -0.00225482 0.0023485 -0.017507 0.0232397
internal_weight=74.3194 63.1107 48.9177 14.1929 11.2087
internal_count=563 510 400 110 53
is_linear=0
shrinkage=0.03


Tree=66
num_leaves=6
num_cat=0
split_feature=4 23 24 23 24
split_gain=9.45085 6.12167 4.83984 2.19397 1.48723
threshold=1.0000000180025095e-35 0.0074560000000000008 0.96563950000000009 0.57592050000000017 0.98926850000000022
decision_type=10 8 2 8 2
left_child=1 4 -3 -2 -1
right_child=3 2 -4 -5 -6
leaf_value=-0.026881314360002385 0.026263369729251699 -0.018426557785325138 0.0052412765981753508 0 0
leaf_weight=8.6923478692769987 9.8730542510747874 6.6142600104212752 36.731990300118923 1.9321468621492393 4.5649593099951735
leaf_count=76 48 77 297 9 31
internal_value=0 -0.00518269 2.34891e-05 0.0215958 -0.0209134
internal_weight=68.4088 56.6036 43.3463 11.8052 13.2573
internal_count=538 481 374 57 107
is_linear=0
shrinkage=0.03


Tree=67
num_leaves=6
num_cat=0
split_feature=4 5 22 22 16
split_gain=8.42569 4.15897 3.89188 1.77875 0.149807
threshold=1.0000000180025095e-35 1.5000000000000002 0.040069000000000007 0.24325000000000002 0.20751850000000002
decision_type=10 8 10 10 10
left_child=1 3 -3 -1 -2
right_child=4 2 -4 -5 -6
leaf_value=-0.016117756811722044 0.024452755165144956 -0.0027167139163718048 0.018989090770705101 0 0
leaf_weight=21.303509451448921 7.9408568441867811 23.548473924398426 6.7427410036325446 6.4786084815859786 1.98405285179615
leaf_count=152 38 277 23 27 9
internal_value=0 -0.00438812 0.00248958 -0.0123734 0.0222647
internal_weight=67.9982 58.0733 30.2912 27.7821 9.92491
internal_count=526 479 300 179 47
is_linear=0
shrinkage=0.03


Tree=68
num_leaves=5
num_cat=0
split_feature=3 23 23 24
split_gain=7.90515 5.46661 3.7296 1.24454
threshold=1.5000000000000002 0.0063255000000000013 0.096218500000000012 0.9925655000000001
decision_type=10 8 8 2
left_child=1 3 -3 -1
right_child=-2 2 -4 -5
leaf_value=-0.021592047789606671 0.023231093927279674 0.017310829041042523 -0.0031606739559768612 0
leaf_weight=13.017316721379755 7.563829854130744 6.697307050228118 42.115677494555712 1.435170330107211
leaf_count=111 38 24 384 7
internal_value=-0.000435501 -0.00464136 0 -0.0190709
internal_weight=70.8293 63.2655 48.813 14.4525
internal_count=564 526 408 118
is_linear=0
shrinkage=0.03


Tree=69
num_leaves=5
num_cat=0
split_feature=3 17 24 5
split_gain=7.50638 5.68116 5.32544 1.75912
threshold=1.5000000000000002 0.11739550000000001 0.97216550000000013 1.5000000000000002
decision_type=10 8 2 10
left_child=1 3 -3 -1
right_child=-2 2 -4 -5
leaf_value=-0.022630062338903138 0.023229642355079311 -0.011700768382866704 0.008211341192847511 0
leaf_weight=12.0703217163682 7.5275526195764533 14.915444139391182 32.497845105826855 5.0445756614208213
leaf_count=93 38 153 266 22
internal_value=0 -0.00398972 0.00102871 -0.0174636
internal_weight=72.0557 64.5282 47.4133 17.1149
internal_count=572 534 419 115
is_linear=0
shrinkage=0.03


Tree=70
num_leaves=5
num_cat=0
split_feature=25 21 15 25
split_gain=8.92856 7.51035 6.38626 1.18379
threshold=0.58551750000000002 0.10762700000000001 0.091057000000000013 0.63430900000000012
decision_type=2 8 10 2
left_child=-1 2 -2 -3
right_child=1 3 -4 -5
leaf_value=-0.023183683099552189 0.0050897061031907566 0 -0.020693256157215189 0.016384975501316956
leaf_weight=8.367961034178732 17.698731601238254 2.7284267842769614 10.873131804168223 30.823024712502956
leaf_count=122 89 34 68 240
internal_value=0.000897734 0.00552071 -0.00480586 0.0148081
internal_weight=70.4913 62.1233 28.5719 33.5515
internal_count=553 431 157 274
is_linear=0
shrinkage=0.03


Tree=71
num_leaves=6
num_cat=0
split_feature=4 24 17 22 23
split_gain=7.5108 6.71309 6.89833 3.68554 3.01508
threshold=1.0000000180025095e-35 0.98260900000000007 0.11739550000000001 0.057707000000000001 0.68426300000000007
decision_type=10 2 8 10 8
left_child=1 3 -3 -1 -2
right_child=4 2 -4 -5 -6
leaf_value=-0.019072131013540727 0.025811759664743906 -0.012981683574695533 0.015948113187909611 0 -0.0014333768526707429
leaf_weight=22.74601798132062 9.5337620079517329 7.5551217123866108 18.765656486153603 11.828441545367239 1.9878447502851493
leaf_count=262 48 49 155 55 10
internal_value=0 -0.00417263 0.00614233 -0.012687 0.0197202
internal_weight=72.4168 60.8952 26.3208 34.5745 11.5216
internal_count=579 521 204 317 58
is_linear=0
shrinkage=0.03


Tree=72
num_leaves=7
num_cat=0
split_feature=25 2 4 2 4 22
split_gain=7.3583 4.50642 2.82661 2.57584 1.32067 1.5562
threshold=0.6447790000000001 0.32575750000000009 1.0000000180025095e-35 1.0000000180025095e-35 1.0000000180025095e-35 0.057707000000000001
decision_type=2 10 8 10 10 10
left_child=4 3 -3 -2 5 -1
right_child=1 2 -4 -5 -6 -7
leaf_value=-0.023252885298767182 0.0033569890439450059 -0.014325082265641869 0.0096173623328149136 0.021881156449760179 0 0
leaf_weight=12.139614388346667 30.234990172088146 12.333483614027497 2.2930124253034601 9.4366486817598325 0.82941959798336107 1.6725683733820922
leaf_count=177 256 70 13 35 3 10
internal_value=-0.000545919 0.00427499 -0.00787159 0.00969491 -0.0178114 -0.0200897
internal_weight=68.9397 54.2981 14.6265 39.6716 14.6416 13.8122
internal_count=564 374 83 291 190 187
is_linear=0
shrinkage=0.03


Tree=73
num_leaves=7
num_cat=0
split_feature=25 24 21 23 5 15
split_gain=10.4492 6.73419 2.90962 2.01116 1.65334 1.10769
threshold=0.6447790000000001 0.97326400000000013 0.12386950000000001 0.72916550000000013 1.5000000000000002 0.29173650000000007
decision_type=2 2 10 10 10 10
left_child=4 2 -2 -3 5 -1
right_child=1 3 -4 -5 -6 -7
leaf_value=-0.023803684058820239 -0.017054361903371628 0.01496960319869578 0.0041963377754277607 -0.0035438214824307776 0 0
leaf_weight=13.520314890891308 9.6219729445874673 37.7433344386518 5.7133196592330924 2.041267365217208 0.83349449932575304 0.72076487541198808
leaf_count=188 95 242 23 10 3 4
internal_value=1.12375e-05 0.00659586 -0.00810981 0.0131366 -0.0195041 -0.0220251
internal_weight=70.1945 55.1199 15.3353 39.7846 15.0746 14.2411
internal_count=565 370 118 252 195 192
is_linear=0
shrinkage=0.03


Tree=74
num_leaves=6
num_cat=0
split_feature=25 4 18 23 18
split_gain=7.05696 3.71157 2.97847 1.98828 1.10884
threshold=0.58551750000000002 1.0000000180025095e-35 0.32362000000000007 0.57592050000000017 0.32362000000000007
decision_type=2 10 8 8 10
left_child=4 2 -2 -3 -1
right_child=1 3 -4 -5 -6
leaf_value=-0.02318928039373952 -0.0062697416846561318 0.023750111534479725 0.0075629124821157048 0 0
leaf_weight=7.6366899721324426 22.701166033744812 9.0521811246871913 26.553112346678972 1.8937531262636191 0.73064392805099476
leaf_count=119 120 46 255 9 5
internal_value=0.000908034 0.00516872 0.000619431 0.0189515 -0.020381
internal_weight=68.5675 60.2002 49.2543 10.9459 8.36733
internal_count=554 430 375 55 124
is_linear=0
shrinkage=0.03


Tree=75
num_leaves=6
num_cat=0
split_feature=25 4 5 23 22
split_gain=7.22341 4.53498 3.05817 2.60317 1.17441
threshold=0.58551750000000002 1.0000000180025095e-35 1.5000000000000002 0.72916550000000013 0.13270100000000004
decision_type=2 8 10 8 10
left_child=4 2 -2 -3 -1
right_child=1 3 -4 -5 -6
leaf_value=-0.02298851940827127 -0.0085143003770039877 0.02543619121669901 0.009191846202903255 0.0045244061017746945 0
leaf_weight=7.6163850836455804 20.840660944581035 9.3265452831983584 10.088599264621733 21.12384944781661 0.60256343334913243
leaf_count=121 119 49 39 237 3
internal_value=0.0015701 0.00574729 -0.00155259 0.0135331 -0.0201464
internal_weight=69.5986 61.3797 30.9293 30.4504 8.21895
internal_count=568 444 158 286 124
is_linear=0
shrinkage=0.03


Tree=76
num_leaves=5
num_cat=0
split_feature=3 23 22 15
split_gain=7.04111 4.90189 2.58923 0.610868
threshold=1.0000000180025095e-35 0.0074560000000000008 0.025934500000000003 0.18423950000000003
decision_type=10 8 8 8
left_child=1 -1 -3 -2
right_child=3 2 -4 -5
leaf_value=-0.018874985230480944 0.023569006478751334 -0.013987341401121987 0.0039470181189970787 0
leaf_weight=11.836193189024923 7.8100562393665287 5.5406983047723761 39.833733383566141 1.798993885517121
leaf_count=104 41 32 360 10
internal_value=2.63434e-05 -0.00382705 0.000405252 0.0208
internal_weight=66.8197 57.2106 45.3744 9.60905
internal_count=547 496 392 51
is_linear=0
shrinkage=0.03


Tree=77
num_leaves=7
num_cat=0
split_feature=25 21 15 7 5 15
split_gain=6.79716 2.97554 3.06412 1.44479 1.59465 1.4377
threshold=0.63430900000000012 0.09775600000000001 0.093522500000000022 8.6832670000000025 1.5000000000000002 0.095590000000000022
decision_type=2 10 10 10 10 10
left_child=3 2 -2 4 -1 -3
right_child=1 5 -4 -5 -6 -7
leaf_value=-0.023064155486757908 0.0044289783488545027 0 -0.01385754038950562 0 0 0.018981865436518246
leaf_weight=11.258972644805903 31.9963802061975 3.1871623843908301 7.7858836725354186 0.73933654278516847 0.81967259943485338 11.542224392294882
leaf_count=165 274 15 45 3 3 47
internal_value=0 0.00469514 0 -0.0175097 -0.0201955 0.0149183
internal_weight=67.3296 54.5117 39.7823 12.818 12.0786 14.7294
internal_count=552 381 319 171 168 62
is_linear=0
shrinkage=0.03


Tree=78
num_leaves=5
num_cat=0
split_feature=3 18 22 17
split_gain=5.73753 5.03589 3.5904 3.31379
threshold=1.5000000000000002 0.29475650000000003 0.057707000000000001 0.14470000000000002
decision_type=10 8 10 10
left_child=1 3 -3 -1
right_child=-2 2 -4 -5
leaf_value=-0.023426255965615921 0.019925288887638684 -0.0026668611873326515 0.018985177701433511 -0.00093970862408333084
leaf_weight=14.096029110252859 5.7209966331720343 23.443559248000387 5.8307361230254164 13.975727356970308
leaf_count=106 32 282 22 80
internal_value=-0.00220304 -0.00578855 0.00208004 -0.0143683
internal_weight=63.067 57.3461 29.2743 28.0718
internal_count=522 490 304 186
is_linear=0
shrinkage=0.03


Tree=79
num_leaves=6
num_cat=0
split_feature=4 23 18 15 15
split_gain=7.001 6.9581 4.05223 2.64814 0.0907948
threshold=1.0000000180025095e-35 0.0063255000000000013 0.14532350000000002 0.22672900000000004 0.25994750000000005
decision_type=10 8 10 8 10
left_child=1 4 -3 -2 -1
right_child=3 2 -4 -5 -6
leaf_value=-0.024770125490495364 0.023558149127874975 -0.0058365699666679824 0.012127559656948667 -0.0016019603510805704 0
leaf_weight=10.562045544385908 9.1702975928783381 30.965288914740086 13.92957156896591 1.9484643638134009 1.3971585407853115
leaf_count=105 49 332 58 10 9
internal_value=-0.000918953 -0.00574736 0 0.0176207 -0.0234689
internal_weight=67.9728 56.8541 44.8949 11.1188 11.9592
internal_count=563 504 390 59 114
is_linear=0
shrinkage=0.03


Tree=80
num_leaves=7
num_cat=0
split_feature=21 23 4 18 16 22
split_gain=7.21153 3.078 2.8143 3.19122 2.56636 1.15562
threshold=0.090908500000000017 0.034814500000000005 1.0000000180025095e-35 0.14532350000000002 0.17732900000000004 0.36700350000000009
decision_type=10 10 8 10 8 8
left_child=2 -2 3 -1 -4 -3
right_child=1 5 4 -5 -6 -7
leaf_value=-0.021397336863832817 -0.0039354943848590555 0.023316455647110598 0.01638594523075448 0 -0.0042488040405662727 0
leaf_weight=14.042423173785211 2.9241064861416843 11.408346414566036 3.9035258442163494 9.3626473657786828 22.267249122262001 2.5241303592920312
leaf_count=113 18 46 22 55 286 11
internal_value=-0.000564904 0.0143952 -0.00675332 -0.013665 0 0.0200297
internal_weight=66.4324 16.8566 49.5758 23.4051 26.1708 13.9325
internal_count=551 75 476 168 308 57
is_linear=0
shrinkage=0.03


Tree=81
num_leaves=6
num_cat=0
split_feature=4 15 25 18 23
split_gain=5.05354 5.23826 3.07588 3.06187 2.57733
threshold=1.0000000180025095e-35 0.17807550000000003 0.67342200000000008 0.32362000000000007 0.48434650000000007
decision_type=10 8 2 10 8
left_child=1 3 -3 -1 -2
right_child=4 2 -4 -5 -6
leaf_value=-0.020299318313188777 0.022187452612397782 -0.0088289640418577238 0.0085794973022171161 0.00050930214197967584 -0.0028247396259186348
leaf_weight=17.72729325294495 8.3451599329709971 9.9311649575829488 23.491202011704445 5.1011140197515479 1.7788671851158149
leaf_count=137 47 148 195 26 9
internal_value=-0.000508693 -0.00461617 0.00228191 -0.0149689 0.0158656
internal_weight=66.3748 56.2508 33.4224 22.8284 10.124
internal_count=562 506 343 163 56
is_linear=0
shrinkage=0.03


Tree=82
num_leaves=5
num_cat=0
split_feature=25 24 21 9
split_gain=6.30318 4.40382 3.10867 0.662691
threshold=0.58551750000000002 0.96426450000000019 0.10762700000000001 8.4592630000000018
decision_type=2 2 8 10
left_child=-1 3 -3 -2
right_child=1 2 -4 -5
leaf_value=-0.021028196691865637 -0.017382320905387653 0 0.013594502153287624 0
leaf_weight=7.3815569728612891 5.1894310638308516 23.666960500180721 29.289260759949684 1.0223750621080396
leaf_count=122 58 130 241 5
internal_value=0.00016256 0.00417596 0.00752623 -0.0142782
internal_weight=66.5496 59.168 52.9562 6.21181
internal_count=556 434 371 63
is_linear=0
shrinkage=0.03


Tree=83
num_leaves=6
num_cat=0
split_feature=4 18 24 15 24
split_gain=6.14586 4.70434 3.50178 3.05063 2.63846
threshold=1.0000000180025095e-35 0.12250800000000002 0.98160350000000007 0.23709800000000003 0.98868000000000011
decision_type=10 8 2 8 2
left_child=1 4 -3 -2 -1
right_child=3 2 -4 -5 -6
leaf_value=-0.02223976362544075 0.025036698202092905 -0.0055760986606965286 0.011073964497076471 -0.0025328563265562412 0
leaf_weight=11.329081665724518 9.1638666614890063 19.35457356646657 18.38191083073616 1.8448474407196052 5.3398096710443488
leaf_count=89 50 205 156 10 37
internal_value=0.000583918 -0.00335027 0.00201616 0.018722 -0.015479
internal_weight=65.4141 54.4054 37.7365 11.0087 16.6689
internal_count=547 487 361 60 126
is_linear=0
shrinkage=0.03


Tree=84
num_leaves=5
num_cat=0
split_feature=3 24 17 21
split_gain=5.56771 4.52508 3.91769 0.588579
threshold=1.5000000000000002 0.96563950000000009 0.11739550000000001 0.14425450000000004
decision_type=10 2 8 10
left_child=1 3 -3 -1
right_child=-2 2 -4 -5
leaf_value=-0.020253255765253046 0.02151729027406326 -0.010504296285177942 0.0064317441145804325 0
leaf_weight=9.1336701996624452 6.923025168478488 14.178384467959402 37.528679016977549 1.4785583838820446
leaf_count=107 42 99 320 7
internal_value=0.000244897 -0.00253868 0.00091804 -0.0180755
internal_weight=69.2423 62.3193 51.7071 10.6122
internal_count=575 533 419 114
is_linear=0
shrinkage=0.03


Tree=85
num_leaves=7
num_cat=0
split_feature=25 24 20 21 22 21
split_gain=5.48535 4.63646 2.49243 2.333 1.91553 0.536541
threshold=0.68518000000000012 0.97844950000000008 0.23524500000000001 0.21124200000000004 0.046885500000000004 0.07012800000000001
decision_type=2 2 10 10 10 10
left_child=4 3 -3 -2 5 -1
right_child=1 2 -4 -5 -6 -7
leaf_value=-0.016414571812747674 -0.013486482054146187 0.017013642769180794 -0.001025224645350905 0.007073932124035189 0 0
leaf_weight=16.834436483681209 9.8780283667147142 23.376213140785698 4.8592765033245078 3.5881453901529303 6.1197131127119055 0.8824068084359159
leaf_count=233 85 168 23 15 30 5
internal_value=0 0.00634479 0.0131484 -0.00589543 -0.0108122 -0.0153184
internal_weight=65.5382 41.7017 28.2355 13.4662 23.8366 17.7168
internal_count=559 291 191 100 268 238
is_linear=0
shrinkage=0.03


Tree=86
num_leaves=6
num_cat=0
split_feature=4 21 18 20 17
split_gain=5.51705 5.83323 3.69632 1.85943 1.67409
threshold=1.0000000180025095e-35 0.0011505000000000003 0.32362000000000007 0.17628800000000003 0.41435450000000001
decision_type=10 8 10 8 8
left_child=1 4 -3 -2 -1
right_child=3 2 -4 -5 -6
leaf_value=-0.022495241205784416 0.023541948320710319 -0.0015339461492022801 0.018558466013761359 0 0
leaf_weight=11.063600528985258 7.9764315485954258 35.149683281779289 7.0053025037050238 2.620300993323327 3.1809734478592882
leaf_count=107 46 343 26 14 23
internal_value=0.000442846 -0.00309548 0.00215178 0.0180093 -0.0180366
internal_weight=66.9963 56.3996 42.155 10.5967 14.2446
internal_count=559 499 369 60 130
is_linear=0
shrinkage=0.03


Tree=87
num_leaves=6
num_cat=0
split_feature=4 23 2 20 19
split_gain=5.00734 4.73221 2.74317 2.20691 1.93497
threshold=1.0000000180025095e-35 0.0097775000000000015 0.32575750000000009 0.22530800000000004 0.32199800000000006
decision_type=10 8 8 8 8
left_child=1 4 -3 -2 -1
right_child=3 2 -4 -5 -6
leaf_value=-0.021187001415260597 0.024030572045715005 0.012167514249023665 -0.0017340501311154024 0 0
leaf_weight=9.449280790984627 8.6791302561759913 16.377941526472569 27.779473405331373 1.84244553744793 4.0969456955790529
leaf_count=89 52 66 319 9 33
internal_value=0.00215884 -0.00115123 0.0032319 0.0187587 -0.0152477
internal_weight=68.2252 57.7036 44.1574 10.5216 13.5462
internal_count=568 507 385 61 122
is_linear=0
shrinkage=0.03


Tree=88
num_leaves=7
num_cat=0
split_feature=25 4 18 5 3 20
split_gain=5.98807 2.85631 2.82317 2.42337 1.44819 0.238997
threshold=0.69210750000000021 1.0000000180025095e-35 0.29475650000000003 1.5000000000000002 2.5000000000000004 0.24846600000000005
decision_type=2 8 10 10 10 10
left_child=3 2 -2 4 -1 -3
right_child=1 5 -4 -5 -6 -7
leaf_value=-0.017513850692359476 -0.010092080875337259 0.013943857321770189 0.011098437100534356 0.0036799076762366587 0.00058337772280279152 0
leaf_weight=20.553451180458076 11.936021886765959 19.322475213557485 5.5439000874757758 3.4389760494232169 0.86098210513591666 1.0626629889011372
leaf_count=262 61 187 23 13 4 5
internal_value=-0.000637365 0.00623216 -0.00126522 -0.0117244 -0.0155752 0.0132815
internal_weight=62.7185 37.8651 17.4799 24.8534 21.4144 20.3851
internal_count=555 276 84 279 266 192
is_linear=0
shrinkage=0.03


Tree=89
num_leaves=5
num_cat=0
split_feature=3 23 18 18
split_gain=5.2736 3.64114 4.93521 0.600056
threshold=1.5000000000000002 0.51918300000000006 0.29475650000000003 0.070755500000000013
decision_type=10 10 10 10
left_child=1 2 -1 -3
right_child=-2 3 -4 -5
leaf_value=-0.0043478986706113817 0.020512393158366293 0 0.018067931646794589 -0.023515982787825969
leaf_weight=45.206065688282251 6.5278229564428321 1.8854497149586666 7.8144765719771376 5.23580202460289
leaf_count=443 43 10 34 34
internal_value=0 -0.00341722 0 -0.0199155
internal_weight=66.6696 60.1418 53.0205 7.12125
internal_count=564 521 477 44
is_linear=0
shrinkage=0.03


Tree=90
num_leaves=7
num_cat=0
split_feature=25 24 2 16 24 25
split_gain=6.99133 2.70063 1.97065 1.91025 0.9563 0.983069
threshold=0.68518000000000012 0.97844950000000008 0.21363650000000003 0.43249750000000003 0.92620250000000015 0.59491450000000012
decision_type=2 2 10 10 2 2
left_child=4 2 -2 -3 -1 -6
right_child=1 3 -4 -5 5 -7
leaf_value=0 0.0033280497941099376 0.014770115632843143 -0.016284305748538459 -0.0039339000037993052 -0.021974146467862075 -0.0044895465846744535
leaf_weight=0.75248872861266392 10.38792012259364 26.455963794142011 3.3083363249897948 1.7641445249319065 7.931754574179652 14.940707739442585
leaf_count=6 78 181 23 9 139 131
internal_value=0 0.00730591 -0.00168728 0.0123743 -0.0120947 -0.0135573
internal_weight=65.5413 41.9164 13.6963 28.2201 23.625 22.8725
internal_count=567 291 101 190 276 270
is_linear=0
shrinkage=0.03


Tree=91
num_leaves=6
num_cat=0
split_feature=4 18 2 19 23
split_gain=5.66295 6.70476 3.65668 1.44332 0.766193
threshold=1.0000000180025095e-35 0.12250800000000002 0.47222200000000009 0.1901245 0.51918300000000006
decision_type=10 8 8 10 8
left_child=1 3 -3 -1 -2
right_child=4 2 -4 -5 -6
leaf_value=-0.02266233002315254 0.022641348916568466 0.014651322481720609 -0.00251750984661795 0 0
leaf_weight=11.185643881559374 7.3654182329773876 14.038989685475824 24.599671389907598 6.4157585203647605 1.9979145228862769
leaf_count=94 45 60 307 39 10
internal_value=0.000555036 -0.00288694 0.00360629 -0.0170466 0.0193394
internal_weight=65.6034 56.2401 38.6387 17.6014 9.36333
internal_count=555 500 367 133 55
is_linear=0
shrinkage=0.03


Tree=92
num_leaves=5
num_cat=0
split_feature=25 24 20 4
split_gain=5.59678 4.86137 1.33875 1.10309
threshold=0.58551750000000002 0.96563950000000009 0.019577000000000004 1.0000000180025095e-35
decision_type=2 2 8 10
left_child=-1 3 -3 -2
right_child=1 2 -4 -5
leaf_value=-0.019698300828219002 -0.016864689172786537 -0.0016285661639659432 0.010237499766866505 0
leaf_weight=6.712046153843402 6.8223295435309401 4.4613285139203063 45.53626736626029 1.1132690161466596
leaf_count=122 69 29 329 5
internal_value=0.000932722 0.00466749 0.00858037 -0.0128327
internal_weight=64.6452 57.9332 49.9976 7.9356
internal_count=554 432 358 74
is_linear=0
shrinkage=0.03


Tree=93
num_leaves=7
num_cat=0
split_feature=21 4 20 25 17 20
split_gain=4.0499 3.16534 1.62372 1.61529 1.24312 0.74863
threshold=0.090908500000000017 1.5000000000000002 0.28201750000000009 0.60664700000000005 0.35547150000000005 0.027939500000000003
decision_type=10 8 10 2 10 10
left_child=1 4 5 -3 -1 -2
right_child=2 3 -4 -5 -6 -7
leaf_value=-0.014064820710620891 0 -0.0086179114926679002 -0.00056512494187528606 0.0073007201424399601 0 0.0190397170637744
leaf_weight=19.383215509355072 2.5822475254535702 3.4766081534326103 2.5248970836400977 20.081616461277008 5.8060375414788714 10.967311091721056
leaf_count=144 13 78 12 223 38 51
internal_value=0.000201804 -0.0037242 0.0123938 0.00311382 -0.0108345 0.0162861
internal_weight=64.8219 48.7475 16.0745 23.5582 25.1893 13.5496
internal_count=559 483 76 301 182 64
is_linear=0
shrinkage=0.03


Tree=94
num_leaves=6
num_cat=0
split_feature=3 21 16 25 17
split_gain=4.90406 4.16539 2.40323 2.35308 1.16445
threshold=1.0000000180025095e-35 0.11378600000000001 0.28833500000000006 0.68028800000000011 0.18423100000000001
decision_type=10 8 10 2 10
left_child=1 2 -1 -3 -2
right_child=4 3 -4 -5 -6
leaf_value=-0.019719095912555051 0.020464290398892741 -0.0091312628922766443 0 0.0067745672569111846 0
leaf_weight=17.000450819730762 6.1213935017585746 9.0155859030783194 6.9637886434793463 21.839479524642229 1.6812075749039648
leaf_count=142 37 143 44 177 10
internal_value=-0.00194256 -0.00571639 -0.0144294 0.000843574 0.0160186
internal_weight=62.6219 54.8193 23.9642 30.8551 7.8026
internal_count=553 506 186 320 47
is_linear=0
shrinkage=0.03


Tree=95
num_leaves=7
num_cat=0
split_feature=24 25 21 17 25 21
split_gain=5.01543 3.6835 1.7226 1.66849 1.21834 0.350444
threshold=0.97216550000000013 0.59491450000000012 0.12386950000000001 0.11739550000000001 0.51633300000000004 0.062116500000000012
decision_type=2 2 10 8 2 10
left_child=2 5 4 -3 -1 -2
right_child=1 3 -4 -5 -6 -7
leaf_value=0 -0.015898917122449681 0 0 0.011795340470404312 -0.020349709340682226 0
leaf_weight=1.1108876280486608 3.9276055954396716 13.056465730071066 3.7604902386665335 28.929108198732138 11.729180812835692 0.657139092683792
leaf_count=15 72 76 17 224 143 3
internal_value=-1.18367e-05 0.00462695 -0.0132722 0.0080851 -0.017772 -0.0137583
internal_weight=63.1709 46.5703 16.6006 41.9856 12.8401 4.58474
internal_count=550 375 175 300 158 75
is_linear=0
shrinkage=0.03


Tree=96
num_leaves=7
num_cat=0
split_feature=22 23 2 16 13 23
split_gain=3.27203 1.73748 2.40121 1.4891 1.11277 0.221076
threshold=0.0025770000000000003 0.51918300000000006 0.32575750000000009 0.091423500000000005 1.0000000180025095e-35 0.82863950000000008
decision_type=8 8 10 10 8 10
left_child=4 2 -2 -3 5 -1
right_child=1 3 -4 -5 -6 -7
leaf_value=-0.017222705970688146 0.014396849540011034 0.00091595689645427322 -0.0014696308472367556 -0.014909697010361444 0 0
leaf_weight=9.0262036025524086 17.396492660045627 22.839091867208484 8.6566981822252256 3.1567765101790419 1.6397391781210906 1.1297244206070907
leaf_count=100 82 295 47 19 11 7
internal_value=0 0.00324049 0.00848493 -0.00131495 -0.0126477 -0.0160008
internal_weight=63.8447 52.0491 26.0532 25.9959 11.7957 10.1559
internal_count=561 443 129 314 118 107
is_linear=0
shrinkage=0.03


Tree=97
num_leaves=5
num_cat=0
split_feature=3 22 18 24
split_gain=4.13439 3.30897 4.49095 3.40568
threshold=1.5000000000000002 0.040069000000000007 0.29475650000000003 0.98177350000000008
decision_type=10 8 10 2
left_child=1 3 -3 -1
right_child=-2 2 -4 -5
leaf_value=-0.023642418522048864 0.019523270053223945 -0.0022628912307310961 0.020568658998524426 0
leaf_weight=8.0634216852486151 5.8806595280766478 31.437029592692852 6.59817200154066 10.849339559674261
leaf_count=85 40 330 26 67
internal_value=2.19622e-05 -0.00236762 0.00218091 -0.0119304
internal_weight=62.8286 56.948 38.0352 18.9128
internal_count=548 508 356 152
is_linear=0
shrinkage=0.03


Tree=98
num_leaves=7
num_cat=0
split_feature=21 2 2 20 20 20
split_gain=2.36602 3.12314 4.39006 2.12155 1.35226 0.476121
threshold=1.0000000180025095e-35 1.0000000180025095e-35 0.58947350000000009 0.22530800000000004 0.020705500000000005 0.52462600000000015
decision_type=8 10 10 10 10 8
left_child=3 5 -3 4 -1 -2
right_child=1 2 -4 -5 -6 -7
leaf_value=-0.009553837052793333 -0.0057353149311497788 0.020766602127767816 -0.0081903630278330562 -0.020071816050072203 0.0079396839833234274 0.00089137056605405611
leaf_weight=3.8965944088995439 9.8579691872000712 13.936260588467123 2.9400654807686797 4.7292462810873976 6.3204166926443577 21.526125758886337
leaf_count=49 57 56 20 50 39 276
internal_value=0.000666804 0.00431473 0.0137378 -0.00819267 0 -0.000636417
internal_weight=63.2067 48.2604 16.8763 14.9463 10.217 31.3841
internal_count=547 409 76 138 88 333
is_linear=0
shrinkage=0.03


Tree=99
num_leaves=5
num_cat=0
split_feature=3 17 24 4
split_gain=4.5777 4.66855 2.04856 1.05307
threshold=1.5000000000000002 0.11094900000000001 0.98177350000000008 1.0000000180025095e-35
decision_type=10 8 2 8
left_child=1 3 -3 -1
right_child=-2 2 -4 -5
leaf_value=-0.020916879368936436 0.018479834548267519 -0.0052422470051721008 0.0070827871239624212 0
leaf_weight=11.953094974160191 5.4488672241568556 23.85795683786273 19.039300132542849 1.4148712605237967
leaf_count=102 39 243 164 8
internal_value=-0.0015633 -0.00484772 0 -0.0184876
internal_weight=61.7141 56.2652 42.8973 13.368
internal_count=556 517 407 110
is_linear=0
shrinkage=0.03


Tree=100
num_leaves=6
num_cat=0
split_feature=4 19 18 15 25
split_gain=4.72391 4.66091 2.9908 2.15337 2.12529
threshold=1.0000000180025095e-35 0.12293150000000001 0.32362000000000007 0.21584700000000004 0.65221600000000013
decision_type=10 8 10 8 2
left_child=1 2 -1 -2 -3
right_child=3 4 -4 -5 -6
leaf_value=-0.022098459906521345 0.022676529962022948 -0.0082381231505414751 0.0036693558085932427 -0.00054665736945234695 0.0059835737765424214
leaf_weight=12.203155014663933 7.6856185123324368 9.4506936185061914 2.021134451031684 1.6794262677431113 29.2795065715909
leaf_count=98 50 145 9 9 244
internal_value=0 -0.0035201 -0.016694 0.0169635 0.00145162
internal_weight=62.3195 52.9545 14.2243 9.36504 38.7302
internal_count=555 496 107 59 389
is_linear=0
shrinkage=0.03


Tree=101
num_leaves=7
num_cat=0
split_feature=24 18 4 23 21 24
split_gain=3.53909 2.16829 4.5445 1.70198 1.69252 0.856628
threshold=0.97140950000000015 0.11929350000000001 1.0000000180025095e-35 0.57592050000000017 0.13168750000000004 0.92235000000000011
decision_type=2 8 10 8 10 2
left_child=4 2 -2 -3 5 -1
right_child=1 3 -4 -5 -6 -7
leaf_value=0 -0.014122234987093219 0.015262955990409586 0.013407892562886362 0 0.0004686725643964366 -0.018114031183798285
leaf_weight=0.64620586112141509 11.655216719955208 13.47548880428076 4.9177333414554587 16.097925677895546 3.1366414949297896 11.845179080963133
leaf_count=4 91 58 33 197 15 154
internal_value=-0.000244872 0.00352587 -0.00361746 0.00841448 -0.0117643 -0.0162685
internal_weight=61.7744 46.1464 16.573 29.5734 15.628 12.4914
internal_count=552 379 124 255 173 158
is_linear=0
shrinkage=0.03


Tree=102
num_leaves=5
num_cat=0
split_feature=25 24 17 25
split_gain=5.12906 3.58276 1.42171 0.675298
threshold=0.63430900000000012 0.96563950000000009 0.11739550000000001 0.88629250000000004
decision_type=2 2 8 2
left_child=-1 3 -3 -2
right_child=1 2 -4 -5
leaf_value=-0.016833372984268413 -0.016819503280042402 0 0.010230080747741382 0
leaf_weight=10.961695484817026 4.624765418469905 13.695393413305281 31.575355440378189 1.1526086330413816
leaf_count=181 50 80 242 8
internal_value=-0.000240353 0.00350423 0.00696092 -0.0132855
internal_weight=62.0098 51.0481 45.2707 5.77737
internal_count=561 380 322 58
is_linear=0
shrinkage=0.03


Tree=103
num_leaves=5
num_cat=0
split_feature=3 22 19 19
split_gain=3.5011 3.23547 2.17336 0.502009
threshold=1.5000000000000002 0.040069000000000007 0.11450050000000002 0.019205000000000003
decision_type=10 8 10 10
left_child=1 3 -3 -1
right_child=-2 2 -4 -5
leaf_value=0 0.017538824924101571 -0.0027773992574904229 0.011413593583139345 -0.016198327288187001
leaf_weight=4.6165503188967731 5.0530297532677642 28.323173403739929 10.39775614440441 12.322249311953781
leaf_count=53 38 326 46 97
internal_value=-0.000464327 -0.00342354 0.000860949 -0.0133781
internal_weight=60.7128 55.6597 38.7209 16.9388
internal_count=560 522 372 150
is_linear=0
shrinkage=0.03


Tree=104
num_leaves=5
num_cat=0
split_feature=3 2 2 21
split_gain=5.24488 4.15377 4.61321 0.254885
threshold=1.5000000000000002 1.0000000180025095e-35 0.32575750000000009 0.29816800000000004
decision_type=10 8 8 8
left_child=1 3 -3 -1
right_child=-2 2 -4 -5
leaf_value=-0.020764204723912844 0.019844784583668919 0.018796319300940001 -0.0043380312654683582 0
leaf_weight=8.7841498516499961 6.2253296077251425 6.6024715304374686 37.349865797907114 2.0487230122089395
leaf_count=63 45 25 416 9
internal_value=-0.000633113 -0.00438868 0 -0.0187273
internal_weight=61.0105 54.7852 43.9523 10.8329
internal_count=558 513 441 72
is_linear=0
shrinkage=0.03


Tree=105
num_leaves=5
num_cat=0
split_feature=3 17 24 4
split_gain=3.61064 3.54386 2.76558 1.42477
threshold=1.5000000000000002 0.11094900000000001 0.96426450000000019 1.0000000180025095e-35
decision_type=10 8 2 8
left_child=1 3 -3 -1
right_child=-2 2 -4 -5
leaf_value=-0.018967607695997479 0.017775830123231598 -0.01292869991301253 0.0044887474733660542 0
leaf_weight=11.313400268554684 5.1563729271292678 7.1473539322614661 36.649790525436401 1.7270904332399375
leaf_count=99 39 86 328 9
internal_value=-0.0004199 -0.00338044 0.000358693 -0.0155271
internal_weight=61.994 56.8376 43.7971 13.0405
internal_count=561 522 414 108
is_linear=0
shrinkage=0.03


Tree=106
num_leaves=7
num_cat=0
split_feature=24 21 25 2 4 19
split_gain=4.74521 6.93143 2.75603 2.53116 1.86404 0.233552
threshold=0.98177350000000008 0.10762700000000001 0.61505200000000004 1.0000000180025095e-35 1.0000000180025095e-35 0.14940300000000004
decision_type=2 10 2 8 8 10
left_child=1 4 5 -4 -1 -2
right_child=2 -3 3 -5 -6 -7
leaf_value=-0.025402349916092162 -0.011182503202813152 0.010009623389964532 -0.002922962156990123 0.015005468153070266 -0.0031190968479673183 0
leaf_weight=11.264515250921255 3.1540052928030522 8.3584271520376188 5.074713014066222 22.973219104111195 10.326848886907099 0.61824054270982731
leaf_count=115 54 39 30 169 151 3
internal_value=-0.000241399 -0.00880814 0.0070244 0.0108264 -0.0176452 -0.00908817
internal_weight=61.77 29.9498 31.8202 28.0479 21.5914 3.77225
internal_count=561 305 256 199 266 57
is_linear=0
shrinkage=0.03


Tree=107
num_leaves=6
num_cat=0
split_feature=25 20 25 25 15
split_gain=3.71845 1.9634 1.73714 2.13864 0.826767
threshold=0.78033050000000015 0.28201750000000009 0.58551750000000002 0.76697000000000004 0.25245100000000004
decision_type=2 10 2 2 10
left_child=2 -2 4 -4 -1
right_child=1 -3 3 -5 -6
leaf_value=-0.017721483603025369 0.014919376147016104 -0.0042915209880830842 0.0025743268493897157 -0.018069584828343421 0
leaf_weight=5.792721986770629 18.140916369855407 1.9189989939331997 32.172339078038931 2.1811025217175475 0.63130163401365269
leaf_count=122 138 11 256 17 4
internal_value=0.00146222 0.0114614 -0.00321981 0 -0.0146307
internal_weight=60.8374 20.0599 40.7775 34.3534 6.42402
internal_count=548 149 399 273 126
is_linear=0
shrinkage=0.03


end of trees

feature_importances:
reranker_score_gte_multilingual_reranker_base=71
embedding_cosine_gte_multilingual_base=69
shared_description_count_capped=61
max_category_share_percentile_gap_abs=59
repeated_title_share_percentile_gap_abs=47
shared_title_count_capped=35
repeated_description_share_percentile_gap_abs=31
description_length_median_percentile_gap_abs=28
punct_ratio_mean_percentile_gap_abs=25
profile_category_jaccard=23
shared_category_count_capped=21
item_count_percentile_gap_abs=21
title_length_median_percentile_gap_abs=19
price_median_percentile_gap_abs=16
digit_ratio_mean_percentile_gap_abs=11
shared_description_idf_sum=7
shared_description_idf_mean=3
shared_title_idf_mean=1
shared_low_df_sentence_count=1

parameters:
[boosting: gbdt]
[objective: binary]
[metric: binary_logloss,auc]
[tree_learner: serial]
[device_type: cpu]
[data_sample_strategy: bagging]
[data: ]
[valid: ]
[num_iterations: 160]
[learning_rate: 0.03]
[num_leaves: 7]
[num_threads: 0]
[seed: 20260320]
[deterministic: 1]
[force_col_wise: 1]
[force_row_wise: 0]
[histogram_pool_size: -1]
[max_depth: 3]
[min_data_in_leaf: 10]
[min_sum_hessian_in_leaf: 0.001]
[bagging_fraction: 0.8]
[pos_bagging_fraction: 1]
[neg_bagging_fraction: 1]
[bagging_freq: 1]
[bagging_seed: 20260320]
[bagging_by_query: 0]
[feature_fraction: 0.6]
[feature_fraction_bynode: 1]
[feature_fraction_seed: 20260320]
[extra_trees: 0]
[extra_seed: 10983]
[early_stopping_round: 0]
[early_stopping_min_delta: 0]
[first_metric_only: 0]
[max_delta_step: 0]
[lambda_l1: 1]
[lambda_l2: 3]
[linear_lambda: 0]
[min_gain_to_split: 0.05]
[drop_rate: 0.1]
[max_drop: 50]
[skip_drop: 0.5]
[xgboost_dart_mode: 0]
[uniform_drop: 0]
[drop_seed: 19421]
[top_rate: 0.2]
[other_rate: 0.1]
[min_data_per_group: 100]
[max_cat_threshold: 32]
[cat_l2: 10]
[cat_smooth: 10]
[max_cat_to_onehot: 4]
[top_k: 20]
[monotone_constraints: ]
[monotone_constraints_method: basic]
[monotone_penalty: 0]
[feature_contri: ]
[forcedsplits_filename: ]
[refit_decay_rate: 0.9]
[cegb_tradeoff: 1]
[cegb_penalty_split: 0]
[cegb_penalty_feature_lazy: ]
[cegb_penalty_feature_coupled: ]
[path_smooth: 0]
[interaction_constraints: ]
[verbosity: -1]
[saved_feature_importance_type: 0]
[use_quantized_grad: 0]
[num_grad_quant_bins: 4]
[quant_train_renew_leaf: 0]
[stochastic_rounding: 1]
[linear_tree: 0]
[max_bin: 255]
[max_bin_by_feature: ]
[min_data_in_bin: 3]
[bin_construct_sample_cnt: 200000]
[data_random_seed: 20260320]
[is_enable_sparse: 1]
[enable_bundle: 1]
[use_missing: 1]
[zero_as_missing: 0]
[feature_pre_filter: 1]
[pre_partition: 0]
[two_round: 0]
[header: 0]
[label_column: ]
[weight_column: ]
[group_column: ]
[ignore_column: ]
[categorical_feature: ]
[forcedbins_filename: ]
[precise_float_parser: 0]
[parser_config_file: ]
[objective_seed: 10697]
[num_class: 1]
[is_unbalance: 0]
[scale_pos_weight: 1]
[sigmoid: 1]
[boost_from_average: 1]
[reg_sqrt: 0]
[alpha: 0.9]
[fair_c: 1]
[poisson_max_delta_step: 0.7]
[tweedie_variance_power: 1.5]
[lambdarank_truncation_level: 30]
[lambdarank_norm: 1]
[label_gain: ]
[lambdarank_position_bias_regularization: 0]
[eval_at: ]
[multi_error_top_k: 1]
[auc_mu_weights: ]
[num_machines: 1]
[local_listen_port: 12400]
[time_out: 120]
[machine_list_filename: ]
[machines: ]
[gpu_platform_id: -1]
[gpu_device_id: -1]
[gpu_use_dp: 0]
[num_gpu: 1]

end of parameters

pandas_categorical:null
