tree
version=v4
num_class=1
num_tree_per_iteration=1
label_index=0
max_feature_idx=25
objective=binary sigmoid:1
feature_names=same_market_raw_bool same_source_dataset_bool profile_category_jaccard shared_title_count_capped shared_description_count_capped shared_category_count_capped shared_title_idf_sum shared_description_idf_sum shared_title_idf_mean shared_description_idf_mean boilerplate_ratio_max boilerplate_ratio_gap_abs shared_boilerplate_count shared_low_df_sentence_count shared_rare_ngram_count item_count_percentile_gap_abs price_median_percentile_gap_abs title_length_median_percentile_gap_abs description_length_median_percentile_gap_abs digit_ratio_mean_percentile_gap_abs punct_ratio_mean_percentile_gap_abs repeated_title_share_percentile_gap_abs repeated_description_share_percentile_gap_abs max_category_share_percentile_gap_abs embedding_cosine_gte_multilingual_base reranker_score_gte_multilingual_reranker_base
feature_infos=[0:1] [0:1] [0:1] [0:5] [0:5] [0:5] [0:70.616864000000007] [0:79.443972000000002] [0:8.8271080000000008] [0:8.8271080000000008] [0:0.20000000000000001] [0:0.20000000000000001] [0:1] [0:9] [0:8] [0:0.70916299999999999] [0:0.96791400000000005] [0:0.92293000000000003] [0:0.88129299999999999] [0:0.90190499999999996] [0:0.93838699999999997] [0:0.78087600000000001] [0:0.625498] [0:0.99467300000000003] [0.88623300000000005:0.99821599999999999] [0.41123199999999999:0.96361600000000003]
tree_sizes=884 869 857 882 781 890 887 854 866 866 847 859 754 879 679 655 885 722 658 851 667 858 749 763 864 840 887 575 783 839 658 657 845 874 862 863 677 862 853 846 891 678 676 675 681 673 828 666 865 789 754 683 851 837 684 647 765 681 681 747 768 767 659 860 786 758 871 679 681 762 760 744 763 866 678 661 876 756 662 872 774 843 848 647 639 763 664 820 768 855 678 864 741 758 766 577 683 659 870 677 744 684 794 889 789

Tree=0
num_leaves=7
num_cat=0
split_feature=25 21 23 6 23 2
split_gain=106.038 12.8517 10.4354 9.83409 9.57699 5.63494
threshold=0.68106350000000015 1.0000000180025095e-35 0.0070660000000000011 12.851545000000003 0.34148950000000006 0.75735300000000005
decision_type=2 8 10 10 10 10
left_child=2 3 -1 -2 -4 -3
right_child=1 5 4 -5 -6 -7
leaf_value=-0.041865246205993523 -0.015454618592638384 0.032617768296298824 0.014588088179535715 0.028811852779685374 -0.025375982350501966 -0.0004444704888404194
leaf_weight=31.362451732158661 10.653981834650038 53.869799047708511 6.3521002233028403 3.7333332002162924 8.8158088922500593 3.0335818231105796
leaf_count=282 49 278 21 9 44 13
internal_value=0.00143407 0.0243 -0.0323438 -2.77918e-08 -0.00734308 0.0304204
internal_weight=117.821 71.2907 46.5304 14.3873 15.1679 56.9034
internal_count=696 349 347 58 65 291
is_linear=0
shrinkage=1


Tree=1
num_leaves=7
num_cat=0
split_feature=25 3 2 23 23 24
split_gain=93.4354 22.0073 27.6127 15.1587 12.2995 2.42537
threshold=0.68106350000000015 1.0000000180025095e-35 0.32575750000000009 0.0070660000000000011 0.68669500000000017 0.99267050000000012
decision_type=2 10 10 10 10 2
left_child=3 2 -2 5 -5 -1
right_child=1 -3 -4 4 -6 -7
leaf_value=-0.04113365804713702 0.022919207159180298 0.045805921495098108 -0.021844864114488188 0.014861927168462673 -0.027425290965092244 0
leaf_weight=33.112295538187027 39.063832566142082 22.223773449659348 14.287908777594565 10.271585673093798 8.2207567244768125 1.4917518943548191
leaf_count=294 246 57 68 35 42 10
internal_value=0.000857023 0.0221674 0.00987401 -0.028504 -0.00374511 -0.0395829
internal_weight=128.672 75.5755 53.3517 53.0964 18.4923 34.604
internal_count=752 371 314 381 77 304
is_linear=0
shrinkage=0.03


Tree=2
num_leaves=7
num_cat=0
split_feature=25 24 21 23 23 20
split_gain=83.7667 20.579 25.0412 18.202 11.184 4.14535
threshold=0.68106350000000015 0.98260900000000007 0.12386950000000001 0.0070660000000000011 0.48883750000000009 0.25053600000000004
decision_type=2 2 10 10 10 10
left_child=3 2 -2 -1 -5 -3
right_child=1 5 -4 4 -6 -7
leaf_value=-0.040218918692121519 -0.018788345642540109 0.036969137134439549 0.032115854285574771 0.01952991709173155 -0.022683155377957783 0
leaf_weight=34.350285887718201 18.874539785087112 36.212096087634563 11.376423373818396 8.188575819134714 8.2739363312721235 3.8610307425260535
leaf_count=302 148 155 32 26 41 15
internal_value=0 0.0206783 0.000623281 -0.0286067 -0.000370789 0.0340234
internal_weight=121.137 70.3241 30.251 50.8128 16.4625 40.0731
internal_count=719 350 180 369 67 170
is_linear=0
shrinkage=0.03


Tree=3
num_leaves=7
num_cat=0
split_feature=25 3 22 3 23 25
split_gain=83.5926 20.8687 15.708 12.7962 7.89032 5.41166
threshold=0.68106350000000015 1.0000000180025095e-35 0.020314000000000002 2.5000000000000004 0.76460150000000004 0.64340700000000006
decision_type=2 8 10 10 8 2
left_child=3 2 -2 5 -3 -1
right_child=1 4 -4 -5 -6 -7
leaf_value=-0.041219784855498397 -0.0238159463258295 0.046471087991486359 0.015740133885349707 0.018315266668095725 0.014197130315240404 -0.012899289743024966
leaf_weight=31.03482761234045 11.249198317527769 20.210164144635201 21.467977777123451 2.073205202817916 20.018509909510612 16.368052735924721
leaf_count=245 55 50 74 5 186 109
internal_value=-0.000387937 0.019503 0.000441555 -0.0297245 0.0332048 -0.0333858
internal_weight=122.422 72.9459 32.7172 49.4761 40.2287 47.4029
internal_count=724 365 129 359 236 354
is_linear=0
shrinkage=0.03


Tree=4
num_leaves=6
num_cat=0
split_feature=25 24 21 5 4
split_gain=82.817 20.3291 22.0671 9.63189 7.56328
threshold=0.68106350000000015 0.97842300000000015 0.12386950000000001 1.5000000000000002 1.0000000180025095e-35
decision_type=2 2 10 10 10
left_child=3 2 -2 4 -1
right_child=1 -3 -4 -5 -6
leaf_value=-0.035089072065600503 -0.024214025054809556 0.031462125917469358 0.029047980240753522 0.0080728692519362322 0.0054345297811866566
leaf_weight=42.403651393949986 13.77621876448393 49.4086519703269 8.9212930649518949 3.5611653923988333 2.3707429170608512
leaf_count=337 105 223 25 12 8
internal_value=0.000874422 0.0211562 -0.00116472 -0.0282653 -0.0321089
internal_weight=120.442 72.1062 22.6975 48.3356 44.7744
internal_count=710 353 130 357 345
is_linear=0
shrinkage=0.03


Tree=5
num_leaves=7
num_cat=0
split_feature=24 19 22 7 16 16
split_gain=42.3438 22.3995 20.0829 5.66195 5.52223 4.50601
threshold=0.97842300000000015 0.00032450000000000008 0.090430500000000011 20.717857000000006 0.29965400000000003 0.30596100000000004
decision_type=2 8 10 10 10 10
left_child=2 -2 3 -1 -3 -4
right_child=1 4 5 -5 -6 -7
leaf_value=-0.031913534929595679 -0.028425335592991211 0.024827943311505833 -0.0032852972836546878 0.0063736878575564714 -0.0022830108604600038 0.024790967313062202
leaf_weight=40.729848686605692 6.0898360013961783 50.639171231538057 7.5852752327918989 1.4155612140893925 4.9255754649639121 5.6691899597644806
leaf_count=329 33 269 32 4 21 16
internal_value=-0.00109962 0.0153937 -0.0198166 -0.029625 0.0219186 0.00923696
internal_weight=117.054 61.6546 55.3999 42.1454 55.5647 13.2545
internal_count=704 323 381 333 290 48
is_linear=0
shrinkage=0.03


Tree=6
num_leaves=7
num_cat=0
split_feature=25 3 24 25 24 5
split_gain=76.4499 18.8933 11.8856 10.7918 10.6385 8.30282
threshold=0.68291350000000006 1.0000000180025095e-35 0.97718500000000008 0.61938900000000008 0.97478750000000003 1.5000000000000002
decision_type=2 10 2 2 2 10
left_child=3 2 -2 5 -5 -1
right_child=1 -3 -4 4 -6 -7
leaf_value=-0.044686337970689861 -0.0095586217642896661 0.042637904895566278 0.019104090247244368 -0.027815685123585534 0.0066892213901267889 0.0049890456603291812
leaf_weight=22.419632166624073 16.708928063511848 22.235098853707314 32.401211328804493 11.535281158983709 13.792443685233591 1.6019613593816746
leaf_count=191 111 57 177 87 81 5
internal_value=0.00128509 0.0210355 0.0087875 -0.0262646 -0.0092482 -0.0400772
internal_weight=120.695 71.3452 49.1101 49.3493 25.3277 24.0216
internal_count=709 345 288 364 168 196
is_linear=0
shrinkage=0.03


Tree=7
num_leaves=7
num_cat=0
split_feature=25 5 24 21 21 20
split_gain=69.5169 16.6608 13.383 10.2479 8.88312 7.9116
threshold=0.68291350000000006 1.5000000000000002 0.97718500000000008 0.1052695 0.12386950000000001 0.25053600000000004
decision_type=2 10 2 10 10 10
left_child=1 3 4 -1 -2 -4
right_child=2 -3 5 -5 -6 -7
leaf_value=-0.034376000563634941 -0.016324733291254286 0.017758219974032215 0.032647782364165406 0.0070309822639166193 0.020941971357042493 0
leaf_weight=43.920202642679214 11.518845625221731 4.6247198581695548 41.810167655348778 3.7306815534830085 6.4174323529005042 7.285512924194335
leaf_count=353 90 14 196 13 19 29
internal_value=0.000123289 -0.0247886 0.0202091 -0.0303174 -0.000467929 0.0279309
internal_weight=119.308 52.2756 67.032 47.6509 17.9363 49.0957
internal_count=714 380 334 366 109 225
is_linear=0
shrinkage=0.03


Tree=8
num_leaves=7
num_cat=0
split_feature=25 24 23 21 23 20
split_gain=64.6509 15.0353 13.0396 11.0149 10.8783 4.7522
threshold=0.68106350000000015 0.97718500000000008 0.0070660000000000011 0.14425450000000004 0.33101400000000009 0.25053600000000004
decision_type=2 2 10 10 10 10
left_child=2 3 -1 -2 -4 -3
right_child=1 5 4 -5 -6 -7
leaf_value=-0.032961390079504507 -0.015924196238238056 0.032289148563401655 0.020757346915069058 0.023500804920938572 -0.020909637090334152 0.0018836914056928878
leaf_weight=33.119462411850691 13.802168838679792 44.22502725571394 8.0025416314601916 7.2351597547531119 8.5500242263078672 7.9339367449283591
leaf_count=287 106 205 25 21 43 30
internal_value=0.00250067 0.0203215 -0.0228522 0 0 0.028562
internal_weight=122.868 73.1963 49.672 21.0373 16.5526 52.159
internal_count=717 362 355 127 68 235
is_linear=0
shrinkage=0.03


Tree=9
num_leaves=7
num_cat=0
split_feature=25 4 4 15 21 25
split_gain=63.9253 15.4702 14.3813 9.92794 9.78668 4.15774
threshold=0.68106350000000015 1.0000000180025095e-35 1.0000000180025095e-35 0.32105100000000003 0.094693500000000014 0.7008795000000001
decision_type=2 10 8 10 10 2
left_child=1 3 4 -1 -2 -4
right_child=2 -3 5 -5 -6 -7
leaf_value=-0.034483376536628335 -0.010487489794656628 0.018054354236394937 0 0.0051752910216957661 0.020056006354320664 0.032339706381715592
leaf_weight=41.618243310600519 18.82442918419838 4.0229579508304587 2.7557125166058531 4.224600449204444 13.247665107250212 36.596204154193401
leaf_count=336 82 12 25 16 42 216
internal_value=0.000126047 -0.024863 0.0182746 -0.0301211 0.00190977 0.0298237
internal_weight=121.29 49.8658 71.424 45.8428 32.0721 39.3519
internal_count=729 364 365 352 124 241
is_linear=0
shrinkage=0.03


Tree=10
num_leaves=7
num_cat=0
split_feature=25 21 4 3 22 23
split_gain=57.4119 15.7652 10.6896 9.53839 7.68868 2.78336
threshold=0.68106350000000015 1.0000000180025095e-35 1.0000000180025095e-35 1.5000000000000002 0.040069000000000007 0.81259500000000007
decision_type=2 8 10 8 10 10
left_child=2 3 4 -2 -1 -3
right_child=1 5 -4 -5 -6 -7
leaf_value=-0.03207712333237512 -0.019206674644975569 0.027424596316679029 0.013619264909023881 0.023378400608873577 0 0
leaf_weight=37.955492787063122 12.040811866521832 51.578597545623779 3.7865342944860449 3.6186051964759836 7.7785876989364615 1.8840116262435902
leaf_count=322 57 277 12 9 32 8
internal_value=0.00101415 0.0185945 -0.0226142 -0.00558172 -0.0268834 0.0261275
internal_weight=118.643 69.122 49.5206 15.6594 45.7341 53.4626
internal_count=717 351 366 66 354 285
is_linear=0
shrinkage=0.03


Tree=11
num_leaves=7
num_cat=0
split_feature=25 24 2 7 20 23
split_gain=56.5343 18.5639 7.66981 6.69344 5.01407 4.57351
threshold=0.68106350000000015 0.97718500000000008 0.21363650000000003 8.4887085000000031 0.25053600000000004 1.0000000180025095e-35
decision_type=2 2 8 10 10 8
left_child=3 2 -2 5 -3 -1
right_child=1 4 -4 -5 -6 -7
leaf_value=-0.039684170092830297 0.010476148627191973 0.030010464666472537 -0.022010930341186789 0.0070255196003186065 0 -0.014481107427281235
leaf_weight=18.500302657485008 8.9808983057737368 42.812812611460686 10.258545286953447 2.9529156088829032 6.9244830161333075 25.575034338980913
leaf_count=106 31 206 88 10 27 243
internal_value=0 0.0170304 -0.00612962 -0.0244901 0.0263971 -0.027552
internal_weight=116.005 68.9767 19.2394 47.0283 49.7373 44.0753
internal_count=711 352 119 359 233 349
is_linear=0
shrinkage=0.03


Tree=12
num_leaves=6
num_cat=0
split_feature=4 23 24 24 23
split_gain=46.7706 29.0084 21.7829 4.93434 2.83572
threshold=1.0000000180025095e-35 0.0078600000000000024 0.97140950000000015 0.99207450000000008 0.52579900000000002
decision_type=10 8 2 2 10
left_child=1 3 -3 -1 -2
right_child=4 2 -4 -5 -6
leaf_value=-0.037984118502752302 0.038685930535320788 -0.02301172408674514 0.012762666718596972 0 0.00064208226909165432
leaf_weight=26.903827920556072 18.611764103174213 20.398751135915518 41.289062470197678 2.1181026548147193 3.818177565932273
leaf_count=149 49 184 293 8 14
internal_value=-0.00160173 -0.011594 0 -0.034766 0.0342293
internal_weight=113.14 90.7097 61.6878 29.0219 22.4299
internal_count=697 634 477 157 63
is_linear=0
shrinkage=0.03


Tree=13
num_leaves=7
num_cat=0
split_feature=25 3 3 21 5 23
split_gain=56.5297 11.5197 11.5196 9.00338 7.76669 3.20949
threshold=0.68380650000000009 1.0000000180025095e-35 2.5000000000000004 0.12386950000000001 1.5000000000000002 0.76460150000000004
decision_type=2 8 10 10 10 8
left_child=2 3 4 -2 -1 -3
right_child=1 5 -4 -5 -6 -7
leaf_value=-0.029236352345922912 -0.0068160300961237 0.039446314141884757 0.020270101422335041 0.023327136083260955 0.0061453264813394089 0.014118289420051158
leaf_weight=44.662225406616926 20.936347439885143 18.597375333309174 2.4783000349998465 10.693751603364943 3.7382826507091513 18.693763982504606
leaf_count=357 89 48 6 32 13 173
internal_value=0.00108702 0.0186941 -0.0219198 0.00364669 -0.0257208 0.0294907
internal_weight=119.8 68.9212 50.8788 31.6301 48.4005 37.2911
internal_count=718 342 376 121 370 221
is_linear=0
shrinkage=0.03


Tree=14
num_leaves=5
num_cat=0
split_feature=9 22 19 5
split_gain=26.1754 25.952 8.61501 6.71972
threshold=7.9813810000000007 0.0047930000000000013 0.24827850000000004 1.5000000000000002
decision_type=10 8 10 10
left_child=1 -1 -2 -3
right_child=2 3 -4 -5
leaf_value=-0.029390396047843544 0.03648726945286114 -0.0012301382705951029 -0.0075328576733979923 0.020725599243123033
leaf_weight=28.722254544496536 16.758705049753193 56.481089666485786 2.5662294924259177 12.373772814869879
leaf_count=152 45 474 12 39
internal_value=-6.55314e-05 -0.00682928 0.0290712 0.00299855
internal_weight=116.902 97.5771 19.3249 68.8549
internal_count=722 665 57 513
is_linear=0
shrinkage=0.03


Tree=15
num_leaves=5
num_cat=0
split_feature=3 25 21 5
split_gain=46.9922 29.6163 19.5502 3.6504
threshold=1.5000000000000002 0.6291095000000001 0.0011505000000000003 1.5000000000000002
decision_type=10 2 8 10
left_child=1 3 -3 -1
right_child=-2 2 -4 -5
leaf_value=-0.035798351082279287 0.041097079610880861 -0.020131826255868693 0.011880680587979534 0
leaf_weight=24.356281436979774 18.863201498985291 21.222624376416206 54.602120645344257 1.1860537827014912
leaf_count=211 48 104 352 4
internal_value=0.000916419 -0.00723967 0.0021149 -0.0333641
internal_weight=120.23 101.367 75.8247 25.5423
internal_count=719 671 456 215
is_linear=0
shrinkage=0.03


Tree=16
num_leaves=7
num_cat=0
split_feature=25 24 3 22 4 3
split_gain=45.8624 18.3182 11.3626 4.62879 3.93699 2.43258
threshold=0.68291350000000006 0.97718500000000008 2.5000000000000004 0.040069000000000007 1.0000000180025095e-35 1.5000000000000002
decision_type=2 2 10 8 10 8
left_child=2 4 3 -1 -2 -3
right_child=1 5 -4 -5 -6 -7
leaf_value=-0.035942830383078682 -0.014666910141191779 0.012137692811890225 0.019230967450801675 -0.011274977717089005 0.013937113673917544 0.031625692091687363
leaf_weight=24.551911935210228 16.425476618111137 23.367157280445099 2.4635924398899069 20.339890405535698 1.989430546760558 25.333542712032795
leaf_count=140 110 82 6 223 5 147
internal_value=-0.000746136 0.0147004 -0.0228055 -0.026799 -0.00865628 0.0241023
internal_weight=114.471 67.1156 47.3554 44.8918 18.4149 48.7007
internal_count=713 344 369 363 115 229
is_linear=0
shrinkage=0.03


Tree=17
num_leaves=6
num_cat=0
split_feature=4 25 2 5 25
split_gain=52.2712 26.094 16.2922 3.96976 0.644664
threshold=1.0000000180025095e-35 0.6291095000000001 0.32575750000000009 1.5000000000000002 0.63420350000000003
decision_type=10 2 10 10 2
left_child=1 3 -3 -1 -2
right_child=4 2 -4 -5 -6
leaf_value=-0.037376103725672363 0 0.010645744737772793 -0.01948701546233424 0 0.036963165787677346
leaf_weight=23.861446734517816 0.76250562071800487 42.246398728340864 22.109312191605568 1.1866216510534275 24.195740789175034
leaf_count=214 3 300 107 4 66
internal_value=0 -0.0106432 0 -0.0347921 0.0361699
internal_weight=114.362 89.4038 64.3557 25.0481 24.9582
internal_count=694 625 407 218 69
is_linear=0
shrinkage=0.03


Tree=18
num_leaves=5
num_cat=0
split_feature=25 3 21 21
split_gain=38.66 20.9388 15.1715 1.86062
threshold=0.6291095000000001 1.5000000000000002 0.0011505000000000003 0.060966000000000013
decision_type=2 10 8 10
left_child=3 2 -2 -1
right_child=1 -3 -4 -5
leaf_value=-0.034787321400906762 -0.01869465381797503 0.037790493150947728 0.0099492021892277939 0
leaf_weight=21.476258739829067 20.56928314268589 14.936255306005476 52.637093719094992 1.8569589406251896
leaf_count=194 101 39 351 8
internal_value=-0.000324079 0.00867591 0.00108816 -0.0325765
internal_weight=111.476 88.1426 73.2064 23.3332
internal_count=693 491 452 202
is_linear=0
shrinkage=0.03


Tree=19
num_leaves=7
num_cat=0
split_feature=25 24 21 5 7 16
split_gain=41.9813 18.3198 13.0286 5.76191 5.73004 4.49993
threshold=0.65593200000000007 0.97704700000000011 0.1052695 1.5000000000000002 8.6832670000000025 0.29965400000000003
decision_type=2 2 10 10 10 10
left_child=3 2 -2 4 -1 -3
right_child=1 5 -4 -5 -6 -7
leaf_value=-0.030467347602820733 -0.021726963242633034 0.02436943814078181 0.019386289859252944 0.0069452213627443412 0.007718819863862289 0
leaf_weight=33.646764907985926 17.030855312943462 51.869935568422079 7.223595216870307 2.1929017752408972 1.3972365260124195 5.0786709934473029
leaf_count=290 136 253 22 7 4 21
internal_value=0.000447893 0.0127182 -0.00759553 -0.0245179 -0.0276677 0.0218175
internal_weight=118.44 81.2031 24.2545 37.2369 35.044 56.9486
internal_count=733 432 158 301 294 274
is_linear=0
shrinkage=0.03


Tree=20
num_leaves=5
num_cat=0
split_feature=3 21 0 13
split_gain=36.4678 22.0593 8.80494 0.600366
threshold=1.5000000000000002 0.0011505000000000003 1.0000000180025095e-35 1.0000000180025095e-35
decision_type=10 8 10 10
left_child=1 3 -3 -1
right_child=-2 2 -4 -5
leaf_value=-0.025394413724241682 0.038373110573293741 -0.0014533140411633015 0.021960081765383919 0
leaf_weight=30.600662499666214 17.722209125757217 48.692335821688175 16.306084513664246 2.9915171116590491
leaf_count=166 47 444 52 13
internal_value=0.00196746 -0.00522128 0.0046889 -0.0240289
internal_weight=116.313 98.5906 64.9984 33.5922
internal_count=722 675 496 179
is_linear=0
shrinkage=0.03


Tree=21
num_leaves=7
num_cat=0
split_feature=25 4 4 2 25 25
split_gain=37.0501 11.8226 9.47519 7.7668 5.19289 2.0255
threshold=0.68106350000000015 1.0000000180025095e-35 1.0000000180025095e-35 0.32575750000000009 0.6291095000000001 0.7008795000000001
decision_type=2 8 10 10 2 2
left_child=2 3 4 -2 -1 -3
right_child=1 5 -4 -5 -6 -7
leaf_value=-0.033684671387585956 0.01283332822164277 0 0.012369858472264893 -0.014904757231558758 -0.0086833839278273438 0.026700059082753479
leaf_weight=23.792061984539032 16.546325847506527 2.4231823571026316 4.3239489644765845 13.974647656083105 19.730344332754612 33.160674888640642
leaf_count=209 57 22 14 65 141 206
internal_value=-0.000171118 0.0138811 -0.0198492 0 -0.0242863 0.0249174
internal_weight=113.951 66.1048 47.8464 30.521 43.5224 35.5839
internal_count=714 350 364 122 350 228
is_linear=0
shrinkage=0.03


Tree=22
num_leaves=6
num_cat=0
split_feature=4 21 5 15 15
split_gain=39.1062 21.156 6.62328 4.25534 0.912183
threshold=1.0000000180025095e-35 0.0011505000000000003 1.5000000000000002 0.22203050000000005 0.32105100000000003
decision_type=10 8 10 10 10
left_child=1 4 -3 -2 -1
right_child=3 2 -4 -5 -6
leaf_value=-0.029358305226294498 0.035975103309899871 -0.0040797286955994577 0.018465919285733899 0 0
leaf_weight=30.495540425181389 20.191918015480045 46.808703284710646 12.152885735034941 3.2928674072027198 2.3348820209503165
leaf_count=171 56 434 39 13 11
internal_value=-0.00053369 -0.00976768 0.000752175 0.0314435 -0.0279791
internal_weight=115.277 91.792 58.9616 23.4848 32.8304
internal_count=724 655 473 69 182
is_linear=0
shrinkage=0.03


Tree=23
num_leaves=6
num_cat=0
split_feature=4 23 21 23 17
split_gain=34.2325 17.985 10.5366 4.75278 1.11819
threshold=1.0000000180025095e-35 0.0049875000000000015 0.094693500000000014 0.61503100000000011 0.49029700000000004
decision_type=10 8 10 10 10
left_child=1 4 -3 -2 -1
right_child=3 2 -4 -5 -6
leaf_value=-0.031753127836045371 0.035738965309976313 -0.006104811479403627 0.021826466093708301 0 -0.0019390399607687194
leaf_weight=20.922177746891979 19.026432558894161 52.934970628470182 12.529788821935652 2.9079317748546591 3.9494043141603461
leaf_count=122 53 472 39 12 20
internal_value=-3.75782e-05 -0.00863106 0 0.0309316 -0.0288135
internal_weight=112.271 90.3363 65.4648 21.9344 24.8716
internal_count=718 653 511 65 142
is_linear=0
shrinkage=0.03


Tree=24
num_leaves=7
num_cat=0
split_feature=25 24 21 4 4 24
split_gain=36.8191 16.5852 12.6876 5.82807 3.45054 1.756
threshold=0.6291095000000001 0.97704700000000011 0.12386950000000001 1.0000000180025095e-35 1.0000000180025095e-35 0.94019850000000016
decision_type=2 2 10 10 8 2
left_child=3 2 -2 5 -3 -1
right_child=1 4 -4 -5 -6 -7
leaf_value=0 -0.018927482592048881 0.0077831978865873664 0.018713981870584595 0.0068993322470499328 0.026388712158213899 -0.034511796527730711
leaf_weight=1.4141788110137046 21.250329792499546 24.05626317858696 8.6565934568643552 1.400356501340865 32.995801776647568 22.056951344013214
leaf_count=10 175 91 27 4 204 203
internal_value=0.00100144 0.010556 -0.00640766 -0.0288688 0.0198239 -0.0326761
internal_weight=111.83 86.959 29.9069 24.8715 57.0521 23.4711
internal_count=714 497 202 217 295 213
is_linear=0
shrinkage=0.03


Tree=25
num_leaves=7
num_cat=0
split_feature=25 24 21 3 24 24
split_gain=34.4793 21.4716 12.5462 4.5845 2.13332 1.70357
threshold=0.6291095000000001 0.97704700000000011 0.12386950000000001 1.5000000000000002 0.99280350000000006 0.94019850000000016
decision_type=2 2 10 10 2 2
left_child=4 2 -2 -3 5 -1
right_child=1 3 -4 -5 -6 -7
leaf_value=0 -0.021874932393382555 0.012128923138870677 0.017311872130131582 0.034481910295298825 0 -0.033640151146352493
leaf_weight=1.4065000340342582 21.830610685050491 44.306761175394058 7.0582873970270148 14.226250886917112 1.0301239192485798 20.762547709047794
leaf_count=10 175 257 22 40 7 194
internal_value=0.000133056 0.00916519 -0.0106319 0.0194656 -0.02991 -0.0317412
internal_weight=110.621 87.4219 28.8889 58.533 23.1992 22.169
internal_count=705 494 197 297 211 204
is_linear=0
shrinkage=0.03


Tree=26
num_leaves=7
num_cat=0
split_feature=25 25 21 13 19 5
split_gain=33.7589 6.68563 5.53293 6.77428 5.22094 3.34491
threshold=0.68291350000000006 0.6291095000000001 0.15176500000000001 1.0000000180025095e-35 0.40039300000000005 1.5000000000000002
decision_type=2 2 10 8 10 10
left_child=1 5 3 -2 -3 -1
right_child=2 4 -4 -5 -6 -7
leaf_value=-0.0310081836508781 -0.0039525401983114758 0.0039357966275407165 0.030425632950320022 0.016739861571539991 -0.023380860598736723 0.0007834799602543615
leaf_weight=21.676154319196943 19.394594728946686 17.097810119390491 14.980904534459112 31.3318952023983 5.6392997354269019 1.1781817376613606
leaf_count=203 83 121 43 216 33 4
internal_value=0.00129917 -0.0175912 0.0150388 0.00849107 -0.00360932 -0.0283082
internal_weight=111.299 45.5914 65.7074 50.7265 22.7371 22.8543
internal_count=703 361 342 299 154 207
is_linear=0
shrinkage=0.03


Tree=27
num_leaves=4
num_cat=0
split_feature=3 22 5
split_gain=33.2717 29.5337 4.94274
threshold=1.5000000000000002 0.0025770000000000003 1.5000000000000002
decision_type=10 8 10
left_child=1 -1 -3
right_child=-2 2 -4
leaf_value=-0.032940228123689165 0.0354429746376691 -0.00088746425244105994 0.018202199220000412
leaf_weight=26.386354804039001 16.250327616930008 57.255563288927078 11.706617161631582
leaf_count=160 46 482 38
internal_value=-0.000362013 -0.00766432 0.00255993
internal_weight=111.599 95.3485 68.9622
internal_count=726 680 520
is_linear=0
shrinkage=0.03


Tree=28
num_leaves=6
num_cat=0
split_feature=4 24 18 23 5
split_gain=28.5839 17.5926 13.4114 7.55602 4.89289
threshold=1.0000000180025095e-35 0.97909450000000009 0.10631950000000003 0.61503100000000011 1.5000000000000002
decision_type=10 2 8 10 10
left_child=1 4 -3 -2 -1
right_child=3 2 -4 -5 -6
leaf_value=-0.023357491317958487 0.034437327158970986 -0.014788996081669826 0.01731638073478349 -0.0055255130429573453 0.0042586647231536347
leaf_weight=42.468830063939095 19.305129081010822 15.257278695702551 27.958084598183632 2.8261108845472327 3.628527730703353
leaf_count=357 56 79 206 13 13
internal_value=-1.57037e-05 -0.00799168 0.00510815 0.02809 -0.0204453
internal_weight=111.444 89.3127 43.2154 22.1312 46.0974
internal_count=724 655 285 69 370
is_linear=0
shrinkage=0.03


Tree=29
num_leaves=7
num_cat=0
split_feature=25 24 21 3 21 22
split_gain=26.0159 20.741 10.9601 5.12799 2.64963 1.20821
threshold=0.6291095000000001 0.97704700000000011 0.1052695 1.5000000000000002 0.060966000000000013 0.057707000000000001
decision_type=2 2 10 8 10 10
left_child=4 2 -2 -3 5 -1
right_child=1 3 -4 -5 -6 -7
leaf_value=-0.030899363723557054 -0.020910900296599512 0.0073053620118672374 0.016110837617437371 0.027946992754377484 0 0
leaf_weight=18.621191009879119 22.501981202512983 28.992179811000824 6.6093373149633399 27.794432800263166 2.3800206780433646 2.5230134427547446
leaf_count=199 190 110 21 182 10 13
internal_value=0.000364684 0.0083902 -0.0108515 0.0188057 -0.0254436 -0.0284598
internal_weight=109.422 85.8979 29.1113 56.7866 23.5242 21.1442
internal_count=725 503 211 292 222 212
is_linear=0
shrinkage=0.03


Tree=30
num_leaves=5
num_cat=0
split_feature=3 21 24 24
split_gain=23.3221 19.039 10.3349 1.84393
threshold=1.5000000000000002 0.0011505000000000003 0.96569300000000002 0.9925655000000001
decision_type=10 8 2 2
left_child=1 3 -3 -1
right_child=-2 2 -4 -5
leaf_value=-0.024358810151732153 0.033115346350475118 -0.017340655887351356 0.010635596645894222 0
leaf_weight=30.653760179877281 13.914832770824431 11.781192347407339 51.241720244288445 2.5213666558265677
leaf_count=179 41 122 372 11
internal_value=0.000326062 -0.00497246 0.00440116 -0.0224971
internal_weight=110.113 96.198 63.0229 33.1751
internal_count=725 684 494 190
is_linear=0
shrinkage=0.03


Tree=31
num_leaves=5
num_cat=0
split_feature=3 25 24 24
split_gain=26.2315 17.5746 9.93767 1.76107
threshold=1.5000000000000002 0.6291095000000001 0.97704700000000011 0.99280350000000006
decision_type=10 2 2 2
left_child=1 3 -3 -1
right_child=-2 2 -4 -5
leaf_value=-0.02946110798279487 0.033202294456953781 -0.012611988719343546 0.0095076194007055036 0
leaf_weight=22.117564760148529 14.419471859931944 26.640168208628893 44.07373783364892 1.1595642901957024
leaf_count=213 43 201 255 8
internal_value=-0.000419558 -0.00675433 0.000593344 -0.0277369
internal_weight=108.411 93.991 70.7139 23.2771
internal_count=720 677 456 221
is_linear=0
shrinkage=0.03


Tree=32
num_leaves=7
num_cat=0
split_feature=25 24 23 23 22 16
split_gain=25.9881 10.4794 7.69825 10.1716 3.18638 2.23466
threshold=0.68380650000000009 0.97718500000000008 0.0070660000000000011 0.33101400000000009 0.0070940000000000005 0.30596100000000004
decision_type=2 2 10 10 8 10
left_child=2 4 -1 -4 -2 -3
right_child=1 5 3 -5 -6 -7
leaf_value=-0.025050649510672818 -0.022317018875464369 0.022387244518993099 0.02114483936066 -0.019776618092834 0.0010999439922181932 0
leaf_weight=28.914193283766508 3.637227579951289 39.446847785264254 7.7710713595151892 8.0930079668760282 14.60255743563175 3.6796403378248206
leaf_count=301 22 205 25 46 95 15
internal_value=0 0.0126441 -0.0165578 0 -0.00464983 0.0204354
internal_weight=106.145 61.3663 44.7783 15.8641 18.2398 43.1265
internal_count=709 337 372 71 117 220
is_linear=0
shrinkage=0.03


Tree=33
num_leaves=7
num_cat=0
split_feature=25 4 22 25 4 22
split_gain=25.6559 11.8309 6.72672 5.55791 5.11107 0.899443
threshold=0.6291095000000001 1.0000000180025095e-35 0.14709950000000002 0.70168600000000014 1.0000000180025095e-35 0.13270100000000004
decision_type=2 8 10 2 10 10
left_child=4 2 -2 -3 5 -1
right_child=1 3 -4 -5 -6 -7
leaf_value=-0.032951861885581933 -0.012161516675213865 -0.00027545266056528978 0.011393396797113315 0.022896226099483882 0.0050110135428322912 0
leaf_weight=20.163150891661651 29.726696312427521 9.2073607258498651 12.548055976629255 31.84610452875495 1.5487702935934056 1.196554735302924
leaf_count=215 145 103 44 206 5 6
internal_value=-0.00131477 0.00629714 -0.00421562 0.0173535 -0.0276837 -0.031611
internal_weight=106.237 83.3282 42.2748 41.0535 22.9085 21.3597
internal_count=724 498 189 309 226 221
is_linear=0
shrinkage=0.03


Tree=34
num_leaves=7
num_cat=0
split_feature=25 24 5 2 3 16
split_gain=25.4695 13.3414 10.6628 5.42177 5.17019 3.19276
threshold=0.6859940000000001 0.97718500000000008 1.5000000000000002 0.21363650000000003 2.5000000000000004 0.23770000000000002
decision_type=2 2 10 10 10 10
left_child=2 3 4 -2 -1 -3
right_child=1 5 -4 -5 -6 -7
leaf_value=-0.024570626315501689 0.0020844460587102522 0.023118924800614969 0.016093882287378885 -0.026256637452925398 0.0094717215757377723 0
leaf_weight=40.823883179575205 12.558215867727997 37.93043901398778 4.5339603573083869 6.0294437110424033 1.5395839810371388 6.5793772488832465
leaf_count=375 87 202 14 35 4 26
internal_value=-0.0006815 0.0112792 -0.0170857 -0.00809039 -0.0221276 0.0199996
internal_weight=109.995 63.0975 46.8974 18.5877 42.3635 44.5098
internal_count=743 350 393 122 379 228
is_linear=0
shrinkage=0.03


Tree=35
num_leaves=7
num_cat=0
split_feature=25 4 2 5 4 19
split_gain=25.0732 7.39564 6.56212 4.77924 2.58123 1.75071
threshold=0.68106350000000015 1.0000000180025095e-35 0.32575750000000009 1.5000000000000002 3.5000000000000004 0.20504550000000002
decision_type=2 10 10 10 10 10
left_child=3 2 -2 4 -1 -3
right_child=1 5 -4 -5 -6 -7
leaf_value=-0.02223835611985249 0.011383848196449919 0.030982551542445485 -0.010829011203959864 0.0065786772497166621 0.0022806417293352063 0
leaf_weight=38.003347210586071 32.404745053499937 13.814683362841608 14.219037055969237 3.4846295565366736 1.2980619221925724 3.3272787481546393
leaf_count=351 231 43 67 12 4 13
internal_value=-0.000101974 0.0113563 0.00375983 -0.0174591 -0.020615 0.0268909
internal_weight=106.552 63.7657 46.6238 42.786 39.3014 17.142
internal_count=721 354 298 367 355 56
is_linear=0
shrinkage=0.03


Tree=36
num_leaves=5
num_cat=0
split_feature=21 6 21 4
split_gain=18.2732 6.833 6.67987 2.33147
threshold=1.0000000180025095e-35 17.121258000000005 0.11378600000000001 1.0000000180025095e-35
decision_type=8 10 10 10
left_child=1 -1 3 -2
right_child=2 -3 -4 -5
leaf_value=-0.019393831141127645 0.00030576595161905965 0.014970141520485425 0.025196483920771506 0.016352192817232991
leaf_weight=31.550733387470245 44.609895192086697 2.8557508885860434 18.769068479537964 8.3869986385107023
leaf_count=184 423 9 60 29
internal_value=0.00207794 -0.0147678 0.010824 0.00412094
internal_weight=106.172 34.4065 71.766 52.9969
internal_count=705 193 512 452
is_linear=0
shrinkage=0.03


Tree=37
num_leaves=7
num_cat=0
split_feature=25 5 24 20 9 24
split_gain=23.5264 8.49807 8.02422 5.38897 3.01056 0.0633806
threshold=0.66709550000000006 1.5000000000000002 0.95943100000000014 0.2631535000000001 7.9372940000000005 0.9574950000000001
decision_type=2 10 2 10 10 2
left_child=1 4 5 -4 -1 -2
right_child=2 -3 3 -5 -6 -7
leaf_value=-0.023615315501521076 -0.019658254700485951 0.014014725853398411 0.019639974845514035 -0.00046636183839410896 0.0023434753792560764 0
leaf_weight=31.069845974445343 2.6804371848702426 4.1344972699880591 53.017497450113297 11.456435739994047 1.6691141724586476 1.1573268696665762
leaf_count=308 25 13 305 50 6 8
internal_value=0.00230056 -0.0158913 0.0127963 0.0157608 -0.0213668 -0.0176832
internal_weight=105.185 36.8735 68.3117 64.4739 32.739 3.83776
internal_count=715 327 388 355 314 33
is_linear=0
shrinkage=0.03


Tree=38
num_leaves=7
num_cat=0
split_feature=25 24 21 3 5 24
split_gain=21.8633 13.9334 10.3199 3.0792 2.61564 2.00309
threshold=0.6291095000000001 0.97704700000000011 0.12386950000000001 1.5000000000000002 1.5000000000000002 0.93784350000000016
decision_type=2 2 10 8 10 2
left_child=4 2 -2 -3 5 -1
right_child=1 3 -4 -5 -6 -7
leaf_value=0 -0.018733564655399822 0.0064024250166250978 0.016613405323208884 0.023899557323461045 0.0002440625882329088 -0.028922307430837603
leaf_weight=1.1538287475705207 21.468179084360603 26.257350102066994 7.2042047679424277 26.129253644496202 1.1656918674707402 19.943026505410671
leaf_count=9 182 101 23 187 4 216
internal_value=0 0.00743103 -0.00817272 0.0164931 -0.0243959 -0.0268632
internal_weight=103.322 81.059 28.6724 52.3866 22.2625 21.0969
internal_count=722 493 205 288 229 225
is_linear=0
shrinkage=0.03


Tree=39
num_leaves=7
num_cat=0
split_feature=25 24 22 5 16 22
split_gain=19.2238 15.0006 9.54467 5.45478 2.28874 1.09122
threshold=0.6291095000000001 0.97704700000000011 0.071836000000000011 1.5000000000000002 0.29965400000000003 0.13270100000000004
decision_type=2 2 8 10 10 10
left_child=3 2 -2 5 -3 -1
right_child=1 4 -4 -5 -6 -7
leaf_value=-0.028786085893509644 -0.028437155678453046 0.01790961711059804 0.0031852460564926193 0.010228375945460949 0 0
leaf_weight=19.084185279905803 10.693385377526285 51.015923887491226 18.021987069398165 1.2320297062396992 4.7608719617128363 1.0119559317827214
leaf_count=209 66 275 145 3 20 5
internal_value=0.000327732 0.00714133 -0.00922079 -0.0229835 0.0161161 -0.0273827
internal_weight=105.82 84.4922 28.7154 21.3282 55.7768 20.0961
internal_count=723 506 211 217 295 214
is_linear=0
shrinkage=0.03


Tree=40
num_leaves=7
num_cat=0
split_feature=25 22 25 23 17 23
split_gain=18.2745 11.0706 4.20082 3.01209 2.64043 1.113
threshold=0.78477400000000008 0.040069000000000007 0.6291095000000001 0.48883750000000009 0.37704750000000004 0.0049875000000000015
decision_type=2 10 2 10 10 8
left_child=1 2 -1 -3 5 -2
right_child=4 3 -4 -5 -6 -7
leaf_value=-0.026616915532802113 0.0016045092399808909 0.016538091788051615 -0.007174836664080855 -0.0059110720543621249 -0.0015762725557341242 0.024422136816590934
leaf_weight=17.787087395787239 5.7762223333120408 14.033015102148058 38.677209321409464 3.6528111994266501 2.1482843756675711 21.281814657151699
leaf_count=204 24 50 298 19 10 119
internal_value=-0.000103113 -0.00829483 -0.0148377 0.0102664 0.0185982 0.0211955
internal_weight=103.356 74.1501 56.4643 17.6858 29.2063 27.058
internal_count=724 571 502 69 153 143
is_linear=0
shrinkage=0.03


Tree=41
num_leaves=5
num_cat=0
split_feature=3 22 18 19
split_gain=19.973 14.3349 6.8329 1.36352
threshold=1.5000000000000002 0.040069000000000007 0.12718600000000005 0.50056750000000005
decision_type=10 8 10 10
left_child=1 3 -3 -1
right_child=-2 2 -4 -5
leaf_value=-0.01058121254810724 0.031551628694627638 -0.00048129706366688144 0.021156793797069688 -0.029284822217209898
leaf_weight=32.085185535252094 13.908584624528883 37.386866983026266 15.288048192858694 8.0670686811208707
leaf_count=174 45 404 52 56
internal_value=0.0013271 -0.00373446 0.00606159 -0.0168089
internal_weight=106.736 92.8272 52.6749 40.1523
internal_count=731 686 456 230
is_linear=0
shrinkage=0.03


Tree=42
num_leaves=5
num_cat=0
split_feature=3 23 24 24
split_gain=17.6635 13.2901 10.05 3.01713
threshold=1.5000000000000002 0.0013345000000000002 0.97140950000000015 0.9856450000000001
decision_type=10 8 2 2
left_child=1 3 -3 -1
right_child=-2 2 -4 -5
leaf_value=-0.027541779040344296 0.030682837734808673 -0.012814984228423348 0.011358169546330487 -0.0022451818778407217
leaf_weight=16.142059676349167 13.22046837210655 18.700528375804424 47.234849561005831 9.7796392440795881
leaf_count=112 44 176 336 50
internal_value=0.0016125 -0.00309323 0.00380768 -0.0202581
internal_weight=105.078 91.8571 65.9354 25.9217
internal_count=718 674 512 162
is_linear=0
shrinkage=0.03


Tree=43
num_leaves=5
num_cat=0
split_feature=3 23 24 24
split_gain=19.6018 12.3435 10.2106 3.50504
threshold=1.5000000000000002 0.0049875000000000015 0.97140950000000015 0.99447250000000009
decision_type=10 8 2 2
left_child=1 3 -3 -1
right_child=-2 2 -4 -5
leaf_value=-0.024718111556866058 0.030961142532343108 -0.014257654049520353 0.010551773118379229 0.0044706525451028
leaf_weight=22.271934486925606 13.785158991813658 18.412121936678886 43.976120211184025 1.4324567914009083
leaf_count=146 46 180 317 5
internal_value=0.0010228 -0.00431533 0.00245296 -0.0215267
internal_weight=99.8778 86.0926 62.3882 23.7044
internal_count=694 648 497 151
is_linear=0
shrinkage=0.03


Tree=44
num_leaves=5
num_cat=0
split_feature=3 22 23 25
split_gain=18.0878 12.1033 6.22765 2.19969
threshold=1.5000000000000002 0.040069000000000007 0.0078600000000000024 0.68380650000000009
decision_type=10 8 10 2
left_child=1 3 -3 -1
right_child=-2 2 -4 -5
leaf_value=-0.023568042560324534 0.030086335384927467 -0.0035420455043103662 0.015999631843862824 -0.0053497405180084326
leaf_weight=20.62815698236227 12.849987357854841 30.346074029803276 21.494243085384369 17.991203665733337
leaf_count=144 44 373 77 80
internal_value=0.000202114 -0.0045515 0.00444537 -0.0167991
internal_weight=103.31 90.4597 51.8403 38.6194
internal_count=718 674 450 224
is_linear=0
shrinkage=0.03


Tree=45
num_leaves=5
num_cat=0
split_feature=3 5 2 15
split_gain=23.461 11.9257 5.66152 4.79664
threshold=1.5000000000000002 1.5000000000000002 0.47222200000000009 0.34436500000000003
decision_type=10 8 8 10
left_child=1 3 -3 -1
right_child=-2 2 -4 -5
leaf_value=-0.022914315705886867 0.030112396203496917 0.02122436817256481 -0.0030659057919844314 0.00071508231210097248
leaf_weight=38.692263677716255 13.249294698238371 8.145920664072035 31.108386244624853 6.3187294751405707
leaf_count=235 46 25 366 28
internal_value=-0.0026602 -0.00901497 0.00241377 -0.0191349
internal_weight=97.5146 84.2653 39.2543 45.011
internal_count=700 654 391 263
is_linear=0
shrinkage=0.03


Tree=46
num_leaves=7
num_cat=0
split_feature=24 21 20 2 24 20
split_gain=10.8749 11.9738 4.4106 3.25517 3.20171 1.27041
threshold=0.97704700000000011 0.1052695 1.0000000180025095e-35 1.0000000180025095e-35 0.94019850000000016 0.062783000000000019
decision_type=2 10 8 8 2 10
left_child=1 4 -2 -4 -1 -3
right_child=2 5 3 -5 -6 -7
leaf_value=0 -0.013481867332783887 0 -0.0016202367186329367 0.014169154350958399 -0.023580502016244426 0.019844006606765743
leaf_weight=4.1080955937504795 3.9834567308425894 2.4517712444066984 10.472712919116018 45.73928789049387 27.169872306287289 6.1990540623664856
leaf_count=35 32 11 47 299 266 19
internal_value=0 -0.0114181 0.00814324 0.0107878 -0.020133 0.014587
internal_weight=100.124 39.9288 60.1955 56.212 31.278 8.65083
internal_count=709 331 378 346 301 30
is_linear=0
shrinkage=0.03


Tree=47
num_leaves=5
num_cat=0
split_feature=25 3 2 5
split_gain=18.0464 11.0192 8.07912 3.12102
threshold=0.61938900000000008 1.5000000000000002 0.32575750000000009 1.5000000000000002
decision_type=2 10 10 10
left_child=3 2 -2 -1
right_child=1 -3 -4 -5
leaf_value=-0.029471761008084574 0.0067754660367477142 0.028482406046641581 -0.013605837016321367 0.0015919578251680651
leaf_weight=17.029141485691074 47.934482976794243 11.45033138990402 23.647537514567375 0.99062283337116142
leaf_count=201 354 41 125 3
internal_value=-0.00124763 0.0045811 0 -0.0263533
internal_weight=101.052 83.0324 71.582 18.0198
internal_count=724 520 479 204
is_linear=0
shrinkage=0.03


Tree=48
num_leaves=7
num_cat=0
split_feature=22 9 23 23 19 22
split_gain=9.06089 6.99958 6.76691 4.95167 3.79083 2.66314
threshold=0.041865000000000006 7.9372940000000005 1.0000000180025095e-35 0.57592050000000017 0.23876500000000003 0.0025770000000000003
decision_type=10 8 10 10 8 10
left_child=1 5 -2 -4 -3 -1
right_child=2 4 3 -5 -6 -7
leaf_value=-0.019136666699110367 -0.012257189812020272 0.019306139382199002 0.025278882109769436 -0.0013375135429335473 -0.000628562537856032 0
leaf_weight=22.90871299803257 4.028061248362067 7.8060605227947226 22.645257160067562 5.2259506136178961 29.12190493196249 11.142283834517
leaf_count=153 23 29 75 25 366 53
internal_value=0.00129384 -0.00438161 0.014073 0.0196714 0.00396796 -0.0138344
internal_weight=102.878 70.979 31.8993 27.8712 36.928 34.051
internal_count=724 601 123 100 395 206
is_linear=0
shrinkage=0.03


Tree=49
num_leaves=6
num_cat=0
split_feature=4 24 21 18 19
split_gain=16.9753 10.7029 7.86995 7.10749 4.42442
threshold=1.0000000180025095e-35 0.98196500000000009 0.11378600000000001 0.10344850000000001 0.24827850000000004
decision_type=10 2 10 8 10
left_child=1 2 -1 -3 -2
right_child=4 3 -4 -5 -6
leaf_value=-0.020858845303438144 0.028588104825710857 -0.011220343173293313 0.0075994099222028173 0.014970990104918281 -0.0022885979125967211
leaf_weight=41.711539026349783 15.358201622962953 11.019758246839045 7.4828120917081824 21.988969791680574 2.6539816707372657
leaf_count=399 54 62 27 174 12
internal_value=-0.000913414 -0.00711435 -0.0157674 0.00518772 0.0229337
internal_weight=100.215 82.2031 49.1944 33.0087 18.0122
internal_count=728 662 426 236 66
is_linear=0
shrinkage=0.03


Tree=50
num_leaves=6
num_cat=0
split_feature=4 25 15 15 17
split_gain=19.5306 12.506 6.31159 4.5936 1.26495
threshold=1.0000000180025095e-35 0.68106350000000015 0.095195500000000016 0.34436500000000003 0.22636950000000003
decision_type=10 2 8 10 10
left_child=1 3 -3 -1 -2
right_child=4 2 -4 -5 -6
leaf_value=-0.022942174627446684 0.029283175898675778 -0.011432022792321708 0.01035672050760603 0.0034803764279222908 0
leaf_weight=31.309175167232752 14.976659506559374 13.781619280576704 34.612771905958652 4.0138980746269217 2.8973780423402777
leaf_count=337 53 65 249 19 12
internal_value=0 -0.00616968 0.00326295 -0.0191194 0.0261523
internal_weight=101.592 83.7175 48.3944 35.3231 17.874
internal_count=735 670 314 356 65
is_linear=0
shrinkage=0.03


Tree=51
num_leaves=5
num_cat=0
split_feature=3 24 22 6
split_gain=15.1014 9.70068 5.44794 5.35326
threshold=1.5000000000000002 0.97704700000000011 0.024924000000000005 1.0000000180025095e-35
decision_type=10 2 8 10
left_child=1 2 -1 -3
right_child=-2 3 -4 -5
leaf_value=-0.029679899444368121 0.028893619227970645 0.0096676880548727528 -0.0041440140582754675 -0.013752105027808792
leaf_weight=11.002228878438471 12.771165713667868 43.967469837516546 26.736546851694584 7.1611967608332625
leaf_count=87 48 298 251 46
internal_value=0.00163612 -0.00277013 -0.0139625 0.00525284
internal_weight=101.639 88.8674 37.7388 51.1287
internal_count=730 682 338 344
is_linear=0
shrinkage=0.03


Tree=52
num_leaves=7
num_cat=0
split_feature=25 24 21 4 16 24
split_gain=15.4618 10.1394 6.65285 4.12549 2.90528 1.13555
threshold=0.6291095000000001 0.9750295000000001 0.12386950000000001 1.0000000180025095e-35 0.26749450000000002 0.94687200000000005
decision_type=2 2 10 10 10 2
left_child=3 2 -2 5 -3 -1
right_child=1 4 -4 -5 -6 -7
leaf_value=0 -0.018192036674344898 0.016574654977814046 0.011133497493690411 0.0068667030644525657 0 -0.027408930335408827
leaf_weight=1.6722932532429755 16.831743489950899 46.790147475898266 6.9449724406003943 1.3387397229671467 8.9285978600382787 16.594203911721706
leaf_count=14 158 283 24 4 39 200
internal_value=0.000450572 0.00673908 -0.00821824 -0.0212314 0.0137265 -0.0253795
internal_weight=99.1007 79.4955 23.7767 19.6052 55.7187 18.2665
internal_count=722 504 182 218 322 214
is_linear=0
shrinkage=0.03


Tree=53
num_leaves=7
num_cat=0
split_feature=24 21 25 2 16 18
split_gain=15.535 12.3868 9.48118 3.15204 1.86715 0.38208
threshold=0.98260900000000007 0.11378600000000001 0.61938900000000008 0.47222200000000009 0.29965400000000003 0.33001450000000004
decision_type=2 10 2 10 10 10
left_child=1 3 5 -1 -4 -2
right_child=2 -3 4 -5 -6 -7
leaf_value=-0.0091436712542575169 -0.018566003187348343 0.014633933541500438 0.020726301823908961 -0.029950480603491123 0 0
leaf_weight=30.108558386564255 4.1969347707927218 10.452959492802618 34.149998553097248 13.092041932046412 3.412095144391059 0.87115895748138417
leaf_count=302 52 37 194 97 14 4
internal_value=0 -0.0103758 0.0131432 -0.0176339 0.0187621 -0.0162744
internal_weight=96.2837 53.6536 42.6302 43.2006 37.5621 5.06809
internal_count=700 436 264 399 208 56
is_linear=0
shrinkage=0.03


Tree=54
num_leaves=5
num_cat=0
split_feature=3 2 2 16
split_gain=13.364 10.5159 10.3464 2.32242
threshold=1.5000000000000002 0.47222200000000009 1.0000000180025095e-35 0.042247000000000007
decision_type=10 10 10 10
left_child=1 2 -1 -3
right_child=-2 3 -4 -5
leaf_value=-0.0056845390298716769 0.026896322174567427 -0.0043239680634331746 0.020073535481715594 -0.029367828228634232
leaf_weight=47.114175505936146 10.635328367352484 9.8967055827379244 16.285275235772133 12.557089030742643
leaf_count=471 42 61 58 87
internal_value=-0.000438794 -0.00495643 0.00108808 -0.0213187
internal_weight=96.4886 85.8532 63.3995 22.4538
internal_count=719 677 529 148
is_linear=0
shrinkage=0.03


Tree=55
num_leaves=5
num_cat=0
split_feature=3 25 24 15
split_gain=15.5077 7.50089 5.3975 1.31181
threshold=1.5000000000000002 0.59491450000000012 0.96569300000000002 0.32105100000000003
decision_type=10 2 2 10
left_child=1 3 -3 -1
right_child=-2 2 -4 -5
leaf_value=-0.024482267300747013 0.028274684574937408 -0.01606925725774221 0.0039120891057854044 0
leaf_weight=12.712814833968874 12.627632513642309 12.065058566629885 60.226022031158209 0.7761673182249077
leaf_count=164 50 114 397 4
internal_value=0.000479087 -0.00409195 0 -0.022351
internal_weight=98.4077 85.7801 72.2911 13.489
internal_count=729 679 511 168
is_linear=0
shrinkage=0.03


Tree=56
num_leaves=6
num_cat=0
split_feature=25 19 25 22 22
split_gain=13.4089 5.57208 2.39586 2.21161 1.03974
threshold=0.59491450000000012 0.53826300000000005 0.83800200000000014 0.076164000000000023 0.044478500000000004
decision_type=2 10 2 10 10
left_child=4 2 -2 -3 -1
right_child=1 3 -4 -5 -6
leaf_value=-0.025348272738243395 0.0051945940163426645 -0.022050034419191383 0.018618333094534194 0.0023819250027310346 0
leaf_weight=11.365958377718924 57.591584991663694 4.9222940877079955 19.539049427956343 1.5652287602424619 2.361266389489173
leaf_count=156 394 38 114 6 14
internal_value=0.00197402 0.0069336 0.00953928 -0.0141041 -0.0222686
internal_weight=97.3454 83.6182 77.1306 6.48752 13.7272
internal_count=722 552 508 44 170
is_linear=0
shrinkage=0.03


Tree=57
num_leaves=5
num_cat=0
split_feature=3 22 18 15
split_gain=11.5143 8.7516 7.02235 3.44782
threshold=1.5000000000000002 0.040069000000000007 0.30819500000000005 0.34436500000000003
decision_type=10 8 10 10
left_child=1 3 -3 -1
right_child=-2 2 -4 -5
leaf_value=-0.018134054612265908 0.026092936117319099 -0.0015736339856120517 0.024165990875351592 0.0035792615248706407
leaf_weight=33.001007780432701 9.8494640290737134 40.445952598005533 8.7745510861277562 4.3179292678832999
leaf_count=213 40 418 29 20
internal_value=-0.00015289 -0.00424925 0.00356518 -0.0147983
internal_weight=96.3889 86.5394 49.2205 37.3189
internal_count=720 680 447 233
is_linear=0
shrinkage=0.03


Tree=58
num_leaves=5
num_cat=0
split_feature=3 25 19 4
split_gain=12.5945 8.18162 5.24706 2.31197
threshold=1.5000000000000002 0.6291095000000001 0.53826300000000005 1.0000000180025095e-35
decision_type=10 2 10 10
left_child=1 3 -3 -1
right_child=-2 2 -4 -5
leaf_value=-0.022960688910226505 0.026309859576474821 0.0035444300994763654 -0.021446214798598026 0.0014349593206186379
leaf_weight=18.684322874993089 10.507263213396071 60.296685226261616 5.5423303842544547 1.1184131801128376
leaf_count=227 44 419 39 4
internal_value=-0.000357573 -0.00474751 0.000161972 -0.0202597
internal_weight=96.149 85.6418 65.839 19.8027
internal_count=733 689 458 231
is_linear=0
shrinkage=0.03


Tree=59
num_leaves=6
num_cat=0
split_feature=4 17 24 19 18
split_gain=10.5031 7.97405 8.41347 2.98978 2.62665
threshold=1.0000000180025095e-35 0.10405600000000002 0.98196500000000009 0.24827850000000004 0.29332350000000001
decision_type=10 8 2 10 10
left_child=1 4 -3 -2 -1
right_child=3 2 -4 -5 -6
leaf_value=-0.023331533218897693 0.02659024014604951 -0.0062238010328019141 0.014751027056622353 0 0
leaf_weight=15.478348515927793 13.339652955532072 39.402225222438574 25.283447198569775 2.3921909779310218 2.9713869392871848
leaf_count=105 52 366 195 11 13
internal_value=0.00122191 -0.00293678 0.00182176 0.0217508 -0.0189405
internal_weight=98.8673 83.1354 64.6857 15.7318 18.4497
internal_count=742 679 561 63 118
is_linear=0
shrinkage=0.03


Tree=60
num_leaves=6
num_cat=0
split_feature=4 24 25 23 24
split_gain=12.7215 6.59646 6.52593 3.91458 0.932103
threshold=1.0000000180025095e-35 0.96569300000000002 0.58551750000000002 0.68669500000000017 0.94019850000000016
decision_type=10 2 2 8 2
left_child=1 4 -3 -2 -1
right_child=3 2 -4 -5 -6
leaf_value=0 0.02825717490260413 -0.0234526348485927 0.0024999911156280081 -0.0018449173383632785 -0.025911149642251292
leaf_weight=3.7845006845891467 11.910379573702809 7.1374627202749243 54.620288755744696 2.4018109440803537 11.667276922613381
leaf_count=35 46 98 375 12 133
internal_value=-0.000952647 -0.00625119 -0.000983666 0.0220284 -0.0220957
internal_weight=91.5217 77.2095 61.7578 14.3122 15.4518
internal_count=699 641 473 58 168
is_linear=0
shrinkage=0.03


Tree=61
num_leaves=6
num_cat=0
split_feature=25 24 21 4 24
split_gain=13.7147 8.43899 11.6905 3.54802 2.20687
threshold=0.63185900000000006 0.98260900000000007 0.1052695 1.0000000180025095e-35 0.98791800000000018
decision_type=2 2 10 10 2
left_child=3 2 -2 -1 -3
right_child=1 4 -4 -5 -6
leaf_value=-0.025428263786554009 -0.013736043725344151 0.022256557291162046 0.019217691363685376 0.0043306251869056154 0.0041220306048725232
leaf_weight=17.065930064767603 28.738644186407328 19.660772360861301 10.608149990439413 1.4670748561620701 17.102771427482367
leaf_count=219 245 102 36 5 107
internal_value=0 0.00559685 -0.00341103 -0.0214042 0.0155221
internal_weight=94.6433 76.1103 39.3468 18.533 36.7635
internal_count=714 490 281 224 209
is_linear=0
shrinkage=0.03


Tree=62
num_leaves=5
num_cat=0
split_feature=3 25 2 24
split_gain=13.7893 5.7171 4.29743 1.38122
threshold=1.5000000000000002 0.59491450000000012 0.47222200000000009 0.95449150000000016
decision_type=10 2 10 2
left_child=1 3 -3 -1
right_child=-2 2 -4 -5
leaf_value=0 0.02575560954540957 0.0012067073043055471 -0.014270272698364605 -0.027211986883917173
leaf_weight=1.5840388275682915 9.9705987423658353 50.886817380785942 18.738336652517319 10.818033546209334
leaf_count=17 43 400 109 152
internal_value=-0.00266542 -0.00725973 -0.00296297 -0.0241584
internal_weight=91.9978 82.0272 69.6252 12.4021
internal_count=721 678 509 169
is_linear=0
shrinkage=0.03


Tree=63
num_leaves=7
num_cat=0
split_feature=25 21 23 2 16 20
split_gain=11.0641 4.17238 2.99577 2.12072 4.64635 1.40047
threshold=0.78477400000000008 0.094693500000000014 0.24831400000000003 0.32575750000000009 0.015752500000000006 0.28100500000000006
decision_type=2 10 10 10 10 10
left_child=1 2 -1 5 -5 -2
right_child=3 -3 -4 4 -6 -7
leaf_value=-0.0053190834368028132 0.021441535187864798 0.0085797715859717658 -0.023489110479205592 0.019305581797870931 -0.015858399823071974 0
leaf_weight=44.03859431296587 17.84497985243798 8.3693587332963926 11.191909566521643 3.3159203678369513 4.2676502913236618 1.5924033522605885
leaf_count=440 117 33 71 12 23 7
internal_value=-0.000183662 -0.00729748 -0.0105367 0.014617 0 0.0192597
internal_weight=90.6208 63.5999 55.2305 27.021 7.58357 19.4374
internal_count=703 544 511 159 35 124
is_linear=0
shrinkage=0.03


Tree=64
num_leaves=6
num_cat=0
split_feature=4 24 18 23 21
split_gain=10.2419 9.19398 4.38079 3.62929 3.37209
threshold=1.0000000180025095e-35 0.9787530000000001 0.10344850000000001 0.73399800000000004 0.30858750000000007
decision_type=10 2 8 10 10
left_child=1 4 -3 -2 -1
right_child=3 2 -4 -5 -6
leaf_value=-0.018840269933032634 0.024327295409775598 -0.0078053916445205854 0.011002591204984745 -0.0040410709158193751 0.0047134689775886526
leaf_weight=34.69048247858882 13.448450371623037 13.897612266242502 25.604941345751286 2.167953595519065 2.9177124500274649
leaf_count=351 54 79 221 11 10
internal_value=-0.000941297 -0.00585901 0.00359592 0.018761 -0.0160609
internal_weight=92.7272 77.1107 39.5026 15.6164 37.6082
internal_count=726 661 300 65 361
is_linear=0
shrinkage=0.03


Tree=65
num_leaves=6
num_cat=0
split_feature=25 5 3 3 15
split_gain=13.3879 6.49351 5.61847 3.64297 3.0011
threshold=0.68380650000000009 1.5000000000000002 1.5000000000000002 1.5000000000000002 0.067027500000000004
decision_type=2 10 8 10 8
left_child=1 2 -1 4 -2
right_child=3 -3 -4 -5 -6
leaf_value=-0.027192164633859067 -0.0058835845245364402 0.012714097254003834 0 0.024485745224806173 0.0090604039548675946
leaf_weight=19.611394017934799 12.7998910844326 3.9720617383718482 12.39391268417239 9.3775465637445432 34.952736597508192
leaf_count=168 58 13 194 44 242
internal_value=3.82772e-05 -0.0133488 -0.0182528 0.00921302 0.00435262
internal_weight=93.1075 35.9774 32.0053 57.1302 47.7526
internal_count=719 375 362 344 300
is_linear=0
shrinkage=0.03


Tree=66
num_leaves=7
num_cat=0
split_feature=24 2 19 19 2 16
split_gain=10.7787 5.60675 4.95857 2.77778 1.80905 0.112301
threshold=0.97704700000000011 0.47222200000000009 0.0041160000000000007 0.24827850000000004 1.0000000180025095e-35 0.03400050000000001
decision_type=2 10 8 8 10 10
left_child=1 3 5 -1 -4 -2
right_child=2 -3 4 -5 -6 -7
leaf_value=0.0069636314937971565 -0.014757172703282981 -0.027901261410926807 0.003847380183021019 -0.010202279886018463 0.017527461317194865 0
leaf_weight=11.287505924701692 3.3987384960055342 9.7873784750699979 25.236930537968874 15.49143026769161 26.567944556474686 1.1292079985141752
leaf_count=57 36 85 231 201 106 6
internal_value=0.000545435 -0.0112708 0.00890321 -0.0019867 0.011986 -0.0131027
internal_weight=92.8991 36.5663 56.3328 26.7789 51.8049 4.52795
internal_count=722 343 379 258 337 42
is_linear=0
shrinkage=0.03


Tree=67
num_leaves=5
num_cat=0
split_feature=3 2 24 2
split_gain=9.81656 5.3988 8.5625 5.43593
threshold=1.5000000000000002 0.47222200000000009 0.98595300000000019 1.0000000180025095e-35
decision_type=10 10 2 8
left_child=1 3 -3 -1
right_child=-2 2 -4 -5
leaf_value=-0.010260628630822659 0.025108146261372803 -0.027222313954619902 0.0048428822676026871 0.0079999010542904335
leaf_weight=18.404663123190403 9.8839707523584348 14.329048626124861 9.4659102857112867 40.774492006748915
leaf_count=106 46 109 50 408
internal_value=0.000445378 -0.00291715 -0.0142327 0.00161736
internal_weight=92.8581 82.9741 23.795 59.1792
internal_count=719 673 159 514
is_linear=0
shrinkage=0.03


Tree=68
num_leaves=5
num_cat=0
split_feature=3 24 17 15
split_gain=9.90097 5.0769 4.35504 2.79688
threshold=1.5000000000000002 0.97704700000000011 0.11616300000000002 0.17807550000000003
decision_type=10 2 8 8
left_child=1 3 -3 -1
right_child=-2 2 -4 -5
leaf_value=-0.021570791062094877 0.024547642231250312 -0.010027075306897393 0.0074549141576550054 -0.0021172854633400694
leaf_weight=15.426676444709299 9.0903992056846601 15.838087618350981 34.762547966092825 17.692461960017681
leaf_count=120 42 91 265 198
internal_value=-0.000541419 -0.00436653 0.00116837 -0.0130482
internal_weight=92.8102 83.7198 50.6006 33.1191
internal_count=716 674 356 318
is_linear=0
shrinkage=0.03


Tree=69
num_leaves=6
num_cat=0
split_feature=25 24 20 25 24
split_gain=10.2061 5.8779 3.13855 2.99357 1.22181
threshold=0.59491450000000012 0.95943100000000014 0.28663400000000006 0.64869200000000016 0.95181650000000007
decision_type=2 2 10 2 2
left_child=4 3 -3 -2 -1
right_child=1 2 -4 -5 -6
leaf_value=0 0.0036062722198522473 0.011762688086350727 -0.0022939486591899592 -0.024110353987718942 -0.024551839972414686
leaf_weight=1.5450558587908734 2.1475048139691344 60.482599381357431 13.025738775730131 5.3091224953532219 9.6297099180519563
leaf_count=17 20 420 69 54 138
internal_value=0.00172733 0.00593332 0.00888745 -0.0145145 -0.0214362
internal_weight=92.1397 80.965 73.5083 7.45663 11.1748
internal_count=718 563 489 74 155
is_linear=0
shrinkage=0.03


Tree=70
num_leaves=6
num_cat=0
split_feature=4 23 24 19 25
split_gain=10.4602 8.02514 6.64708 3.88687 0.233001
threshold=1.0000000180025095e-35 0.0049875000000000015 0.96569300000000002 0.24211000000000002 0.86160150000000013
decision_type=10 8 2 8 2
left_child=1 4 -3 -2 -1
right_child=3 2 -4 -5 -6
leaf_value=-0.022396782309736619 0.027317673319617795 -0.017625391751654198 0.0062935297058347682 -0.0018815912433183897 0
leaf_weight=15.586110614240171 11.718198329210278 10.305413641035555 44.135312374681234 2.6815277338027963 2.940901741385459
leaf_count=135 50 124 368 13 13
internal_value=0 -0.00501255 0.000559435 0.0207691 -0.0205754
internal_weight=87.3675 72.9677 54.4407 14.3997 18.527
internal_count=703 640 492 63 148
is_linear=0
shrinkage=0.03


Tree=71
num_leaves=6
num_cat=0
split_feature=25 24 23 2 24
split_gain=9.74016 7.72041 2.28039 1.84743 1.34203
threshold=0.59491450000000012 0.97140950000000015 0.73399800000000004 0.34848450000000003 0.94940850000000021
decision_type=2 2 10 8 2
left_child=4 3 -3 -2 -1
right_child=1 2 -4 -5 -6
leaf_value=0 0 0.012225758351371753 -0.0038184199895863252 -0.016740523960556447 -0.025535863960214615
leaf_weight=1.5011075027286995 9.7738315612077731 54.64184907451272 4.7207998037338248 10.544229939579962 9.4846353493630868
leaf_count=15 49 357 23 133 142
internal_value=0.000542579 0.00474372 0.0103465 -0.00956426 -0.022265
internal_weight=90.6665 79.6807 59.3626 20.3181 10.9857
internal_count=719 562 380 182 157
is_linear=0
shrinkage=0.03


Tree=72
num_leaves=6
num_cat=0
split_feature=25 24 22 25 15
split_gain=9.95477 5.71026 4.06174 2.08995 1.47996
threshold=0.59491450000000012 0.96569300000000002 0.020314000000000002 0.64587800000000006 0.32105100000000003
decision_type=2 2 8 2 10
left_child=4 3 -3 -2 -1
right_child=1 2 -4 -5 -6
leaf_value=-0.024961869869279389 0.0011622123449930427 -0.0022071801233496005 0.012810255604272567 -0.018256346569086427 0
leaf_weight=10.398813541978594 3.6521028168499461 17.699387833476067 50.25686202943325 8.4262814559042436 0.71756130456924516
leaf_count=162 38 93 342 79 4
internal_value=0.00064738 0.00488562 0.00854818 -0.0113322 -0.022295
internal_weight=91.151 80.0346 67.9562 12.0784 11.1164
internal_count=718 552 435 117 166
is_linear=0
shrinkage=0.03


Tree=73
num_leaves=7
num_cat=0
split_feature=24 21 24 3 6 2
split_gain=8.8878 4.86764 3.45499 2.78434 3.42853 0.42186
threshold=0.97704700000000011 0.049330500000000006 0.94019850000000016 1.5000000000000002 1.0000000180025095e-35 0.042241500000000008
decision_type=2 10 2 10 10 10
left_child=1 2 -1 4 -2 -3
right_child=3 5 -4 -5 -6 -7
leaf_value=0.0021992461498771387 0.0071538305866594492 0 -0.021170587436633886 0.022293927696473075 -0.012533235518520905 0.010614775102669128
leaf_weight=3.7919940240681198 42.411305729299784 3.949554704129695 23.038710366934538 7.617684304714202 5.9716593027114859 3.6315319016575813
leaf_count=37 301 18 272 39 46 13
internal_value=5.53828e-05 -0.0110649 -0.016973 0.0076123 0.00355022 0.00589355
internal_weight=90.4124 34.4118 26.8307 56.0006 48.383 7.58109
internal_count=726 340 309 386 347 31
is_linear=0
shrinkage=0.03


Tree=74
num_leaves=5
num_cat=0
split_feature=3 21 23 5
split_gain=9.17714 4.93936 4.26898 1.98717
threshold=1.5000000000000002 0.11378600000000001 0.016871000000000004 4.5000000000000009
decision_type=10 8 10 10
left_child=1 3 -3 -1
right_child=-2 2 -4 -5
leaf_value=-0.013386184196888704 0.023992093181545687 -0.0029190135428145861 0.01669191872447123 0.0033743926043912232
leaf_weight=36.823205403983593 9.0062846541404706 26.004496194422245 11.258826270699499 3.1318145096302024
leaf_count=249 45 354 39 11
internal_value=-0.000123184 -0.00410189 0.0030634 -0.0112301
internal_weight=86.2246 77.2183 37.2633 39.955
internal_count=698 653 393 260
is_linear=0
shrinkage=0.03


Tree=75
num_leaves=5
num_cat=0
split_feature=25 19 19 22
split_gain=8.51978 5.07262 1.8684 0.16879
threshold=0.58551750000000002 0.57113900000000017 0.0041160000000000007 0.037960000000000008
decision_type=2 10 8 10
left_child=-1 2 -2 -3
right_child=1 3 -4 -5
leaf_value=-0.023147352902015306 -0.0076690085438535409 -0.019234085682945677 0.007976312163944661 0
leaf_weight=8.9466282129287702 3.281942978501319 4.2720750942826262 69.432819943875074 1.3810952901840208
leaf_count=144 20 39 497 7
internal_value=0.000164217 0.00394952 0.00659806 -0.0171274
internal_weight=87.3146 78.3679 72.7148 5.65317
internal_count=707 563 517 46
is_linear=0
shrinkage=0.03


Tree=76
num_leaves=7
num_cat=0
split_feature=24 21 19 20 24 16
split_gain=9.26164 5.82423 3.45301 2.99035 1.60687 1.47224
threshold=0.9787530000000001 0.049330500000000006 0.0057690000000000007 0.067708000000000004 0.93920900000000007 0.46795100000000006
decision_type=2 8 8 10 2 8
left_child=1 4 -2 -3 -1 -4
right_child=2 3 5 -5 -6 -7
leaf_value=0 -0.0096351855533689801 -0.0057763472752624112 0.016390843018407313 0.015084976013821633 -0.023419164882568434 0.0023174424328851529
leaf_weight=2.2873394414782551 3.7434341982007018 14.21336764469743 27.957111187279224 6.3267398923635474 16.040147885680199 17.067745376378298
leaf_count=15 35 204 115 23 139 190
internal_value=0.000685981 -0.00947679 0.00944487 0.000478471 -0.0205384 0.0121587
internal_weight=87.6359 38.8676 48.7683 20.5401 18.3275 45.0249
internal_count=721 381 340 227 154 305
is_linear=0
shrinkage=0.03


Tree=77
num_leaves=6
num_cat=0
split_feature=25 4 15 23 24
split_gain=7.97632 5.44183 5.28394 3.05848 1.48199
threshold=0.59491450000000012 1.0000000180025095e-35 0.17286400000000005 0.68669500000000017 0.95181650000000007
decision_type=2 10 8 10 2
left_child=4 2 -2 -3 -1
right_child=1 3 -4 -5 -6
leaf_value=0 -0.011142067345190665 0.023693884751455643 0.0060485554240087324 -0.0025056261583701243 -0.02483577124706636
leaf_weight=1.3767835050821293 23.095369756221771 12.345874562859533 38.476910423487425 2.1121714264154425 9.1818782016634923
leaf_count=15 124 55 349 11 147
internal_value=0 0.0035545 -0.000153022 0.0183751 -0.0213497
internal_weight=86.589 76.0303 61.5723 14.458 10.5587
internal_count=701 539 473 66 162
is_linear=0
shrinkage=0.03


Tree=78
num_leaves=5
num_cat=0
split_feature=3 19 19 22
split_gain=8.23279 2.87568 2.8269 0.747081
threshold=1.5000000000000002 0.53826300000000005 0.057508500000000011 0.087285500000000016
decision_type=10 10 8 10
left_child=1 2 -1 -3
right_child=-2 3 -4 -5
leaf_value=-0.012532105599253957 0.022897687072690801 -0.022736143812429627 0.00096834523052061498 0
leaf_weight=14.247329480946062 8.2441408336162549 5.9141602516174308 57.002382792532444 1.1561883464455602
leaf_count=93 44 57 519 7
internal_value=-0.000777751 -0.00439158 -0.00172448 -0.019769
internal_weight=86.5642 78.3201 71.2497 7.07035
internal_count=720 676 612 64
is_linear=0
shrinkage=0.03


Tree=79
num_leaves=7
num_cat=0
split_feature=24 21 19 16 19 20
split_gain=7.27021 5.80913 2.4508 2.20124 2.17412 0.616642
threshold=0.98260900000000007 0.11378600000000001 0.0021375000000000005 0.30596100000000004 0.24827850000000004 0.04075850000000001
decision_type=2 10 8 10 10 10
left_child=1 4 -2 -4 -1 -3
right_child=2 5 3 -5 -6 -7
leaf_value=-0.0043987352627975233 -0.0064006880587368659 0 0.015649002838866461 -0.0014042640333348658 -0.021433391937816352 0.014315514953594318
leaf_weight=29.154143467545509 2.7175249308347693 2.3786468356847745 33.407793674618006 4.0037143155932418 11.502098359167574 7.7107781916856766
leaf_count=322 25 11 235 20 97 29
internal_value=0.00135887 -0.00568884 0.0107425 0.0131129 -0.0110469 0.0111935
internal_weight=90.8747 50.7457 40.129 37.4115 40.6562 10.0894
internal_count=739 459 280 255 419 40
is_linear=0
shrinkage=0.03


Tree=80
num_leaves=6
num_cat=0
split_feature=23 21 3 24 24
split_gain=6.00701 6.26941 3.2628 2.07975 1.18685
threshold=0.0013345000000000002 0.029932000000000004 1.5000000000000002 0.96569300000000002 0.9856450000000001
decision_type=8 10 10 2 2
left_child=2 3 4 -2 -1
right_child=1 -3 -4 -5 -6
leaf_value=-0.022084898837009325 -0.01099712653718718 0.019598814981030079 0.0087649511480573251 0.0030740055719136934 -0.0013099195636567574
leaf_weight=10.88251175731421 9.2956162020564062 17.716190680861473 2.2202670425176612 37.720144987106323 7.5858750864863387
leaf_count=103 121 68 13 351 46
internal_value=0.00103217 0.00584614 -0.0115965 0 -0.0163245
internal_weight=85.4206 64.732 20.6887 47.0158 18.4684
internal_count=702 540 162 472 149
is_linear=0
shrinkage=0.03


Tree=81
num_leaves=7
num_cat=0
split_feature=25 21 3 22 7 2
split_gain=8.8541 3.2868 3.05473 1.79501 1.14061 0.796902
threshold=0.6291095000000001 0.11378600000000001 1.5000000000000002 0.044478500000000004 8.2859760000000016 1.0000000180025095e-35
decision_type=2 10 8 10 10 10
left_child=3 2 -2 4 -1 -3
right_child=1 5 -4 -5 -6 -7
leaf_value=-0.022002767246728634 -0.0030600542509220501 0.0037698244504139589 0.0099507665893966164 0 0 0.025610944412374957
leaf_weight=12.479079075157639 31.007047101855278 7.8076683580875379 25.222323458641768 2.8157550990581504 0.63620383292436677 7.0697125643491745
leaf_count=203 160 33 268 17 3 25
internal_value=0.00191413 0.00682 0.002478 -0.0160088 -0.0200327 0.0183829
internal_weight=87.0378 71.1068 56.2294 15.931 13.1153 14.8774
internal_count=709 486 428 223 206 58
is_linear=0
shrinkage=0.03


Tree=82
num_leaves=7
num_cat=0
split_feature=25 24 2 24 23 23
split_gain=5.66688 3.85327 4.63746 2.86503 1.32188 1.3507
threshold=0.6291095000000001 0.97704700000000011 0.21363650000000003 0.98791800000000018 0.0070660000000000011 0.24831400000000003
decision_type=2 2 10 2 10 10
left_child=4 2 -2 -3 -1 -6
right_child=1 3 -4 -5 5 -7
leaf_value=-0.018917924296704063 0.0028966675836054113 0.013792185680855738 -0.020529353321741065 0 0.011252212080461944 -0.010716191246016429
leaf_weight=11.471174638718365 18.834869060665373 31.711512077599764 7.7836786136031142 15.790277980268 1.9944019317626942 2.0791910141706467
leaf_count=195 153 196 63 111 7 17
internal_value=0 0.00379523 -0.00432613 0.00892688 -0.014667 0
internal_weight=89.6651 74.1203 26.6185 47.5018 15.5448 4.07359
internal_count=742 523 216 307 219 24
is_linear=0
shrinkage=0.03


Tree=83
num_leaves=5
num_cat=0
split_feature=3 23 23 9
split_gain=7.66368 5.62698 4.03742 1.62362
threshold=1.5000000000000002 0.0013345000000000002 0.24831400000000003 8.419456000000002
decision_type=10 8 8 10
left_child=1 3 -3 -1
right_child=-2 2 -4 -5
leaf_value=-0.020477604621205393 0.021922181493311675 0.012348837950250147 -0.0046784995207130187 0
leaf_weight=17.637128412723545 7.4918086826801291 13.98720110952854 44.661580678075552 1.8759659454226483
leaf_count=156 41 52 466 8
internal_value=-0.00175526 -0.0051208 0 -0.0178741
internal_weight=85.6537 78.1619 58.6488 19.5131
internal_count=723 682 518 164
is_linear=0
shrinkage=0.03


Tree=84
num_leaves=5
num_cat=0
split_feature=3 5 15 2
split_gain=6.96 5.0858 3.02665 2.0544
threshold=1.5000000000000002 1.5000000000000002 0.34436500000000003 0.47222200000000009
decision_type=10 8 10 8
left_child=1 2 -1 -3
right_child=-2 3 -4 -5
leaf_value=-0.013708102760732236 0.022475864743989028 0.016075684431855801 0.004439753142215396 0
leaf_weight=34.316146828234196 8.0342344939708692 7.2434199899435034 6.1685664802789679 28.814723648130894
leaf_count=240 45 25 28 370
internal_value=0 -0.00294505 -0.0101375 0.0045207
internal_weight=84.5771 76.5429 40.4847 36.0581
internal_count=708 663 268 395
is_linear=0
shrinkage=0.03


Tree=85
num_leaves=6
num_cat=0
split_feature=24 25 21 24 20
split_gain=7.14074 5.72031 3.01142 2.78308 2.76099
threshold=0.97216550000000013 0.58551750000000002 0.13168750000000004 0.94019850000000016 0.45587550000000004
decision_type=2 2 10 2 10
left_child=2 -2 3 -1 -3
right_child=1 4 -4 -5 -6
leaf_value=0 -0.017522004267949001 0.011494315633801742 0.0036643000725157379 -0.021655589683702851 -0.0070442784619226062
leaf_weight=3.8237381242215696 4.565231528133153 54.388753201812506 4.748750999569892 16.088264498859644 4.1529499478638163
leaf_count=37 81 359 19 207 25
internal_value=0.00066939 0.00630341 -0.0117835 -0.0167743 0.00941243
internal_weight=87.7677 63.1069 24.6608 19.912 58.5417
internal_count=728 465 263 244 384
is_linear=0
shrinkage=0.03


Tree=86
num_leaves=5
num_cat=0
split_feature=3 2 2 4
split_gain=6.95471 4.67737 4.26642 1.1636
threshold=1.5000000000000002 0.47222200000000009 1.0000000180025095e-35 1.0000000180025095e-35
decision_type=10 10 10 10
left_child=1 2 -1 -3
right_child=-2 3 -4 -5
leaf_value=-0.0038415677357579825 0.022153408991992623 -0.017164041534712352 0.013514534140077382 0
leaf_weight=41.585120342671871 7.7667583376169196 18.083895672112707 14.539374537765978 1.7488417029380787
leaf_count=456 44 148 58 7
internal_value=-0.000104966 -0.00351612 0.000604821 -0.0150391
internal_weight=83.724 75.9572 56.1245 19.8327
internal_count=713 669 514 155
is_linear=0
shrinkage=0.03


Tree=87
num_leaves=7
num_cat=0
split_feature=21 9 25 22 16 22
split_gain=7.19221 5.32566 3.9201 1.10936 0.956543 0.916977
threshold=0.0011505000000000003 8.1664435000000015 0.6291095000000001 0.13270100000000004 0.026115500000000003 0.040069000000000007
decision_type=8 10 2 10 8 8
left_child=1 3 4 -1 -2 -4
right_child=2 -3 5 -5 -6 -7
leaf_value=-0.020359123562200203 0 0.011473662424215852 0 0 -0.014325597991278314 0.010945690110271951
leaf_weight=19.607878547161825 0.81487689167261024 3.2926948815584174 11.754051320254801 1.6543029621243466 6.6572057493031025 41.217844139784575
leaf_count=172 3 18 56 8 124 335
internal_value=0 -0.0126476 0.00570551 -0.0185763 -0.0103463 0.0089389
internal_weight=84.9989 24.5549 60.444 21.2622 7.47208 52.9719
internal_count=716 198 518 180 127 391
is_linear=0
shrinkage=0.03


Tree=88
num_leaves=6
num_cat=0
split_feature=24 2 15 19 15
split_gain=4.54343 7.37786 2.80159 1.74415 1.2163
threshold=0.98260900000000007 0.47222200000000009 0.021924500000000003 0.0021375000000000005 0.21172350000000004
decision_type=2 10 10 8 10
left_child=1 2 -1 -2 -5
right_child=3 -3 -4 4 -6
leaf_value=-0.0065058504914018937 -0.0053855709879693193 -0.023913715443101311 0.0084979896740679031 0.012531816149775945 0
leaf_weight=17.16076585650444 2.7927419096231452 10.865824043750761 20.633029080927372 30.607388217002153 3.806862384080886
leaf_count=244 29 96 100 229 18
internal_value=0.000478323 -0.00506998 0.000972459 0.00831746 0.010574
internal_weight=85.8666 48.6596 37.7938 37.207 34.4143
internal_count=716 440 344 276 247
is_linear=0
shrinkage=0.03


Tree=89
num_leaves=7
num_cat=0
split_feature=21 2 8 2 19 22
split_gain=5.16373 4.16093 2.09521 1.88647 1.5147 0.336787
threshold=0.0011505000000000003 1.0000000180025095e-35 8.5413945000000009 0.64583350000000006 0.20504550000000002 0.13270100000000004
decision_type=8 10 10 10 10 10
left_child=2 4 5 -3 -2 -1
right_child=1 3 -4 -5 -6 -7
leaf_value=-0.015388975215210656 0.0018609982620178918 0.020030520826463526 0.0057246423754368087 0 -0.010956124369591605 0
leaf_weight=20.565638359636075 35.203009516000748 13.318033590912817 1.653146132826804 2.4968684390187255 7.2788573801517478 1.9460823163390149
leaf_count=174 396 50 10 15 44 10
internal_value=-0.000231244 0.00425044 -0.0114229 0.0160542 -0.000253303 -0.0143831
internal_weight=82.4616 58.2968 24.1649 15.8149 42.4819 22.5117
internal_count=699 505 194 65 440 184
is_linear=0
shrinkage=0.03


Tree=90
num_leaves=5
num_cat=0
split_feature=3 22 15 23
split_gain=5.69253 3.83649 3.81603 2.53799
threshold=1.5000000000000002 0.040069000000000007 0.34436500000000003 1.0000000180025095e-35
decision_type=10 8 10 8
left_child=1 2 -1 -3
right_child=-2 3 -4 -5
leaf_value=-0.013175201239895313 0.021897758759343709 -0.015029769621155629 0.01131672414623258 0.0061414444191952092
leaf_weight=28.58958358690143 7.7311645895242682 2.1726583093404761 3.2669776380062094 45.449389137327671
leaf_count=211 46 17 15 446
internal_value=0.00121402 -0.00115754 -0.009045 0.00374946
internal_weight=87.2098 79.4786 31.8566 47.622
internal_count=735 689 226 463
is_linear=0
shrinkage=0.03


Tree=91
num_leaves=7
num_cat=0
split_feature=4 25 9 18 18 21
split_gain=4.95426 3.74296 3.09284 2.11503 0.997876 0.592016
threshold=1.0000000180025095e-35 0.6291095000000001 7.7174010000000006 0.09628200000000002 0.32389550000000006 0.029932000000000004
decision_type=10 2 10 8 10 10
left_child=1 4 -3 -2 -1 -5
right_child=3 2 -4 5 -6 -7
leaf_value=-0.018168380974412066 0.022687069525448134 0.0035624214016474198 -0.018986587914585521 -0.0080173717963475666 0 0.0064796749525981899
leaf_weight=10.611505951732395 8.9626402556896174 54.098530989140272 2.8871333152055731 2.2259341776371016 1.9583771526813496 1.6896550208330152
leaf_count=190 44 417 16 12 14 9
internal_value=0.000994143 -0.00199782 0.00102745 0.0163675 -0.0151951 0
internal_weight=82.4338 69.5555 56.9857 12.8782 12.5699 3.91559
internal_count=702 637 433 65 204 21
is_linear=0
shrinkage=0.03


Tree=92
num_leaves=6
num_cat=0
split_feature=25 3 9 9 21
split_gain=5.44741 2.89135 3.24272 0.896992 0.835281
threshold=0.63185900000000006 1.5000000000000002 1.0000000180025095e-35 7.9372940000000005 0.060966000000000013
decision_type=2 10 10 10 10
left_child=3 2 -2 4 -1
right_child=1 -3 -4 -5 -6
leaf_value=-0.017205022729350729 0.0054838771934103588 0.020933036073548586 -0.012249032228385899 0 0
leaf_weight=12.186082266271113 54.03738920763135 7.0772546678781501 7.4815721958875647 1.0727856829762448 1.5319579988718022
leaf_count=208 406 43 36 5 8
internal_value=0.00158343 0.00552186 0.00239305 -0.0128469 -0.014964
internal_weight=83.387 68.5962 61.519 14.7908 13.718
internal_count=706 485 442 221 216
is_linear=0
shrinkage=0.03


Tree=93
num_leaves=6
num_cat=0
split_feature=4 25 23 24 24
split_gain=6.19623 5.14764 3.55583 3.09789 0.455456
threshold=1.0000000180025095e-35 0.64340700000000006 0.70664500000000008 0.95943100000000014 0.99267050000000012
decision_type=10 2 8 2 2
left_child=1 4 -2 -3 -1
right_child=2 3 -4 -5 -6
leaf_value=-0.018998997116363946 0.022190941938243718 -0.016877318935708732 -0.0058414612013847084 0.002856728803660813 0
leaf_weight=15.445862859487534 11.257429897785183 5.3343994319438925 2.1659572422504434 47.74184837937355 0.69866057112813074
leaf_count=239 56 55 12 346 9
internal_value=-0.000646408 -0.00472953 0.0156003 0 -0.0180659
internal_weight=82.6442 69.2208 13.4234 53.0762 16.1445
internal_count=717 649 68 401 248
is_linear=0
shrinkage=0.03


Tree=94
num_leaves=6
num_cat=0
split_feature=4 18 19 2 17
split_gain=5.37488 4.8298 3.52176 3.43144 1.31777
threshold=1.0000000180025095e-35 0.10631950000000003 0.24211000000000002 0.47222200000000009 0.31202450000000009
decision_type=10 8 8 8 10
left_child=1 4 -2 -3 -1
right_child=2 3 -4 -5 -6
leaf_value=-0.018347658973559555 0.023167143854260722 0.011317797024480526 -0.0043979021912415577 -0.0040968177162657698 0
leaf_weight=16.476865109056238 9.7203599214553797 16.876349557191133 2.5896339341998109 32.236829565837979 4.8226287700235835
leaf_count=128 50 82 14 421 33
internal_value=-0.000122995 -0.00382298 0.0156833 0.000970918 -0.0148667
internal_weight=82.7227 70.4127 12.31 49.1132 21.2995
internal_count=728 664 64 503 161
is_linear=0
shrinkage=0.03


Tree=95
num_leaves=4
num_cat=0
split_feature=3 25 23
split_gain=6.00554 4.18734 2.80702
threshold=1.5000000000000002 0.58551750000000002 0.48883750000000009
decision_type=10 2 10
left_child=1 -1 -3
right_child=-2 2 -4
leaf_value=-0.020801393594317034 0.021155819321586049 0.0024349216315689695 -0.012183146091677302
leaf_weight=7.6114182770252219 7.2388166189193717 56.42523418366909 11.648033946752546
leaf_count=148 45 464 73
internal_value=-9.17686e-05 -0.00323437 -5.29503e-05
internal_weight=82.9235 75.6847 68.0733
internal_count=730 685 537
is_linear=0
shrinkage=0.03


Tree=96
num_leaves=5
num_cat=0
split_feature=3 22 23 23
split_gain=4.95584 3.88267 3.17671 1.26698
threshold=1.5000000000000002 0.040069000000000007 0.0078600000000000024 0.013031000000000003
decision_type=10 8 10 10
left_child=1 3 -3 -1
right_child=-2 2 -4 -5
leaf_value=-0.001166644383903358 0.021468699650137733 -0.00074787172695660147 0.013806285317125437 -0.015330448378063657
leaf_weight=19.2622857503593 7.609878681600093 26.732021197676659 18.299761064350605 11.411800146102903
leaf_count=155 49 366 74 72
internal_value=0.00223254 -6.4502e-05 0.00503489 -0.00822328
internal_weight=83.3157 75.7059 45.0318 30.6741
internal_count=716 667 440 227
is_linear=0
shrinkage=0.03


Tree=97
num_leaves=5
num_cat=0
split_feature=3 21 24 0
split_gain=6.99061 3.84887 4.16503 1.9984
threshold=1.5000000000000002 0.094693500000000014 0.9856450000000001 1.0000000180025095e-35
decision_type=10 8 2 10
left_child=1 2 -1 -3
right_child=-2 3 -4 -5
leaf_value=-0.018466357148838843 0.020741547402662503 -0.001807010585098202 0 0.01439850595457891
leaf_weight=25.299843613058329 7.0151444002985945 31.748553439974785 12.959627274423836 5.2057601511478415
leaf_count=204 45 400 71 20
internal_value=-0.00235105 -0.0056014 -0.0119601 0.000634717
internal_weight=82.2289 75.2138 38.2595 36.9543
internal_count=740 695 275 420
is_linear=0
shrinkage=0.03


Tree=98
num_leaves=7
num_cat=0
split_feature=24 21 25 25 24 20
split_gain=5.13194 5.63485 3.15385 2.33376 1.92869 0.964978
threshold=0.98260900000000007 0.12386950000000001 0.61938900000000008 0.89108700000000007 0.98791800000000018 0.062783000000000019
decision_type=2 10 2 2 2 10
left_child=1 3 -2 -1 -4 -3
right_child=2 5 4 -5 -6 -7
leaf_value=-0.013437640167268677 -0.0089956342466520709 0 0.018264236523839846 0.006317859954727576 0.0017704692536520035 0.016985287703604669
leaf_weight=35.252692319452763 3.9590135738253585 2.0754954814910871 17.769093319773674 2.2574503012001506 16.819777049124241 5.9411091059446335
leaf_count=400 58 11 110 15 116 24
internal_value=0.000439915 -0.00584246 0.00846785 -0.0111283 0.0118232 0.0124625
internal_weight=84.0746 45.5267 38.5479 37.5101 34.5889 8.0166
internal_count=734 450 284 415 226 35
is_linear=0
shrinkage=0.03


Tree=99
num_leaves=5
num_cat=0
split_feature=3 5 2 25
split_gain=4.78042 3.82018 3.17832 2.04937
threshold=1.5000000000000002 1.5000000000000002 0.47222200000000009 0.6291095000000001
decision_type=10 10 10 2
left_child=1 3 -3 -1
right_child=-2 2 -4 -5
leaf_value=-0.01744220720698491 0.019290276882649275 0.018751621740912425 -0.0049909518578720594 -0.0030274977231945707
leaf_weight=11.635230554267762 6.1523670330643645 8.2899152934551221 4.6114209145307532 48.686025779694319
leaf_count=202 42 29 22 409
internal_value=-0.000746372 -0.00351646 0.00903798 -0.00697633
internal_weight=79.375 73.2226 12.9013 60.3213
internal_count=704 662 51 611
is_linear=0
shrinkage=0.03


Tree=100
num_leaves=6
num_cat=0
split_feature=4 19 19 15 15
split_gain=4.45112 4.71749 3.74484 1.52296 1.41151
threshold=1.0000000180025095e-35 0.053732500000000009 0.53826300000000005 0.23709800000000003 0.17437600000000003
decision_type=10 8 10 8 8
left_child=1 4 -3 -2 -1
right_child=3 2 -4 -5 -6
leaf_value=-0.021637057714502833 0.020488496823541012 0.0047832978792621637 -0.016099439498790686 0 0
leaf_weight=8.8395475521683657 9.5826063156127894 53.296743880957365 5.6556983180344096 1.6647308170795447 2.4710005596280107
leaf_count=78 52 508 60 9 12
internal_value=0.00104987 -0.00160157 0.00161305 0.0165688 -0.0172787
internal_weight=81.5103 70.263 58.9524 11.2473 11.3105
internal_count=719 658 568 61 90
is_linear=0
shrinkage=0.03


Tree=101
num_leaves=5
num_cat=0
split_feature=3 22 18 17
split_gain=5.43324 4.13516 7.20591 2.13594
threshold=1.5000000000000002 0.041865000000000006 0.29332350000000001 0.10405600000000002
decision_type=10 8 10 10
left_child=1 3 -3 -1
right_child=-2 2 -4 -5
leaf_value=-0.021671822741787812 0.020282271243893972 -0.0033960002155506183 0.024283067088063173 -0.0027084723049584226
leaf_weight=10.214448727667333 6.796080343425273 37.744552237913013 7.4592567458748809 18.298362832516432
leaf_count=92 46 424 28 123
internal_value=-0.000356426 -0.00336893 0.00177609 -0.0118703
internal_weight=80.5127 73.7166 45.2038 28.5128
internal_count=713 667 452 215
is_linear=0
shrinkage=0.03


Tree=102
num_leaves=6
num_cat=0
split_feature=4 2 2 24 15
split_gain=4.18016 3.86558 4.59791 3.34516 2.43131
threshold=1.0000000180025095e-35 0.32575750000000009 1.0000000180025095e-35 0.98630350000000011 0.22203050000000005
decision_type=10 10 10 2 8
left_child=1 2 -1 -3 -2
right_child=4 3 -4 -5 -6
leaf_value=-0.0031018940565079619 0.020555288177117496 -0.020241564572837167 0.018153802720890969 5.5681549867119886e-05 -0.0021817349801274712
leaf_weight=39.187466118484735 8.9372007176279986 14.894379891455175 8.4579570293426496 7.5560307800769797 2.4366478696465501
leaf_count=456 50 125 33 45 13
internal_value=-0.000248216 -0.00348143 0.000930873 -0.0130301 0.0141584
internal_weight=81.4697 70.0958 47.6454 22.4504 11.3738
internal_count=722 659 489 170 63
is_linear=0
shrinkage=0.03


Tree=103
num_leaves=7
num_cat=0
split_feature=24 2 20 2 17 19
split_gain=3.83942 6.94356 1.76991 1.68979 2.24846 1.36772
threshold=0.9787530000000001 0.32575750000000009 0.062783000000000019 1.0000000180025095e-35 0.0089760000000000031 0.10198750000000002
decision_type=2 10 10 8 8 10
left_child=1 2 -1 5 -5 -2
right_child=3 -3 -4 4 -6 -7
leaf_value=-0.0050294141729685191 0.0039030087577605673 -0.025841699952597618 0.0089057109333219846 -0.005513727518250312 0.01137381357615015 -0.012772014641061053
leaf_weight=14.538738746196033 4.1830018460750562 9.3659745529293996 11.546400815248488 4.3094675205647937 32.759034384042025 4.7251201644539833
leaf_count=211 26 100 63 37 261 27
internal_value=0 -0.00723572 0.000389768 0.00542676 0.00839598 -0.00341196
internal_weight=81.4277 35.4511 26.0851 45.9766 37.0685 8.90812
internal_count=725 374 274 351 298 53
is_linear=0
shrinkage=0.03


Tree=104
num_leaves=6
num_cat=0
split_feature=25 24 23 24 25
split_gain=4.38328 4.71403 1.60846 1.57853 1.57792
threshold=0.58551750000000002 0.96569300000000002 0.61503100000000011 0.94413700000000012 0.74951050000000008
decision_type=2 2 10 2 2
left_child=3 4 -3 -1 -2
right_child=1 2 -4 -5 -6
leaf_value=0.00023153413966389493 -0.016099234495923043 0.0099723618660051833 -0.0014302089642786325 -0.020600418811476395 0.00081273958141840814
leaf_weight=0.89868785813450713 8.4182074964046461 54.659346658736467 7.5297531336545935 6.5309589859098196 2.9634535014629355
leaf_count=8 109 402 40 133 19
internal_value=0.00185146 0.0045835 0.00812928 -0.0158624 -0.0103589
internal_weight=81.0004 73.5708 62.1891 7.42965 11.3817
internal_count=711 570 442 141 128
is_linear=0
shrinkage=0.03


end of trees

feature_importances:
embedding_cosine_gte_multilingual_base=81
reranker_score_gte_multilingual_reranker_base=75
shared_title_count_capped=50
repeated_title_share_percentile_gap_abs=45
max_category_share_percentile_gap_abs=44
profile_category_jaccard=35
shared_description_count_capped=35
repeated_description_share_percentile_gap_abs=31
digit_ratio_mean_percentile_gap_abs=26
shared_category_count_capped=23
item_count_percentile_gap_abs=19
price_median_percentile_gap_abs=14
punct_ratio_mean_percentile_gap_abs=14
description_length_median_percentile_gap_abs=11
shared_description_idf_mean=8
title_length_median_percentile_gap_abs=8
shared_title_idf_sum=4
shared_description_idf_sum=4
same_market_raw_bool=2
shared_low_df_sentence_count=2
shared_title_idf_mean=1

parameters:
[boosting: gbdt]
[objective: binary]
[metric: binary_logloss,auc]
[tree_learner: serial]
[device_type: cpu]
[data_sample_strategy: bagging]
[data: ]
[valid: ]
[num_iterations: 120]
[learning_rate: 0.03]
[num_leaves: 7]
[num_threads: 0]
[seed: 20260321]
[deterministic: 1]
[force_col_wise: 1]
[force_row_wise: 0]
[histogram_pool_size: -1]
[max_depth: 3]
[min_data_in_leaf: 10]
[min_sum_hessian_in_leaf: 0.001]
[bagging_fraction: 0.8]
[pos_bagging_fraction: 1]
[neg_bagging_fraction: 1]
[bagging_freq: 1]
[bagging_seed: 20260321]
[bagging_by_query: 0]
[feature_fraction: 0.6]
[feature_fraction_bynode: 1]
[feature_fraction_seed: 20260321]
[extra_trees: 0]
[extra_seed: 14909]
[early_stopping_round: 0]
[early_stopping_min_delta: 0]
[first_metric_only: 0]
[max_delta_step: 0]
[lambda_l1: 1]
[lambda_l2: 3]
[linear_lambda: 0]
[min_gain_to_split: 0.05]
[drop_rate: 0.1]
[max_drop: 50]
[skip_drop: 0.5]
[xgboost_dart_mode: 0]
[uniform_drop: 0]
[drop_seed: 4518]
[top_rate: 0.2]
[other_rate: 0.1]
[min_data_per_group: 100]
[max_cat_threshold: 32]
[cat_l2: 10]
[cat_smooth: 10]
[max_cat_to_onehot: 4]
[top_k: 20]
[monotone_constraints: ]
[monotone_constraints_method: basic]
[monotone_penalty: 0]
[feature_contri: ]
[forcedsplits_filename: ]
[refit_decay_rate: 0.9]
[cegb_tradeoff: 1]
[cegb_penalty_split: 0]
[cegb_penalty_feature_lazy: ]
[cegb_penalty_feature_coupled: ]
[path_smooth: 0]
[interaction_constraints: ]
[verbosity: -1]
[saved_feature_importance_type: 0]
[use_quantized_grad: 0]
[num_grad_quant_bins: 4]
[quant_train_renew_leaf: 0]
[stochastic_rounding: 1]
[linear_tree: 0]
[max_bin: 255]
[max_bin_by_feature: ]
[min_data_in_bin: 3]
[bin_construct_sample_cnt: 200000]
[data_random_seed: 20260321]
[is_enable_sparse: 1]
[enable_bundle: 1]
[use_missing: 1]
[zero_as_missing: 0]
[feature_pre_filter: 1]
[pre_partition: 0]
[two_round: 0]
[header: 0]
[label_column: ]
[weight_column: ]
[group_column: ]
[ignore_column: ]
[categorical_feature: ]
[forcedbins_filename: ]
[precise_float_parser: 0]
[parser_config_file: ]
[objective_seed: 21012]
[num_class: 1]
[is_unbalance: 0]
[scale_pos_weight: 1]
[sigmoid: 1]
[boost_from_average: 1]
[reg_sqrt: 0]
[alpha: 0.9]
[fair_c: 1]
[poisson_max_delta_step: 0.7]
[tweedie_variance_power: 1.5]
[lambdarank_truncation_level: 30]
[lambdarank_norm: 1]
[label_gain: ]
[lambdarank_position_bias_regularization: 0]
[eval_at: ]
[multi_error_top_k: 1]
[auc_mu_weights: ]
[num_machines: 1]
[local_listen_port: 12400]
[time_out: 120]
[machine_list_filename: ]
[machines: ]
[gpu_platform_id: -1]
[gpu_device_id: -1]
[gpu_use_dp: 0]
[num_gpu: 1]

end of parameters

pandas_categorical:null
