tree
version=v4
num_class=1
num_tree_per_iteration=1
label_index=0
max_feature_idx=25
objective=binary sigmoid:1
feature_names=same_market_raw_bool same_source_dataset_bool profile_category_jaccard shared_title_count_capped shared_description_count_capped shared_category_count_capped shared_title_idf_sum shared_description_idf_sum shared_title_idf_mean shared_description_idf_mean boilerplate_ratio_max boilerplate_ratio_gap_abs shared_boilerplate_count shared_low_df_sentence_count shared_rare_ngram_count item_count_percentile_gap_abs price_median_percentile_gap_abs title_length_median_percentile_gap_abs description_length_median_percentile_gap_abs digit_ratio_mean_percentile_gap_abs punct_ratio_mean_percentile_gap_abs repeated_title_share_percentile_gap_abs repeated_description_share_percentile_gap_abs max_category_share_percentile_gap_abs embedding_cosine_multilingual_e5_large reranker_score_gte_multilingual_reranker_base
feature_infos=[0:1] [0:1] [0:1] [0:5] [0:5] [0:5] [0:61.502074] [0:79.443972000000002] [0:8.8271080000000008] [0:8.8271080000000008] [0:0.125] [0:0.125] [0:1] [0:9] [0:7] [0:0.84691799999999995] [0:0.97017900000000001] [0:0.97814400000000001] [0:0.90912599999999999] [0:0.87231599999999998] [0:0.92139599999999999] [0:0.78087600000000001] [0:0.625498] [0:0.96330300000000002] [0.79480499999999998:0.99362300000000003] [0.38485900000000001:0.964619]
tree_sizes=679 784 673 777 683 765 679 889 857 782 685 679 782 991 785 785 784 999 974 680 787 782 780 841 997 676 1085 768 857 884 787 790 855 1151 871 876 952 1307 1289 752 887 1160 863 941 849 845 843 847 1081 844 847 918 869 1169 1261 1003 929 783 899 872 1249 1064 963 1066 860

Tree=0
num_leaves=5
num_cat=0
split_feature=4 21 23 24
split_gain=86.2132 66.568 20.7497 12.1491
threshold=1.0000000180025095e-35 0.007818000000000002 0.0048635000000000006 0.94125300000000012
decision_type=10 8 8 2
left_child=1 -1 -3 -4
right_child=-2 2 3 -5
leaf_value=-0.092548336062955927 0.090440103561677629 -0.076040365696451534 0.00064653357536500957 0.051198893894008266
leaf_weight=21.984649822115898 20.485144391655922 5.8039475530385962 53.881267569959164 14.159251458942888
leaf_count=125 48 33 403 83
internal_value=0.000823507 -0.0191753 0.00374477 0.0124034
internal_weight=116.314 95.8291 73.8445 68.0405
internal_count=692 644 519 486
is_linear=0
shrinkage=1


Tree=1
num_leaves=6
num_cat=0
split_feature=4 21 25 23 16
split_gain=83.8667 58.5172 21.5904 23.3675 7.09653
threshold=1.0000000180025095e-35 0.010550500000000003 0.65427900000000017 0.032232000000000004 0.03604000000000001
decision_type=10 8 2 8 8
left_child=1 -1 4 -4 -3
right_child=-2 2 3 -5 -6
leaf_value=-0.088592709167056638 0.086572802513391459 0.014892909062148053 -0.071194987700887905 0.02851983937759027 -0.061255334709110688
leaf_weight=22.464641898870468 20.87454129755497 2.6073260009288761 5.0942277312278739 49.063492149114609 13.118895575404167
leaf_count=128 49 9 29 316 148
internal_value=-0.000198691 -0.0211492 0.00158679 0.0170253 -0.0469816
internal_weight=113.223 92.3486 69.8839 54.1577 15.7262
internal_count=679 630 502 345 157
is_linear=0
shrinkage=0.05


Tree=2
num_leaves=5
num_cat=0
split_feature=4 21 23 25
split_gain=79.6698 55.0047 18.9887 15.1206
threshold=1.0000000180025095e-35 0.007818000000000002 0.0048635000000000006 0.86402100000000004
decision_type=10 8 8 2
left_child=1 -1 -3 -4
right_child=-2 2 3 -5
leaf_value=-0.085039877665982935 0.083321025222119205 -0.072279831929061386 -0.0022688504857615935 0.053101356789902167
leaf_weight=22.85194405913353 21.611744806170464 6.2998343706130973 53.103234689682722 14.235557176172732
leaf_count=131 51 36 401 77
internal_value=0 -0.0198791 0.00130322 0.00997538
internal_weight=118.102 96.4906 73.6386 67.3388
internal_count=696 645 514 478
is_linear=0
shrinkage=0.05


Tree=3
num_leaves=6
num_cat=0
split_feature=4 21 25 23 16
split_gain=69.1762 50.6548 20.8428 17.7819 6.04669
threshold=1.0000000180025095e-35 0.007818000000000002 0.65427900000000017 0.032232000000000004 0.11101300000000001
decision_type=10 8 2 8 8
left_child=1 -1 4 -4 -3
right_child=-2 2 3 -5 -6
leaf_value=-0.081696026423347279 0.079794221639414464 0.00092081508539741176 -0.057237599560179819 0.026334021062375403 -0.062761862027732748
leaf_weight=22.290979519486427 20.566811412572861 4.0892922431230518 5.6543161720037451 51.638795405626297 11.618227377533913
leaf_count=129 49 16 31 330 137
internal_value=0 -0.0183068 0.0019689 0.0164111 -0.0460948
internal_weight=115.858 95.2916 73.0006 57.2931 15.7075
internal_count=692 643 514 361 153
is_linear=0
shrinkage=0.05


Tree=4
num_leaves=5
num_cat=0
split_feature=4 23 2 5
split_gain=60.4969 42.6014 16.9446 15.4871
threshold=1.0000000180025095e-35 0.0066885000000000009 0.47222200000000009 1.5000000000000002
decision_type=10 8 10 10
left_child=1 -1 3 -3
right_child=-2 2 -4 -5
leaf_value=-0.079414908551253369 0.076223946525130232 -0.004868019977867788 -0.070719453192321508 0.051856837096533215
leaf_weight=20.902037367224693 18.644361391663551 52.510998301208019 6.2127065658569327 13.831528782844542
leaf_count=122 45 437 36 41
internal_value=-0.00226135 -0.0191389 -0.000179871 0.00747493
internal_weight=112.102 93.4573 72.5552 66.3425
internal_count=681 636 514 478
is_linear=0
shrinkage=0.05


Tree=5
num_leaves=6
num_cat=0
split_feature=3 21 23 22 24
split_gain=54.279 37.9078 16.2321 13.0797 1.14685
threshold=1.0000000180025095e-35 0.0038650000000000004 0.0066885000000000009 0.043781000000000007 0.9580415000000001
decision_type=10 8 8 10 2
left_child=1 4 -3 -4 -1
right_child=-2 2 3 -5 -6
leaf_value=-0.07590982488907605 0.075689360804261488 -0.0657636396279664 -0.010281418015239885 0.033218070904682144 0
leaf_weight=19.056005537509922 18.510066330432892 6.3122760206460944 34.388356637209654 31.135277256369591 1.0862634181976307
leaf_count=113 45 37 361 104 5
internal_value=0.000752566 -0.0150331 0.00206357 0.0102963 -0.0730794
internal_weight=110.488 91.9782 71.8359 65.5236 20.1423
internal_count=665 620 502 465 118
is_linear=0
shrinkage=0.05


Tree=6
num_leaves=5
num_cat=0
split_feature=4 23 2 25
split_gain=49.8223 42.3938 17.4429 17.0373
threshold=1.0000000180025095e-35 0.0048635000000000006 0.47222200000000009 0.58434600000000014
decision_type=10 8 10 2
left_child=1 -1 3 -3
right_child=-2 2 -4 -5
leaf_value=-0.074332208214907575 0.073828312314496686 -0.065945333453302377 -0.067046564225538327 0.020595557883006668
leaf_weight=19.635772049427032 19.17483001947403 4.6534496545791617 5.9342340826988211 65.226236995309591
leaf_count=118 47 67 35 425
internal_value=0.00323232 -0.0116146 0.00543282 0.0132177
internal_weight=114.625 95.4497 75.8139 69.8797
internal_count=692 645 527 492
is_linear=0
shrinkage=0.05


Tree=7
num_leaves=7
num_cat=0
split_feature=4 21 25 5 22 16
split_gain=53.1905 40.1958 15.8527 13.0789 5.20396 4.7843
threshold=1.0000000180025095e-35 0.092367000000000019 0.65427900000000017 1.0000000180025095e-35 0.49175500000000005 0.11101300000000001
decision_type=10 8 2 8 10 8
left_child=1 4 5 -4 -1 -3
right_child=-2 2 3 -5 -6 -7
leaf_value=-0.067148918090638929 0.070138469875315274 0.0082206440716433311 -0.029839152296445428 0.033862242716003674 0.014634665983196977 -0.053207787705639879
leaf_weight=29.86044475436211 19.376730725169182 2.9332589358091328 8.5855389237403852 36.280683510005474 1.0341745615005482 10.437130443751812
leaf_count=172 49 11 41 268 3 129
internal_value=-0.0015888 -0.0183606 0.00593758 0.0205623 -0.0630887 -0.0385803
internal_weight=108.508 89.1312 58.2366 44.8662 30.8946 13.3704
internal_count=673 624 449 309 175 140
is_linear=0
shrinkage=0.05


Tree=8
num_leaves=7
num_cat=0
split_feature=3 21 25 25 23 24
split_gain=49.3143 32.4922 13.4196 8.81504 2.827 0.973225
threshold=1.0000000180025095e-35 0.0038650000000000004 0.89108700000000007 0.58434600000000014 0.0048635000000000006 0.9564180000000001
decision_type=10 8 2 2 8 2
left_child=1 5 3 -3 -4 -1
right_child=-2 2 4 -5 -6 -7
leaf_value=-0.070724942984435907 0.070065886765396976 -0.064094818729552347 -0.012126955648149616 -0.0024976166145517903 0.053516343066599671 0
leaf_weight=20.34528082609177 18.43256501853466 5.1517502963542929 0.65041831135749539 56.049029462039471 10.59931405633688 1.0458514094352711
leaf_count=127 47 69 4 376 59 5
internal_value=-0.00123845 -0.0163884 0 -0.00949076 0.04678 -0.0683169
internal_weight=112.274 93.8416 72.4505 61.2008 11.2497 21.3911
internal_count=687 640 508 445 63 132
is_linear=0
shrinkage=0.05


Tree=9
num_leaves=6
num_cat=0
split_feature=4 21 25 23 16
split_gain=43.4936 33.9278 13.5828 13.4636 5.86669
threshold=1.0000000180025095e-35 0.007818000000000002 0.65427900000000017 0.032232000000000004 0.11101300000000001
decision_type=10 8 2 8 8
left_child=1 -1 4 -4 -3
right_child=-2 2 3 -5 -6
leaf_value=-0.069031076531742064 0.066808987750349796 0.0061227805679703829 -0.04985036217725828 0.023165311594050293 -0.053344332287726975
leaf_weight=19.4911999553442 19.371797323226929 4.6710966974496868 5.5665582865476599 51.59956331178546 11.347679376602171
leaf_count=124 51 18 32 334 140
internal_value=0.00132639 -0.0129419 0.00274796 0.0145365 -0.0355371
internal_weight=112.048 92.6761 73.1849 57.1661 16.0188
internal_count=699 648 524 366 158
is_linear=0
shrinkage=0.05


Tree=10
num_leaves=5
num_cat=0
split_feature=3 21 23 22
split_gain=39.5948 32.0355 13.0996 9.94117
threshold=1.0000000180025095e-35 0.007818000000000002 0.0048635000000000006 0.056071000000000003
decision_type=10 8 8 10
left_child=1 -1 -3 -4
right_child=-2 2 3 -5
leaf_value=-0.067717779055652419 0.065825455100603877 -0.059910645753885029 -0.0083631723879396234 0.030042573117450858
leaf_weight=20.563941016793251 16.5376335978508 6.3093616515398017 35.929125860333443 28.435906782746315
leaf_count=134 44 39 369 96
internal_value=-0.00172338 -0.0151034 0.000948557 0.00852236
internal_weight=107.776 91.2383 70.6744 64.365
internal_count=682 638 504 465
is_linear=0
shrinkage=0.05


Tree=11
num_leaves=5
num_cat=0
split_feature=3 21 25 23
split_gain=37.2734 29.142 10.731 10.5685
threshold=1.0000000180025095e-35 0.007818000000000002 0.58434600000000014 0.0048635000000000006
decision_type=10 8 2 8
left_child=1 -1 -3 -4
right_child=-2 2 3 -5
leaf_value=-0.065875465966925492 0.064705349121190706 -0.060259182723902342 -0.054157936235776798 0.013541664284489885
leaf_weight=19.302917942404747 16.5886340290308 4.9384272471070281 4.769571751356124 61.541402444243431
leaf_count=129 45 69 30 414
internal_value=-0.000679361 -0.0137882 0.00104694 0.00721326
internal_weight=107.141 90.5523 71.2494 66.311
internal_count=687 642 513 444
is_linear=0
shrinkage=0.05


Tree=12
num_leaves=6
num_cat=0
split_feature=4 23 25 2 23
split_gain=29.7781 29.8769 13.2552 12.631 7.50094
threshold=1.0000000180025095e-35 0.0048635000000000006 0.65427900000000017 0.47222200000000009 0.30551700000000009
decision_type=10 8 2 10 8
left_child=1 -1 4 -4 -3
right_child=-2 2 3 -5 -6
leaf_value=-0.065032002138962361 0.0613256032921983 0.012066849210371773 0.023029016526666002 -0.057049745842141925 -0.052567116920359536
leaf_weight=18.306924670934677 15.595975920557974 5.1725981235504177 52.73295883089304 3.8377428203821173 12.055667385458944
leaf_count=124 44 20 334 24 144
internal_value=0.000436685 -0.0104239 0.00381612 0.0158327 -0.0324144
internal_weight=107.702 92.1059 73.799 56.5707 17.2283
internal_count=690 646 522 358 164
is_linear=0
shrinkage=0.05


Tree=13
num_leaves=8
num_cat=0
split_feature=4 21 24 5 25 22 25
split_gain=34.1939 26.4224 11.4682 5.61363 3.9057 1.61456 2.70929
threshold=1.0000000180025095e-35 0.041201000000000008 0.94078950000000006 1.5000000000000002 0.6986380000000002 0.053048000000000005 0.72756750000000003
decision_type=10 8 2 10 2 10 2
left_child=1 5 3 -3 -4 -1 -7
right_child=-2 2 4 -5 -6 6 -8
leaf_value=-0.065890283658103468 0.061092184698475244 -0.015829073088865053 -0.011414161578829948 0.024656185109596666 0.053163778387550757 -0.049551619066889985 0.00022413737286853483
leaf_weight=17.473882675170902 16.694562897086143 40.69942669942975 1.5666634738445271 8.9601198583841306 11.159863501787184 3.2054560780525199 4.2466841489076614
leaf_count=120 48 356 16 30 62 21 19
internal_value=-0.00111417 -0.0141208 0.00317709 -0.00752687 0.0430915 -0.0560837 -0.023109
internal_weight=104.007 87.3121 62.3861 49.6595 12.7265 24.926 7.45214
internal_count=672 624 464 386 78 160 40
is_linear=0
shrinkage=0.05


Tree=14
num_leaves=6
num_cat=0
split_feature=4 21 18 23 18
split_gain=30.3599 26.3805 11.2889 8.39875 6.30495
threshold=1.0000000180025095e-35 0.007818000000000002 0.12758150000000004 0.015522500000000003 0.044463000000000009
decision_type=10 8 10 10 10
left_child=1 -1 4 -4 -3
right_child=-2 2 3 -5 -6
leaf_value=-0.062372286158050877 0.06129878677860532 -0.0024309016972339538 -0.032338501429014344 0.038727232623188945 -0.05041893563224488
leaf_weight=18.226223230361938 15.68898221850395 36.254130993038416 3.416139796376231 23.518430709838867 7.3980376571416846
leaf_count=131 46 367 20 75 40
internal_value=0.00016794 -0.0111929 0.00269825 0.0276042 -0.0125222
internal_weight=104.502 88.813 70.5867 26.9346 43.6522
internal_count=679 633 502 95 407
is_linear=0
shrinkage=0.05


Tree=15
num_leaves=6
num_cat=0
split_feature=4 2 25 5 23
split_gain=31.1784 21.6568 13.8892 8.82014 1.9511
threshold=1.0000000180025095e-35 0.47222200000000009 0.8619190000000001 1.5000000000000002 1.0000000180025095e-35
decision_type=10 10 2 10 8
left_child=1 2 3 -1 -4
right_child=-2 -3 4 -5 -6
leaf_value=-0.020945653340242509 0.058866946393249936 -0.063951874862051672 -0.0079408852729498224 0.028666000240889944 0.045961374650927332
leaf_weight=47.58570097386837 16.744937628507614 15.336990669369696 0.58324161171912869 9.2264385074377042 13.263025660067797
leaf_count=414 51 110 4 31 77
internal_value=-0.000349147 -0.0129769 -0.000466499 -0.0119297 0.0415076
internal_weight=102.74 85.9954 70.6584 56.8121 13.8463
internal_count=687 636 526 445 81
is_linear=0
shrinkage=0.05


Tree=16
num_leaves=6
num_cat=0
split_feature=4 21 25 2 25
split_gain=24.7171 21.4072 11.226 5.50024 2.98599
threshold=1.0000000180025095e-35 0.010550500000000003 0.71720200000000012 0.47222200000000009 0.58434600000000014
decision_type=10 8 2 10 2
left_child=1 -1 4 -4 -3
right_child=-2 2 3 -5 -6
leaf_value=-0.060224926851351328 0.056356721576819313 -0.055854158182863156 0.022407046951514065 -0.042993261520905914 -0.012401921213235936
leaf_weight=16.784266263246536 13.99590267241001 4.6674288660287884 38.394796632230282 1.8818675577640522 22.997887812554836
leaf_count=127 44 69 237 11 182
internal_value=-0.00152302 -0.0121882 0.00036332 0.0173189 -0.0230856
internal_weight=98.7221 84.7262 67.942 40.2767 27.6653
internal_count=670 626 499 248 251
is_linear=0
shrinkage=0.05


Tree=17
num_leaves=8
num_cat=0
split_feature=3 21 5 2 20 4 22
split_gain=25.7999 21.3661 7.38132 10.1216 6.12314 3.06339 2.72327
threshold=1.0000000180025095e-35 0.035092000000000005 1.0000000180025095e-35 0.47222200000000009 0.27958850000000007 1.0000000180025095e-35 0.13096950000000004
decision_type=10 8 10 10 10 10 10
left_child=1 5 4 -4 -3 6 -1
right_child=-2 2 3 -5 -6 -7 -8
leaf_value=-0.062003071348652586 0.059918495714875668 0.0023400063582348653 0.046429599906674425 -0.044782648875152521 -0.04843080205458776 0.012648988690237228 -0.0094314302226299902
leaf_weight=16.973993599414833 14.766970932483671 40.71596372500062 16.08998499810696 2.1601127982139579 5.3082974255084983 0.73723164200782676 4.9152135699987403
leaf_count=129 46 382 48 13 30 2 27
internal_value=0.0018793 -0.0085498 0.00603337 0.0317865 -0.00433349 -0.0488116 -0.0526289
internal_weight=101.668 86.9008 64.2744 18.2501 46.0243 22.6264 21.8892
internal_count=677 631 473 61 412 158 156
is_linear=0
shrinkage=0.05


Tree=18
num_leaves=8
num_cat=0
split_feature=3 21 25 25 4 18 17
split_gain=27.3115 18.1144 9.43358 5.47941 4.81165 4.25737 1.94998
threshold=1.0000000180025095e-35 0.046415500000000005 0.8619190000000001 0.58434600000000014 1.0000000180025095e-35 0.6195210000000001 0.089595500000000008
decision_type=10 8 2 2 10 10 8
left_child=1 4 3 -3 5 -1 -4
right_child=-2 2 6 -5 -6 -7 -8
leaf_value=-0.061183741265357042 0.057182119659259012 -0.053809916855784859 0 -0.0022024973523535785 0.019735038374962516 0.012061237322779458 0.045459909361384575
leaf_weight=20.318746477365501 14.854665145277975 4.5333031490445128 1.7606540322303743 45.182059727609158 1.0701780915260304 1.0822208449244488 10.34828183427453
leaf_count=153 48 65 8 339 3 4 67
internal_value=-0.00177599 -0.0132752 0.000618043 -0.00883463 -0.0501889 -0.0558408 0.0379608
internal_weight=99.1501 84.2954 61.8243 49.7154 22.4711 21.401 12.1089
internal_count=687 639 479 404 160 157 75
is_linear=0
shrinkage=0.05


Tree=19
num_leaves=5
num_cat=0
split_feature=4 2 25 21
split_gain=20.2007 21.0954 11.0137 7.31041
threshold=1.0000000180025095e-35 0.44097200000000009 0.58434600000000014 0.092367000000000019
decision_type=10 10 2 8
left_child=1 2 -1 -4
right_child=-2 -3 3 -5
leaf_value=-0.054338618271217304 0.05450151866596778 -0.059755359282923082 -0.019887329579246753 0.019235249804313501
leaf_weight=5.6476823166012755 14.364987604320048 14.015753895044325 13.409483864903448 52.908463057130575
leaf_count=75 49 112 68 378
internal_value=0.00244655 -0.00674994 0.00424219 0.0106911
internal_weight=100.346 85.9814 71.9656 66.3179
internal_count=682 633 521 446
is_linear=0
shrinkage=0.05


Tree=20
num_leaves=6
num_cat=0
split_feature=4 23 25 2 22
split_gain=19.0158 18.3817 8.55879 6.68154 1.63999
threshold=1.0000000180025095e-35 0.0048635000000000006 0.89539750000000018 0.24264700000000003 0.056071000000000003
decision_type=10 8 2 8 8
left_child=1 -1 3 -3 -4
right_child=-2 2 4 -5 -6
leaf_value=-0.057725157242741298 0.05285349717085628 0.012167150291174112 -0.0015540766075565237 -0.02052400937232586 0.045277028817567351
leaf_weight=14.528032027184961 12.811040312051771 25.720442458987236 0.92379698157310208 33.931444611400366 9.8928949907422066
leaf_count=119 45 98 5 363 57
internal_value=-0.000279561 -0.00935471 0.00126541 -0.00606686 0.0395455
internal_weight=97.8077 84.9966 70.4686 59.6519 10.8167
internal_count=687 642 523 461 62
is_linear=0
shrinkage=0.05


Tree=21
num_leaves=6
num_cat=0
split_feature=4 2 25 23 15
split_gain=17.2227 16.9725 8.36786 6.84491 3.85247
threshold=1.0000000180025095e-35 0.47222200000000009 0.65427900000000017 0.032232000000000004 0.3458750000000001
decision_type=10 10 2 8 10
left_child=1 2 4 -4 -1
right_child=-2 -3 3 -5 -6
leaf_value=-0.037394578564278372 0.052318087037958177 -0.057529646379222255 -0.038618862086462702 0.017951266235188289 0.022988744942155429
leaf_weight=13.624137811362742 12.774433478713034 12.431973978877066 4.3131954446434966 50.286805581301451 1.6049385368823994
leaf_count=157 46 105 28 337 5
internal_value=0.00135978 -0.00705034 0.00260704 0.0121237 -0.0280459
internal_weight=95.0355 82.2611 69.8291 54.6 15.2291
internal_count=678 632 527 365 162
is_linear=0
shrinkage=0.05


Tree=22
num_leaves=6
num_cat=0
split_feature=4 21 24 23 19
split_gain=20.7327 15.8877 8.07106 4.56605 1.94701
threshold=1.0000000180025095e-35 0.007818000000000002 0.94078950000000006 0.0048635000000000006 0.074578000000000019
decision_type=10 8 2 8 8
left_child=1 -1 3 -3 -4
right_child=-2 2 4 -5 -6
leaf_value=-0.055315505718138584 0.05243056780918192 -0.048557382214419263 -0.0071795249495019186 -0.0026585651018603941 0.040644542103703725
leaf_weight=14.547284103929995 13.951368175446985 4.8447308018803588 1.0605591535568208 50.371185962110758 11.213216029107571
leaf_count=131 52 35 5 396 75
internal_value=-0.000514798 -0.0105978 0 -0.00830431 0.0343653
internal_weight=95.9883 82.037 67.4897 55.2159 12.2738
internal_count=694 642 511 431 80
is_linear=0
shrinkage=0.05


Tree=23
num_leaves=7
num_cat=0
split_feature=3 23 2 23 5 24
split_gain=18.3661 14.1241 7.63595 8.47367 2.54245 0.71007
threshold=1.0000000180025095e-35 0.0048635000000000006 0.24264700000000003 0.49323350000000005 4.5000000000000009 0.96402100000000013
decision_type=10 8 10 8 8 2
left_child=1 5 3 -3 -4 -1
right_child=-2 2 4 -5 -6 -7
leaf_value=-0.054862622337810751 0.052955009928876653 0.029873300119823001 -0.048037031683593447 -0.0072321474060445161 0 0
leaf_weight=12.896389089524742 12.639856599271296 24.696050927042961 7.7686014547944042 34.485151309520006 3.4237212762236604 0.7069544047117241
leaf_count=116 47 85 54 375 15 4
internal_value=0 -0.00856043 0.000494212 0.0081955 -0.0344139 -0.0524546
internal_weight=96.6167 83.9769 70.3735 59.1812 11.1923 13.6033
internal_count=696 649 529 460 69 120
is_linear=0
shrinkage=0.05


Tree=24
num_leaves=8
num_cat=0
split_feature=3 22 25 23 16 18 15
split_gain=16.6728 12.6284 8.02736 6.52298 4.00708 2.28833 1.15851
threshold=1.0000000180025095e-35 0.040699500000000007 0.65427900000000017 0.032232000000000004 0.025748000000000004 0.052802000000000009 0.12203800000000002
decision_type=10 8 2 8 8 10 10
left_child=1 5 4 -4 -3 6 -1
right_child=-2 2 3 -5 -6 -7 -8
leaf_value=-0.025877572909602867 0.052188266052617428 0.016895807106349036 -0.036801709176340978 0.019060784501742992 -0.038893043464039628 -0.059168001878040902 0.0085966709494463191
leaf_weight=3.5583093389868727 12.499704226851462 2.5489788353443119 4.2191905155777922 45.507521193474531 12.355925302952528 9.8604994490742666 2.1769106537103653
leaf_count=28 48 10 29 309 146 85 11
internal_value=0.00158331 -0.00680837 0.0028736 0.0128941 -0.0271558 -0.0451262 -0.0102675
internal_weight=92.727 80.2273 64.6316 49.7267 14.9049 15.5957 5.73522
internal_count=666 618 494 338 156 124 39
is_linear=0
shrinkage=0.05


Tree=25
num_leaves=5
num_cat=0
split_feature=4 21 24 2
split_gain=14.2642 14.2145 8.6151 5.59166
threshold=1.0000000180025095e-35 0.007818000000000002 0.89155150000000016 0.47222200000000009
decision_type=10 8 2 10
left_child=1 -1 -3 -4
right_child=-2 2 3 -5
leaf_value=-0.052988881704429128 0.049093537867863642 -0.05187643650114792 0.012327504299733902 -0.045490996367632992
leaf_weight=12.644458085298536 11.456298299133776 5.09933903440833 57.191010661423206 2.8954332694411269
leaf_count=124 47 58 413 19
internal_value=0.00019587 -0.00747871 0.0019676 0.0080953
internal_weight=89.2865 77.8302 65.1858 60.0864
internal_count=661 614 490 432
is_linear=0
shrinkage=0.05


Tree=26
num_leaves=9
num_cat=0
split_feature=4 22 24 18 25 16 5 18
split_gain=14.4142 10.2727 7.7969 4.51555 1.3666 0.998034 0.896012 0.792205
threshold=1.0000000180025095e-35 0.043781000000000007 0.94125300000000012 0.12758150000000004 0.66803550000000012 0.33786500000000003 1.5000000000000002 0.54651200000000011
decision_type=10 8 2 10 2 8 10 10
left_child=1 5 3 -3 -4 7 -7 -1
right_child=-2 2 4 -5 -6 6 -8 -9
leaf_value=-0.052416958568019693 0.050487827341426122 -0.018417657952691825 -0.00078345341677209636 0.01083272854396003 0.040657933829924116 -0.022953905739681191 0.016141702679603638 0
leaf_weight=11.500256352126593 10.456543326377867 34.211701635271311 0.94164670258760352 18.562746964395046 10.437194507569073 1.5732467621564876 0.92243081331253041 0.75384166836738664
leaf_count=102 44 351 9 78 67 16 3 4
internal_value=-0.000450666 -0.00832813 0.000274733 -0.00765354 0.0355955 -0.0438556 -0.00161196 -0.0495273
internal_weight=89.3596 78.9031 64.1533 52.7744 11.3788 14.7498 2.49568 12.2541
internal_count=674 630 505 429 76 125 19 106
is_linear=0
shrinkage=0.05


Tree=27
num_leaves=6
num_cat=0
split_feature=4 21 25 18 24
split_gain=16.3799 12.6727 6.44638 4.73606 0.943217
threshold=1.0000000180025095e-35 0.007818000000000002 0.89539750000000018 0.12758150000000004 0.92629550000000005
decision_type=10 8 2 10 2
left_child=1 -1 3 -3 -4
right_child=-2 2 4 -5 -6
leaf_value=-0.052416598137870453 0.050887745011624463 -0.017800454330028564 0 0.010298858555600138 0.040997553716716512
leaf_weight=12.872699312865732 11.357428610324858 37.021362196654081 0.97547324001788904 22.129060663282871 7.787343293428421
leaf_count=133 49 382 9 88 43
internal_value=-0.00130966 -0.0097456 -0.000339389 -0.00688116 0.0359343
internal_weight=92.1434 80.7859 67.9132 59.1504 8.76282
internal_count=704 655 522 470 52
is_linear=0
shrinkage=0.05


Tree=28
num_leaves=7
num_cat=0
split_feature=3 23 22 23 18 24
split_gain=14.5132 11.1926 5.73003 7.52184 2.80343 0.5856
threshold=1.0000000180025095e-35 0.0048635000000000006 0.056071000000000003 0.49323350000000005 0.052802000000000009 0.96402100000000013
decision_type=10 8 8 8 10 2
left_child=1 5 4 -4 -3 -1
right_child=-2 2 3 -5 -6 -7
leaf_value=-0.052464620627133099 0.049410419593662526 0 0.026511967414542009 -0.0091132000163217357 -0.051483045717911638 0
leaf_weight=11.697741329669949 10.606409840285776 3.9466539248824102 23.709975734353065 33.363368086516857 5.8695070743560791 0.66385528445243913
leaf_count=119 45 22 85 373 40 4
internal_value=-0.00134422 -0.0092381 -0.000377509 0.00555968 -0.0332681 -0.0501507
internal_weight=89.8575 79.2511 66.8895 57.0733 9.81616 12.3616
internal_count=688 643 520 458 62 123
is_linear=0
shrinkage=0.05


Tree=29
num_leaves=7
num_cat=0
split_feature=3 21 24 15 4 15
split_gain=12.3669 10.1615 6.12895 4.63215 2.24075 2.09323
threshold=1.0000000180025095e-35 0.016329000000000003 0.94078950000000006 0.12203800000000002 1.0000000180025095e-35 0.043668000000000005
decision_type=10 8 2 10 10 8
left_child=1 4 3 -3 -1 -4
right_child=-2 2 5 -5 -6 -7
leaf_value=-0.052257336809916843 0.047742733389649017 -0.019868123361974802 -0.011036505487646314 0.0089311318035695895 0.0071106832785038793 0.037842822177007102
leaf_weight=11.980304315686222 9.5523309111595136 31.13327270373702 1.0853918343782396 21.829757496714592 0.61513644456863481 10.425523284822702
leaf_count=130 42 328 6 91 2 73
internal_value=-0.0014636 -0.00867569 0 -0.00761986 -0.0471361 0.0305714
internal_weight=86.6217 77.0694 64.4739 52.963 12.5954 11.5109
internal_count=672 630 498 419 132 79
is_linear=0
shrinkage=0.05


Tree=30
num_leaves=6
num_cat=0
split_feature=4 23 23 15 5
split_gain=12.8018 10.1797 7.14748 7.96916 5.42139
threshold=1.0000000180025095e-35 0.0048635000000000006 0.49323350000000005 0.18691250000000001 1.5000000000000002
decision_type=10 8 10 10 10
left_child=1 -1 3 -3 -4
right_child=-2 2 4 -5 -6
leaf_value=-0.051001281120406305 0.046682023600464639 -0.0043401268633261967 -0.06095385579117904 0.037050852425324868 0.023535826124179728
leaf_weight=10.358325242996214 10.723898507654665 46.590433228760958 6.1010531261563292 13.60827838629484 1.148928642272949
leaf_count=111 51 431 48 44 3
internal_value=-0.000656066 -0.00825529 -0.000361323 0.00528465 -0.0429679
internal_weight=88.5309 77.807 67.4487 60.1987 7.24998
internal_count=688 637 526 475 51
is_linear=0
shrinkage=0.05


Tree=31
num_leaves=6
num_cat=0
split_feature=4 2 25 22 23
split_gain=11.8756 11.2191 6.71414 4.06498 1.53527
threshold=1.0000000180025095e-35 0.47222200000000009 0.65427900000000017 0.043781000000000007 0.30551700000000009
decision_type=10 10 2 8 8
left_child=1 2 4 -4 -1
right_child=-2 -3 3 -5 -6
leaf_value=-0.00087802339343199913 0.045416551335557352 -0.053053375948524301 -0.02927737527764885 0.013521174347048151 -0.038820390204942851
leaf_weight=5.4090515822172138 9.915758550167082 10.746714666485785 4.5864035636186591 44.589755479246378 9.8794686198234558
leaf_count=33 49 118 29 315 133
internal_value=-0.00183653 -0.00915845 -0.000421862 0.0082878 -0.0281634
internal_weight=85.1272 75.2114 64.4647 49.1762 15.2885
internal_count=677 628 510 344 166
is_linear=0
shrinkage=0.05


Tree=32
num_leaves=7
num_cat=0
split_feature=3 23 23 15 24 24
split_gain=11.8153 8.92982 8.85562 7.74251 1.04327 0.490761
threshold=1.0000000180025095e-35 0.0048635000000000006 0.47808800000000007 0.12203800000000002 0.93510250000000006 0.96402100000000013
decision_type=10 8 10 10 2 2
left_child=1 5 3 -3 -4 -1
right_child=-2 2 4 -5 -6 -7
leaf_value=-0.050125313877803557 0.046212146912494201 -0.0074996607626526815 -0.058102145815228746 0.029501161872314854 0 0
leaf_weight=10.421249747276303 9.4576235935091955 39.689301081001759 5.4539377912878981 19.674674339592457 0.89154788851737965 0.62766422331333238
leaf_count=120 46 402 44 70 5 4
internal_value=-0.00208477 -0.00912672 -0.00132191 0.0047774 -0.0515732 -0.0478446
internal_weight=86.216 76.7584 65.7095 59.364 6.34549 11.0489
internal_count=691 645 521 472 49 124
is_linear=0
shrinkage=0.05


Tree=33
num_leaves=10
num_cat=0
split_feature=24 4 2 5 25 2 18 22 2
split_gain=10.4762 6.96363 4.80313 6.96022 2.34112 0.972715 0.730199 0.649776 0.325532
threshold=0.9405785000000001 1.0000000180025095e-35 0.24264700000000003 1.5000000000000002 0.82748750000000004 0.069048000000000012 0.32515350000000004 0.11261550000000002 1.0000000180025095e-35
decision_type=2 10 10 10 2 8 8 10 8
left_child=1 2 3 -1 5 -2 -4 -7 -6
right_child=4 -3 6 -5 8 7 -8 -9 -10
leaf_value=-0.018352530694055996 -0.025370691465307234 0.038226080964750053 -0.054553017660671436 0.034674999616252179 0 0 -0.0062900992241373618 0.02903473607613832 0.042494183313916016
leaf_weight=40.90541373565793 0.85369852930307644 4.156593218445777 8.5884543806314433 5.5691121518611899 1.2994236797094316 4.5261314921081066 2.6717021316289911 1.5144361853599546 10.420781351625919
leaf_count=392 6 21 92 17 8 44 23 4 65
internal_value=-0.00392393 -0.0140949 -0.0191564 -0.0105916 0.0271798 0 -0.0471464 0.0110263 0.0395817
internal_weight=80.5057 61.8913 57.7347 46.4745 18.6145 6.89427 11.2602 6.04057 11.7202
internal_count=672 545 524 409 127 54 115 48 73
is_linear=0
shrinkage=0.05


Tree=34
num_leaves=7
num_cat=0
split_feature=3 23 23 15 5 24
split_gain=10.4139 8.31273 6.2853 5.57905 3.73172 0.447111
threshold=1.0000000180025095e-35 0.0048635000000000006 0.49323350000000005 0.25245100000000004 1.5000000000000002 0.96402100000000013
decision_type=10 8 10 10 10 2
left_child=1 5 3 -3 -4 -1
right_child=-2 2 4 -5 -6 -7
leaf_value=-0.048436340561188451 0.046139931438279054 -0.00074328069689209766 -0.056886782062826914 0.0375801487881368 0.01805442412850039 0
leaf_weight=9.0589299127459491 9.377596363425253 49.532754972577095 5.3277235999703398 9.9118255004286748 0.81862002611160267 0.63030798733234483
leaf_count=109 47 441 44 32 2 4
internal_value=7.90138e-05 -0.00612247 0.00028887 0.00600425 -0.0420522 -0.0459785
internal_weight=84.6578 75.2802 65.5909 59.4446 6.14634 9.68924
internal_count=679 632 519 473 46 113
is_linear=0
shrinkage=0.05


Tree=35
num_leaves=7
num_cat=0
split_feature=3 22 25 23 4 15
split_gain=8.73859 11.0463 5.47338 4.7804 1.9402 1.31001
threshold=1.0000000180025095e-35 0.043781000000000007 0.58434600000000014 1.0000000180025095e-35 1.0000000180025095e-35 0.50919800000000015
decision_type=10 8 2 8 10 10
left_child=1 4 -3 -4 5 -1
right_child=-2 2 3 -5 -6 -7
leaf_value=-0.055412473296190638 0.044152008828153247 -0.04481805552843765 -0.038731065509548204 0.011684446398480826 0.0048367247103930644 0
leaf_weight=11.020135238766665 8.1303648576140386 3.9964789450168601 3.5141690969467154 52.730413269251585 0.55641135573387224 0.64783380180597383
leaf_count=128 42 68 33 396 2 3
internal_value=-0.000332059 -0.00645519 0.00231785 0.00717727 -0.047038 -0.0516795
internal_weight=80.5958 72.4654 60.2411 56.2446 12.2244 11.668
internal_count=672 630 497 429 133 131
is_linear=0
shrinkage=0.05


Tree=36
num_leaves=8
num_cat=0
split_feature=4 23 25 18 24 25 18
split_gain=8.50423 9.23802 5.86748 3.54875 3.13852 1.59123 1.58372
threshold=1.0000000180025095e-35 0.07700750000000002 0.71720200000000012 0.15338650000000001 0.93417550000000016 0.92002400000000006 0.37850450000000008
decision_type=10 8 2 8 2 2 8
left_child=1 5 4 -4 -3 6 -1
right_child=-2 2 3 -5 -6 -7 -8
leaf_value=-0.054725282377285966 0.042539590804152538 -0.024374561819786689 -0.0128788047795494 0.023566559347323608 0.016509969716120756 0 0
leaf_weight=9.9342745579779113 8.3945497348904592 20.211359277367595 6.7070251852273932 26.908416658639908 4.0896073244512072 1.2145187407731999 2.1016491577029237
leaf_count=113 47 208 34 199 33 9 18
internal_value=-0.000618577 -0.0068264 0.00171453 0.0153434 -0.0159653 -0.0422309 -0.0473007
internal_weight=79.5614 71.1669 57.9164 33.6154 24.301 13.2504 12.0359
internal_count=661 614 474 233 241 140 131
is_linear=0
shrinkage=0.05


Tree=37
num_leaves=11
num_cat=0
split_feature=25 24 21 5 16 4 21 4 21 21
split_gain=8.91097 5.73242 4.33042 3.86133 3.48432 2.33273 1.45975 1.60973 1.19349 0.629937
threshold=0.65427900000000017 0.94125300000000012 0.12244600000000001 1.0000000180025095e-35 0.025748000000000004 1.0000000180025095e-35 0.47563250000000007 1.0000000180025095e-35 0.061204000000000008 0.10338400000000002
decision_type=2 2 8 10 8 8 10 10 10 8
left_child=4 2 5 -4 8 -2 7 -6 -1 -3
right_child=1 9 3 -5 6 -7 -8 -9 -10 -11
leaf_value=-0.012898634442784744 -0.031175610685447133 0.0093326859537248945 -0.00026775881739312394 0.035434297302958905 -0.046648772776322955 0.017405865069301269 0.0031306149691924298 0.0034625311060381206 0.026524875249190945 0.042860423567257784
leaf_weight=1.7534746602177649 11.59449195489287 5.3155816793441746 24.655941341072321 8.6377300992608053 13.912831090390677 1.3178898543119437 0.60100227594375688 0.55794312059879381 2.2406255826354027 9.4985341317951679
leaf_count=22 87 34 223 29 195 8 2 3 8 65
internal_value=-0.000244942 0.00884592 0 0.00940458 -0.0290789 -0.0231871 -0.0395423 -0.0430076 0.00587071 0.0343267
internal_weight=80.086 61.0202 46.2061 33.2937 19.0659 12.9124 15.0718 14.4708 3.9941 14.8141
internal_count=676 446 347 252 230 95 200 198 30 99
is_linear=0
shrinkage=0.05


Tree=38
num_leaves=11
num_cat=0
split_feature=21 4 23 23 2 24 22 18 2 19
split_gain=7.60414 6.96368 6.58007 4.11437 3.23582 3.09806 2.48771 1.64781 1.27156 0.975263
threshold=0.10338400000000002 1.0000000180025095e-35 1.0000000180025095e-35 0.47808800000000007 0.24264700000000003 0.9685355000000001 0.053048000000000005 0.3692315000000001 0.28991600000000006 0.30676050000000005
decision_type=10 8 10 10 10 2 10 8 10 10
left_child=1 4 -2 8 6 7 -1 -3 -4 -5
right_child=2 5 3 9 -6 -7 -8 -9 -10 -11
leaf_value=-0.038906538560266934 -0.030988148281671409 0.028423627949466457 0.042795228729014846 -0.030061650317810731 -0.04931133353553508 0.042220732426429687 0.008346890401050076 -0.0061728292928568415 0 0.0062726126310099634
leaf_weight=2.4374190457165259 3.4155958816409138 2.3838641643524232 19.591997534036643 1.7938260883092874 10.669201128184794 3.1990768164396277 6.8214771151542664 24.981406666338444 2.0466356724500647 1.43483629822731
leaf_count=24 30 14 71 11 133 21 30 316 9 5
internal_value=0.00136107 -0.00987616 0.0217489 0.0312915 -0.031912 0.00453235 -0.00545901 -0.000972508 0.0391415 -0.0117599
internal_weight=78.7753 50.4924 28.2829 24.8673 19.9281 30.5643 9.2589 27.3653 21.6386 3.22866
internal_count=664 538 126 96 187 351 54 330 80 16
is_linear=0
shrinkage=0.05


Tree=39
num_leaves=6
num_cat=0
split_feature=4 2 5 15 24
split_gain=8.8147 8.22263 6.34458 5.52992 1.13526
threshold=1.0000000180025095e-35 0.47222200000000009 1.5000000000000002 0.3458750000000001 0.91552600000000017
decision_type=10 10 10 8 2
left_child=1 2 3 -1 -4
right_child=-2 -3 4 -5 -6
leaf_value=-0.028126411864844127 0.044845297791083226 -0.048891372964562065 0 0.0041139112170319346 0.037161923005874599
leaf_weight=19.201994426548481 7.9695286452770224 8.3547639697790128 2.6448828876018515 33.547005981206894 9.7627861201763135
leaf_count=118 48 116 12 361 33
internal_value=-0.000297763 -0.006324 0 -0.00761475 0.0302375
internal_weight=81.481 73.5114 65.1567 52.749 12.4077
internal_count=688 640 524 479 45
is_linear=0
shrinkage=0.05


Tree=40
num_leaves=7
num_cat=0
split_feature=3 21 5 2 23 4
split_gain=7.76979 6.43183 5.08641 5.12961 4.53988 1.61774
threshold=1.0000000180025095e-35 0.018513000000000005 1.5000000000000002 0.47222200000000009 0.49323350000000005 1.0000000180025095e-35
decision_type=10 8 10 10 10 10
left_child=1 5 4 -4 -3 -1
right_child=-2 2 3 -5 -6 -7
leaf_value=-0.047487459900185866 0.042645424551276373 -0.0019811549062286947 0.038831656855196496 -0.031708296061453124 -0.054243173245987424 0.0039151709312570237
leaf_weight=8.5973323509097064 7.7125906422734252 45.935064896941185 11.502990379929541 1.6220179274678219 3.2436915934085837 0.53315621614456254
leaf_count=126 45 433 37 11 20 2
internal_value=-0.000297804 -0.00605877 0 0.0260467 -0.00742499 -0.0420053
internal_weight=79.1468 71.4343 62.3038 13.125 49.1788 9.13049
internal_count=674 629 501 48 453 128
is_linear=0
shrinkage=0.05


Tree=41
num_leaves=10
num_cat=0
split_feature=25 3 2 0 5 16 24 5 5
split_gain=8.3775 4.12039 5.16554 3.09077 3.08742 2.13333 1.67113 1.30516 1.24225
threshold=0.65427900000000017 1.0000000180025095e-35 0.24264700000000003 1.0000000180025095e-35 1.0000000180025095e-35 0.13132400000000002 0.97465750000000007 4.5000000000000009 1.5000000000000002
decision_type=2 10 10 8 10 10 2 10 10
left_child=3 2 4 5 -2 -1 8 -4 -5
right_child=1 -3 7 6 -6 -7 -8 -9 -10
leaf_value=0.027755277279270338 0.0023987099684484332 0.042154116911059462 -0.042126698929387502 -0.044870488275693704 0.032606941662379679 -0.023507860280350502 0.0092857835044261889 0 0
leaf_weight=3.058270916342738 31.72288341075182 7.7179160676896563 4.7632067352533332 12.721124351024622 11.391461387276648 1.9210187047719953 0.43933361768722612 2.3258722126483917 1.0772054009139544
leaf_count=12 276 47 53 208 41 15 3 13 7
internal_value=0.00118404 0.0110048 0.00464854 -0.0258633 0.0117685 0.0032558 -0.0369752 -0.0302358 -0.0408484
internal_weight=77.1383 57.9213 50.2034 19.217 43.1143 4.97929 14.2377 7.08908 13.7983
internal_count=675 430 383 245 317 27 218 66 215
is_linear=0
shrinkage=0.05


Tree=42
num_leaves=7
num_cat=0
split_feature=25 3 18 18 22 15
split_gain=6.81979 5.36823 5.20436 5.36706 4.39477 0.182014
threshold=0.58434600000000014 1.0000000180025095e-35 0.13803650000000003 0.048171000000000005 0.040699500000000007 0.23456350000000001
decision_type=2 10 8 10 8 10
left_child=-1 2 3 -2 -4 -3
right_child=1 5 4 -5 -6 -7
leaf_value=-0.045479374834499521 0.0014071164228732112 0.04370036167111787 -0.038102829778115924 -0.048729432801888732 0.012877686395760229 0
leaf_weight=6.0073525719344607 9.6307832077145594 6.562448024749755 3.0026319921016684 8.224780544638632 45.320024773478508 0.84623381868004788
leaf_count=112 63 41 37 65 370 6
internal_value=0 0.00450141 -2.73375e-05 -0.0223822 0.00815634 0.0409541
internal_weight=79.5943 73.5869 66.1782 17.8556 48.3227 7.40868
internal_count=694 582 535 128 407 47
is_linear=0
shrinkage=0.05


Tree=43
num_leaves=8
num_cat=0
split_feature=25 25 23 24 24 24 21
split_gain=7.22597 5.04621 3.81355 3.61835 3.11159 0.570894 0.466607
threshold=0.58434600000000014 0.89539750000000018 0.47808800000000007 0.89961600000000008 0.93510250000000006 0.92629550000000005 0.0023540000000000006
decision_type=2 2 10 2 2 2 8
left_child=-1 2 3 -2 -4 -3 -7
right_child=1 5 4 -5 -6 6 -8
leaf_value=-0.045158875723769309 0.029118069757913208 0 -0.052879538970683974 -0.0013606607005300321 0.0097408592796727027 0 0.043872537438928189
leaf_weight=6.0278845019638529 10.520008713006971 1.6528956554830063 4.1487401649355879 44.161200761795044 1.5312378928065298 1.111425854265687 7.8604583367705354
leaf_count=119 76 15 35 370 8 12 47
internal_value=0.00109767 0.00622373 0 0.00467897 -0.0340079 0.0356657 0.0401138
internal_weight=77.0139 70.986 60.3612 54.6812 5.67998 10.6248 8.97188
internal_count=682 563 489 446 43 74 59
is_linear=0
shrinkage=0.05


Tree=44
num_leaves=7
num_cat=0
split_feature=3 23 25 24 25 18
split_gain=7.4414 5.69351 4.67002 3.02485 1.33024 0.506429
threshold=1.0000000180025095e-35 0.0048635000000000006 0.8619190000000001 0.88698300000000019 0.93251000000000006 0.009778000000000002
decision_type=10 8 2 2 2 10
left_child=1 5 3 -3 -4 -1
right_child=-2 2 4 -5 -6 -7
leaf_value=0 0.044711163576775792 -0.046138047094829757 0.033395623616875932 -0.0021419831034898253 0 -0.044629290839646368
leaf_weight=0.53127982839941879 6.9956039339303961 2.987276028841733 9.9740432351827604 45.935011643916368 3.281974244862794 7.0948579348623753
leaf_count=6 44 43 61 379 29 109
internal_value=0.000187533 -0.00477059 0.000238678 -0.0066169 0.0253346 -0.0416784
internal_weight=76.8 69.8044 62.1783 48.9223 13.256 7.62614
internal_count=671 627 512 422 90 115
is_linear=0
shrinkage=0.05


Tree=45
num_leaves=7
num_cat=0
split_feature=25 4 2 5 5 15
split_gain=6.24369 4.89642 6.70285 5.61355 1.73947 0.0958515
threshold=0.58642000000000005 1.0000000180025095e-35 0.24264700000000003 1.0000000180025095e-35 4.5000000000000009 0.23456350000000001
decision_type=2 10 10 10 8 10
left_child=-1 2 3 -2 -4 -3
right_child=1 5 4 -5 -6 -7
leaf_value=-0.044364598928273768 -0.0018733663311290797 0.041940626653764808 -0.045051485293928467 0.034191248963545667 0 0
leaf_weight=5.8012032248079768 42.182273905724287 6.2974724471569052 7.6946357972919914 12.467228285968302 2.6248157881200322 0.91816288232803334
leaf_count=119 374 43 92 45 14 7
internal_value=0 0.00410036 -0.000234428 0.00660245 -0.0347991 0.0393219
internal_weight=77.9858 72.1846 64.969 54.6495 10.3195 7.21564
internal_count=694 575 525 419 106 50
is_linear=0
shrinkage=0.05


Tree=46
num_leaves=7
num_cat=0
split_feature=3 23 23 5 17 16
split_gain=5.85441 6.93197 5.30695 4.69181 4.21969 0.0443618
threshold=1.0000000180025095e-35 0.0048635000000000006 0.46812750000000009 1.5000000000000002 0.28295050000000005 0.24056850000000002
decision_type=10 8 10 10 10 10
left_child=1 -1 4 -4 -3 -2
right_child=5 2 3 -5 -6 -7
leaf_value=-0.045107083898926745 0.042141071235802144 0 -0.055614752375126711 0.023100969887357083 0.034471909400561829 0
leaf_weight=7.7335578687489024 5.9508014768362036 46.821104485541582 5.335457917302846 1.1479488909244535 9.4812271967530233 0.87666938453912724
leaf_count=126 41 434 50 3 33 6
internal_value=0 -0.00458694 0.000951232 -0.0368241 0.00657643 0.0396938
internal_weight=77.3468 70.5193 62.7857 6.48341 56.3023 6.82747
internal_count=693 646 520 53 467 47
is_linear=0
shrinkage=0.05


Tree=47
num_leaves=7
num_cat=0
split_feature=3 23 23 2 16 24
split_gain=5.36419 5.51727 5.48814 3.15722 0.842353 0.634176
threshold=1.0000000180025095e-35 0.0048635000000000006 0.49323350000000005 0.24264700000000003 0.015936500000000003 0.96581750000000011
decision_type=10 8 10 8 8 2
left_child=1 5 3 -3 -4 -1
right_child=-2 2 4 -5 -6 -7
leaf_value=-0.044069189343646259 0.038777716274582118 0.020108011503465875 0 -0.0031156489653292336 -0.049200955881618907 0
leaf_weight=7.0339740328490725 6.5985823944210997 22.369719348847866 0.71284850686788459 33.35505012050271 4.1871260702610016 0.40347832441329945
leaf_count=116 47 85 7 369 40 3
internal_value=0 -0.00420936 0.000775694 0.00605291 -0.0426856 -0.0409515
internal_weight=74.6608 68.0622 60.6247 55.7248 4.89997 7.43745
internal_count=667 620 501 454 47 119
is_linear=0
shrinkage=0.05


Tree=48
num_leaves=9
num_cat=0
split_feature=25 20 2 3 24 5 16 23
split_gain=5.06601 3.77558 3.92023 3.83841 3.4065 3.39797 3.36815 1.46037
threshold=0.58434600000000014 0.27958850000000007 0.21363650000000003 1.0000000180025095e-35 0.90472100000000011 1.5000000000000002 0.42430950000000006 0.16923250000000004
decision_type=2 10 8 8 2 10 10 10
left_child=-1 2 6 -4 7 -6 -2 -3
right_child=1 4 3 -5 5 -7 -8 -9
leaf_value=-0.041476735930976449 0.031489086355918371 -0.01172903495702428 -0.027886622687014119 0.0085975556169460253 -0.057808754368802409 0.0012971230779071736 -0.01768284790561676 0.032620513241455519
leaf_weight=4.8736487813293925 22.119269292801622 1.4595281109213813 8.1246918924152833 27.061972513794899 4.7901139780879021 2.5758672282099724 2.4045170024037352 2.2641467899084091
leaf_count=106 99 13 81 300 43 12 15 7
internal_value=0.000871414 0.00493234 0.0102412 0 -0.0194811 -0.0375973 0.0249659 0.012075
internal_weight=75.6738 70.8001 59.7105 35.1867 11.0897 7.36598 24.5238 3.72367
internal_count=676 570 495 381 75 55 114 20
is_linear=0
shrinkage=0.05


Tree=49
num_leaves=7
num_cat=0
split_feature=25 3 22 16 21 15
split_gain=4.86097 3.85697 6.16375 3.89503 1.57016 0.277275
threshold=0.58434600000000014 1.0000000180025095e-35 0.043781000000000007 0.42430950000000006 0.074969000000000022 0.24009500000000003
decision_type=2 10 8 10 10 10
left_child=-1 2 4 -4 -2 -3
right_child=1 5 3 -5 -6 -7
leaf_value=-0.041537262206357652 -0.049057461311301849 0.040274070614701479 0.0097716924017113866 -0.0367639486146163 0 0
leaf_weight=5.0028396099805823 5.7883751615881911 5.4470319598913184 51.598327331244946 3.2810835726559153 1.5871574729681013 0.73064696416258801
leaf_count=113 80 42 412 21 8 6
internal_value=0 0.00365219 -7.10965e-05 0.00564194 -0.0391663 0.0371128
internal_weight=73.4355 68.4326 62.2549 54.8794 7.37553 6.17768
internal_count=682 569 521 433 88 48
is_linear=0
shrinkage=0.05


Tree=50
num_leaves=7
num_cat=0
split_feature=4 2 5 23 18 15
split_gain=4.74473 5.8763 4.35848 5.1589 2.9689 0.280786
threshold=1.0000000180025095e-35 0.47222200000000009 1.5000000000000002 0.46812750000000009 0.14583600000000002 0.23456350000000001
decision_type=10 10 10 10 10 10
left_child=1 2 3 -1 -4 -2
right_child=5 -3 4 -5 -6 -7
leaf_value=0.0005000451730047896 0.040730846465405292 -0.044129103020360959 0 -0.051133505701141661 0.046130585080213213 0
leaf_weight=46.245734330266714 5.8596623241901389 6.1537697762250891 5.6127738393843156 3.7931622788310042 6.7835357561707497 0.73726667091250409
leaf_count=452 45 114 25 31 22 6
internal_value=0.00126879 -0.00261027 0.00203023 -0.00430321 0.0270997 0.0376994
internal_weight=75.1859 68.589 62.4352 50.0389 12.3963 6.59693
internal_count=695 644 530 483 47 51
is_linear=0
shrinkage=0.05


Tree=51
num_leaves=8
num_cat=0
split_feature=25 24 24 5 2 19 25
split_gain=7.3861 4.13339 3.47653 4.12189 2.31936 0.507204 0.1963
threshold=0.89931700000000003 0.89171650000000013 0.89961600000000008 1.5000000000000002 0.069048000000000012 0.042960000000000005 0.95301700000000011
decision_type=2 2 2 8 8 8 2
left_child=1 -1 4 -4 -3 -2 -7
right_child=5 2 3 -5 -6 6 -8
leaf_value=-0.044753860181452325 0 0.048166495098074219 -0.024998603674126291 0.0033677977997691741 0 0.044328794186695275 0
leaf_weight=5.0633007138967505 1.2544967718422384 3.6973404586315146 18.689242593944073 30.975357308983803 2.9237049072980881 7.2342342138290405 1.1944157443940637
leaf_count=84 14 11 166 290 42 45 13
internal_value=0 -0.00697867 -0.00207438 -0.00723806 0.0277628 0.0371142 0.0409783
internal_weight=71.0321 61.3489 56.2856 49.6646 6.62105 9.68315 8.42865
internal_count=665 593 509 456 53 72 58
is_linear=0
shrinkage=0.05


Tree=52
num_leaves=7
num_cat=0
split_feature=25 3 2 23 4 19
split_gain=4.75869 3.64354 4.32999 3.93442 1.3666 0.0223596
threshold=0.58434600000000014 1.0000000180025095e-35 0.44097200000000009 0.46812750000000009 1.0000000180025095e-35 0.22822400000000001
decision_type=2 10 10 10 10 10
left_child=-1 2 3 -2 -4 -3
right_child=1 5 4 -5 -6 -7
leaf_value=-0.040308639033237156 0.010134939226824138 0.040286664668985464 -0.043174822644874142 -0.033039438117738087 0.0038630090358251104 0
leaf_weight=4.5740725100040427 54.66902568936348 5.4775118082761756 5.0446685515344134 4.1624799855053416 0.53083373606204975 0.8409421145915984
leaf_count=113 422 43 79 29 2 5
internal_value=0.00175066 0.00559758 0.00125123 0.00592036 -0.0352936 0.0379644
internal_weight=75.2995 70.7255 64.407 58.8315 5.5755 6.31845
internal_count=693 580 532 451 81 48
is_linear=0
shrinkage=0.05


Tree=53
num_leaves=10
num_cat=0
split_feature=25 24 25 25 0 25 24 2 21
split_gain=4.7734 3.36563 3.08686 3.88082 3.0721 1.51757 0.635315 0.468358 0.121352
threshold=0.89539750000000018 0.9685355000000001 0.65427900000000017 0.77210250000000002 1.0000000180025095e-35 0.93251000000000006 0.94656350000000011 1.0000000180025095e-35 0.061204000000000008
decision_type=2 2 2 2 8 2 2 8 8
left_child=1 2 4 -4 -1 -2 7 -7 -8
right_child=5 -3 3 -5 -6 6 8 -9 -10
leaf_value=0.0032780382491660203 0.043778755897108917 0.038747077638979693 0.0095970927101186581 -0.019385432386507029 -0.0393071720815645 0.00158714992686501 0 -0.023757207528172918 0.020308410391683903
leaf_weight=4.4971915148198578 5.725704971700905 2.4171872213482848 28.649018600583076 17.042939748615026 11.246680591255426 0.64917726069688764 0.78784004598856006 1.3388623334467411 2.0454821065068245
leaf_count=27 36 18 219 147 207 4 8 18 16
internal_value=0 -0.0053512 -0.00836561 -0.000956095 -0.026466 0.0289004 0.00108086 -0.0111903 0.0163535
internal_weight=74.4001 63.853 61.4358 45.692 15.7439 10.5471 4.82136 1.98804 2.83332
internal_count=700 618 600 366 234 82 46 22 24
is_linear=0
shrinkage=0.05


Tree=54
num_leaves=11
num_cat=0
split_feature=5 25 2 4 15 15 21 9 25 24
split_gain=4.80467 4.70702 3.44729 3.24105 5.30864 2.13072 1.81373 1.007 0.621953 0.30731
threshold=1.5000000000000002 0.89539750000000018 0.47222200000000009 1.0000000180025095e-35 0.3458750000000001 0.011623500000000002 0.023478000000000002 8.6460765000000013 0.96116750000000006 0.92629550000000005
decision_type=10 2 8 10 8 10 10 10 2 2
left_child=1 3 5 4 -1 -2 -7 -4 9 -3
right_child=2 8 7 -5 -6 6 -8 -9 -10 -11
leaf_value=-0.037045644387590462 -0.015155713691619825 0 -0.029200373199824572 0.02545320133311323 -0.0013138534290523891 -0.0064645968209484849 0.045712445052361425 0.0091444620141750595 0 0.034135234570507135
leaf_weight=17.574781283736229 0.47349865734576901 0.8500116690993299 2.2175459973514093 3.2548137567937365 26.506817299872637 0.59579912573099036 11.320937536656855 0.83939001709222782 0.93143830075860012 5.7729155980050564
leaf_count=178 3 9 23 25 315 6 42 7 12 43
internal_value=0.000265164 -0.00640899 0.0239248 -0.0127448 -0.0168584 0.0354651 0.0408093 -0.013641 0.0260649 0.030801
internal_weight=70.3379 54.8908 15.4472 47.3364 44.0816 12.3902 11.9167 3.05694 7.55437 6.62293
internal_count=663 582 81 518 493 51 48 30 64 52
is_linear=0
shrinkage=0.05


Tree=55
num_leaves=8
num_cat=0
split_feature=3 21 5 20 21 4 22
split_gain=4.56845 4.72136 2.94042 3.42865 2.94245 1.11741 1.23859
threshold=1.0000000180025095e-35 0.026739500000000003 1.0000000180025095e-35 0.28330600000000006 0.10338400000000002 1.0000000180025095e-35 0.49175500000000005
decision_type=10 8 10 10 10 10 10
left_child=1 5 3 -3 -4 6 -1
right_child=-2 2 4 -5 -6 -7 -8
leaf_value=-0.041588009866953636 0.041046306286204121 0.002474087308358873 -0.005440371353286246 -0.040966803654275158 0.035488470564760274 0.0032824505597442138 0.0033987925867960465
leaf_weight=7.9821705352514947 5.731664113700389 39.057982128113508 4.7739364504814139 3.5492012389004222 10.914243340492247 0.51589304208755571 0.40014508366584767
leaf_count=146 46 402 25 25 42 2 1
internal_value=0.00323127 -0.000456302 0.00459775 -0.0018479 0.0221914 -0.0318583 -0.0367208
internal_weight=72.9252 67.1936 58.2954 42.6072 15.6882 8.89821 8.38232
internal_count=689 643 494 427 67 149 147
is_linear=0
shrinkage=0.05


Tree=56
num_leaves=8
num_cat=0
split_feature=3 23 2 5 18 24 19
split_gain=4.35774 4.34512 2.8214 2.47244 1.35929 0.685923 0.0804116
threshold=1.0000000180025095e-35 0.0066885000000000009 0.24264700000000003 1.5000000000000002 0.023502000000000006 0.9674370000000001 0.19325150000000005
decision_type=10 8 10 10 10 2 10
left_child=1 5 3 -3 -4 -1 -2
right_child=6 2 4 -5 -6 -7 -8
leaf_value=-0.042711742387617276 0.038687542380917789 0 0.00085760354476596863 0.029702216169251262 -0.03691309294498385 0 0
leaf_weight=6.1644193716347209 4.9775290712714186 44.561241924762726 1.6776636168360699 6.6916871368885031 5.4013543650507927 0.32470218092203129 0.7938815839588641
leaf_count=122 43 421 13 23 52 2 5
internal_value=-0.000242173 -0.00460192 0 0.00445243 -0.0264628 -0.0391855 0.036134
internal_weight=70.5925 64.8211 58.3319 51.2529 7.07902 6.48912 5.77141
internal_count=681 633 509 444 65 124 48
is_linear=0
shrinkage=0.05


Tree=57
num_leaves=6
num_cat=0
split_feature=25 24 24 24 25
split_gain=3.93823 2.7909 4.685 5.27367 2.31927
threshold=0.58434600000000014 0.88698300000000019 0.89961600000000008 0.91299850000000016 0.73556450000000007
decision_type=2 2 2 2 2
left_child=-1 -2 4 -4 -3
right_child=1 2 3 -5 -6
leaf_value=-0.038866556271639853 -0.034646230035195194 0.049840699045699641 -0.028813403694720914 0.0085609087617406609 -0.00067825569542987753
leaf_weight=4.2828896082937709 2.7068774439394465 6.7651699893176538 10.265747928991912 45.455124940723181 1.7795796282589433
leaf_count=115 34 42 107 378 14
internal_value=0.000373461 0.00404443 0.00680728 0.000663522 0.0383004
internal_weight=71.2554 66.9725 64.2656 55.7209 8.54475
internal_count=690 575 541 485 56
is_linear=0
shrinkage=0.05


Tree=58
num_leaves=7
num_cat=0
split_feature=3 22 18 18 18 18
split_gain=4.08971 5.22744 4.1216 3.21656 2.93894 1.50464
threshold=1.0000000180025095e-35 0.043781000000000007 0.12758150000000004 0.20163200000000003 0.068059500000000009 0.0091880000000000017
decision_type=10 8 10 10 10 10
left_child=1 5 4 -4 -3 -1
right_child=-2 2 3 -5 -6 -7
leaf_value=2.9470369510853716e-05 0.03869470398682133 -0.00077013466525130284 0.045789161746709849 0.0027890957144290907 -0.041738129044411737 -0.046314387949481658
leaf_weight=0.90726959891617198 4.9660185351967803 32.705077400431037 6.3877707719802883 13.339934151619671 3.8408099859952918 6.4741876348853111
leaf_count=9 43 379 22 68 31 115
internal_value=0.000488562 -0.00293058 0.00222085 0.0201418 -0.00720861 -0.0387604
internal_weight=68.6211 63.655 56.2736 19.7277 36.5459 7.38146
internal_count=667 624 500 90 410 124
is_linear=0
shrinkage=0.05


Tree=59
num_leaves=7
num_cat=0
split_feature=4 2 5 15 21 15
split_gain=3.76006 4.27758 4.10414 3.6288 2.0925 0.329584
threshold=1.0000000180025095e-35 0.47222200000000009 1.5000000000000002 0.3458750000000001 0.046415500000000005 0.23456350000000001
decision_type=10 10 10 8 10 10
left_child=1 2 3 -1 -4 -2
right_child=5 -3 4 -5 -6 -7
leaf_value=-0.02636852166289326 0.037621596796549847 -0.042188647980934024 -0.0082174889584324812 0.0017811478113273036 0.034235979636017357 0
leaf_weight=14.909717945381997 4.6829277798533431 5.3635374829173079 2.1166387647390357 32.733865238726139 9.421591639518736 0.64353537186980236
leaf_count=102 41 114 13 374 34 6
internal_value=-0.000833235 -0.00480119 -4.17379e-05 -0.00705533 0.0244812 0.0340772
internal_weight=69.8718 64.5454 59.1818 47.6436 11.5382 5.32646
internal_count=684 637 523 476 47 47
is_linear=0
shrinkage=0.05


Tree=60
num_leaves=11
num_cat=0
split_feature=25 5 0 22 21 24 19 24 19 22
split_gain=4.39201 2.90604 5.19314 2.84008 1.79626 1.50838 1.35048 0.840698 0.643354 0.489158
threshold=0.89931700000000003 1.5000000000000002 1.0000000180025095e-35 0.27689900000000006 0.10338400000000002 0.9685355000000001 0.22294150000000004 0.92629550000000005 0.042960000000000005 0.28519000000000005
decision_type=2 10 10 8 10 2 10 2 8 10
left_child=1 2 3 -1 6 -4 -3 -2 -9 -6
right_child=7 4 5 -5 9 -7 -8 8 -10 -11
leaf_value=0.018675479917905878 0 0.010225855361013452 -0.047252184143613776 -0.011134029160979093 0.037081490458013962 0.0025440533184559653 -0.027910270939852599 0 0.038749145073744343 0
leaf_weight=9.1335837393999082 1.5679562762379626 3.8561044074594957 9.3334281649440491 28.271796889603138 4.2754682675004005 0.52603530138731081 2.211338222026825 0.98250022158026684 6.5073525086045265 1.8551614880561826
leaf_count=51 17 26 141 347 16 4 15 13 47 8
internal_value=-0.00129647 -0.00675875 -0.0126042 -0.00277321 0.012966 -0.0424095 -0.00314686 0.0280601 0.0340366 0.0296728
internal_weight=68.5207 59.4629 47.2648 37.4054 12.1981 9.85946 6.06744 9.05781 7.48985 6.13063
internal_count=685 608 543 398 65 145 41 77 60 24
is_linear=0
shrinkage=0.05


Tree=61
num_leaves=9
num_cat=0
split_feature=3 22 18 18 18 4 17 19
split_gain=3.60662 4.56616 2.854 3.89723 3.19058 1.11299 0.695961 0.11906
threshold=1.0000000180025095e-35 0.043781000000000007 0.12758150000000004 0.065995500000000012 0.20163200000000003 1.0000000180025095e-35 0.30456200000000005 0.30676050000000005
decision_type=10 8 10 10 10 10 10 10
left_child=1 5 3 -3 -4 6 -1 -2
right_child=7 2 4 -5 -6 -7 -8 -9
leaf_value=-0.047685967627140051 0.03764219250722875 0.00037872560232068465 0.043948078710021439 -0.043830604639307727 0.00053233512884464783 0.0012491453337876433 0 0
leaf_weight=5.598790416494011 4.7622606828808776 34.009684348478913 5.8876847401261356 4.1413128636777392 12.891852054744957 0.45843729376792897 1.4957002364099024 0.7579631209373473
leaf_count=101 46 390 21 33 67 2 30 5
internal_value=0.000622409 -0.00266517 0.002114 -0.00526629 0.0176205 -0.0358314 -0.0409362 0.0349507
internal_weight=70.0037 64.4835 56.9305 38.151 18.7795 7.55293 7.09449 5.52022
internal_count=695 644 511 423 88 133 131 51
is_linear=0
shrinkage=0.05


Tree=62
num_leaves=8
num_cat=0
split_feature=25 23 16 24 5 24 7
split_gain=3.28157 2.58818 2.49405 2.6381 1.52281 1.26078 0.43835
threshold=0.58434600000000014 0.49323350000000005 0.42430950000000006 0.88698300000000019 1.5000000000000002 0.91019150000000015 16.460344500000001
decision_type=2 10 10 2 10 2 10
left_child=-1 2 3 -2 6 -4 -3
right_child=1 4 5 -5 -6 -7 -8
leaf_value=-0.036590655793262997 -0.02965406334568917 -0.043084246127705228 0.0040664496468958682 0.013427839544537988 0.009487997868895072 -0.03854781143179796 0
leaf_weight=3.7706151101738206 2.0721233319491139 3.2752915676683183 0.94527235440909807 54.267312280833721 0.67128106951713551 2.7167566474527121 0.56497886776924122
leaf_count=109 26 37 6 462 2 23 6
internal_value=0.000922442 0.00427532 0.00756573 0.0106831 -0.0262955 -0.0247196 -0.03814
internal_weight=68.2836 64.513 60.0015 56.3394 4.51155 3.66203 3.84027
internal_count=671 562 517 488 45 29 43
is_linear=0
shrinkage=0.05


Tree=63
num_leaves=9
num_cat=0
split_feature=3 22 25 16 23 25 16 16
split_gain=2.92753 4.02343 2.14501 2.28721 1.89898 1.82431 0.868466 0.353011
threshold=1.0000000180025095e-35 0.071532000000000012 0.65427900000000017 0.11101300000000001 0.032232000000000004 0.65610900000000016 0.037016000000000007 0.24056850000000002
decision_type=10 8 2 8 8 2 10 10
left_child=1 5 3 -3 -4 6 -1 -2
right_child=7 2 4 -5 -6 -7 -8 -9
leaf_value=0.015649692522979902 0.034983765792849265 0.012126748416362416 -0.025781836674762571 -0.031497427976488621 0.008743614848078304 -0.049237631152898968 -0.019074581838459503 0
leaf_weight=1.6533313561230882 3.9081580117344847 2.4763398412615034 2.6679103113710871 7.8352969791740188 40.505656912922859 5.2912705074995756 2.3447545133531094 0.55985702946782101
leaf_count=23 39 15 28 133 317 64 52 5
internal_value=-0.00195427 -0.00535776 0 -0.0186949 0.00525646 -0.0332156 0 0.0310029
internal_weight=67.2426 62.7746 53.4852 10.3116 43.1736 9.28936 3.99809 4.46802
internal_count=676 632 493 148 345 139 75 44
is_linear=0
shrinkage=0.05


Tree=64
num_leaves=7
num_cat=0
split_feature=24 23 23 24 2 25
split_gain=3.00364 3.29144 2.42323 1.67201 1.12752 0.138334
threshold=0.9685355000000001 0.0066885000000000009 0.099985500000000019 0.89961600000000008 0.47222200000000009 0.9109060000000001
decision_type=2 8 8 2 8 2
left_child=1 5 4 -4 -3 -1
right_child=-2 2 3 -5 -6 -7
leaf_value=-0.039084377036374969 0.039195279381662368 0.030052007951490173 0.011931036112221946 -0.0092376958430678106 -0.0038881584932997123 0
leaf_weight=4.7742221262305966 2.7710187137126914 7.1233387924730751 9.7271679230034334 41.017015149816871 1.316726595163346 0.3391011245548724
leaf_count=113 25 37 101 381 14 7
internal_value=-0.000953595 -0.00391793 0 -0.00447528 0.0224543 -0.037376
internal_weight=67.0686 64.2976 59.1842 50.7442 8.44007 5.11332
internal_count=678 653 533 482 51 120
is_linear=0
shrinkage=0.05


end of trees

feature_importances:
reranker_score_gte_multilingual_reranker_base=54
max_category_share_percentile_gap_abs=49
embedding_cosine_multilingual_e5_large=41
shared_description_count_capped=40
repeated_title_share_percentile_gap_abs=34
profile_category_jaccard=31
shared_category_count_capped=28
shared_title_count_capped=27
description_length_median_percentile_gap_abs=24
repeated_description_share_percentile_gap_abs=21
item_count_percentile_gap_abs=17
price_median_percentile_gap_abs=16
digit_ratio_mean_percentile_gap_abs=8
same_market_raw_bool=3
title_length_median_percentile_gap_abs=3
punct_ratio_mean_percentile_gap_abs=3
shared_description_idf_sum=1
shared_description_idf_mean=1

parameters:
[boosting: gbdt]
[objective: binary]
[metric: binary_logloss,auc]
[tree_learner: serial]
[device_type: cpu]
[data_sample_strategy: bagging]
[data: ]
[valid: ]
[num_iterations: 500]
[learning_rate: 0.05]
[num_leaves: 11]
[num_threads: 0]
[seed: 20260311]
[deterministic: 1]
[force_col_wise: 1]
[force_row_wise: 0]
[histogram_pool_size: -1]
[max_depth: 4]
[min_data_in_leaf: 6]
[min_sum_hessian_in_leaf: 0.001]
[bagging_fraction: 0.85]
[pos_bagging_fraction: 1]
[neg_bagging_fraction: 1]
[bagging_freq: 1]
[bagging_seed: 20260311]
[bagging_by_query: 0]
[feature_fraction: 0.85]
[feature_fraction_bynode: 1]
[feature_fraction_seed: 20260311]
[extra_trees: 0]
[extra_seed: 8410]
[early_stopping_round: 0]
[early_stopping_min_delta: 0]
[first_metric_only: 0]
[max_delta_step: 0]
[lambda_l1: 0.5]
[lambda_l2: 1.5]
[linear_lambda: 0]
[min_gain_to_split: 0.02]
[drop_rate: 0.1]
[max_drop: 50]
[skip_drop: 0.5]
[xgboost_dart_mode: 0]
[uniform_drop: 0]
[drop_seed: 22484]
[top_rate: 0.2]
[other_rate: 0.1]
[min_data_per_group: 100]
[max_cat_threshold: 32]
[cat_l2: 10]
[cat_smooth: 10]
[max_cat_to_onehot: 4]
[top_k: 20]
[monotone_constraints: ]
[monotone_constraints_method: basic]
[monotone_penalty: 0]
[feature_contri: ]
[forcedsplits_filename: ]
[refit_decay_rate: 0.9]
[cegb_tradeoff: 1]
[cegb_penalty_split: 0]
[cegb_penalty_feature_lazy: ]
[cegb_penalty_feature_coupled: ]
[path_smooth: 0]
[interaction_constraints: ]
[verbosity: -1]
[saved_feature_importance_type: 0]
[use_quantized_grad: 0]
[num_grad_quant_bins: 4]
[quant_train_renew_leaf: 0]
[stochastic_rounding: 1]
[linear_tree: 0]
[max_bin: 255]
[max_bin_by_feature: ]
[min_data_in_bin: 3]
[bin_construct_sample_cnt: 200000]
[data_random_seed: 20260311]
[is_enable_sparse: 1]
[enable_bundle: 1]
[use_missing: 1]
[zero_as_missing: 0]
[feature_pre_filter: 1]
[pre_partition: 0]
[two_round: 0]
[header: 0]
[label_column: ]
[weight_column: ]
[group_column: ]
[ignore_column: ]
[categorical_feature: ]
[forcedbins_filename: ]
[precise_float_parser: 0]
[parser_config_file: ]
[objective_seed: 16170]
[num_class: 1]
[is_unbalance: 0]
[scale_pos_weight: 1]
[sigmoid: 1]
[boost_from_average: 1]
[reg_sqrt: 0]
[alpha: 0.9]
[fair_c: 1]
[poisson_max_delta_step: 0.7]
[tweedie_variance_power: 1.5]
[lambdarank_truncation_level: 30]
[lambdarank_norm: 1]
[label_gain: ]
[lambdarank_position_bias_regularization: 0]
[eval_at: ]
[multi_error_top_k: 1]
[auc_mu_weights: ]
[num_machines: 1]
[local_listen_port: 12400]
[time_out: 120]
[machine_list_filename: ]
[machines: ]
[gpu_platform_id: -1]
[gpu_device_id: -1]
[gpu_use_dp: 0]
[num_gpu: 1]

end of parameters

pandas_categorical:null
