tree
version=v4
num_class=1
num_tree_per_iteration=1
label_index=0
max_feature_idx=10
objective=binary sigmoid:1
feature_names=item_count_percentile_gap_abs price_median_percentile_gap_abs title_length_median_percentile_gap_abs description_length_median_percentile_gap_abs digit_ratio_mean_percentile_gap_abs punct_ratio_mean_percentile_gap_abs repeated_title_share_percentile_gap_abs repeated_description_share_percentile_gap_abs max_category_share_percentile_gap_abs embedding_cosine_gte_multilingual_base reranker_score_gte_multilingual_reranker_base
feature_infos=[0:0.84691799999999995] [0:0.97017900000000001] [0:0.97814400000000001] [0:0.90912599999999999] [0:0.87231599999999998] [0:0.92139599999999999] [0:0.78087600000000001] [0:0.625498] [0:0.96330300000000002] [0.80815300000000001:0.99821599999999999] [0.38485900000000001:0.964619]
tree_sizes=1288 1289 1288 1053 1278 1303 963 1274 1303 1275 1283 1150 1292 1194 1288 851 1280 1088 1078 1262 1202 1268 1157 1291 1078 1275 1155 1174 1212 993 1293 1240 1123 1274 1269 1094 883 1289 1284 1257 772 1277 1267 1240 1257 1280 1023 1258 775 1295 1050 1147 1059 1233

Tree=0
num_leaves=11
num_cat=0
split_feature=10 6 9 9 8 9 6 2 10 6
split_gain=57.3842 21.2579 12.8143 11.415 11.1259 10.8022 10.5233 8.24169 7.99459 2.06605
threshold=0.64927550000000012 1.0000000180025095e-35 0.9906790000000002 0.98411400000000004 0.0066885000000000009 0.99285450000000008 0.07012800000000001 0.091829500000000008 0.8619190000000001 0.17131450000000001
decision_type=2 8 2 2 8 2 10 10 2 10
left_child=2 3 6 -2 5 -3 -1 -5 -6 -8
right_child=1 4 -4 7 8 -7 9 -9 -10 -11
leaf_value=-0.083841380433576612 -0.077141232866675083 -0.059811593927760469 0.043526781677332538 0.048851318136030449 0.024741201459030412 0.045215976107713322 0.0138892258566416 -0.049048665704400939 0.064901175946237122 -0.030464175031791003
leaf_weight=20.561712093651302 6.1557019501924497 5.0049192309379569 1.5988146662712086 3.9845281392335892 48.172233134508133 2.3364375382661819 3.3917007297277442 1.9346491843461988 19.6711820140481 3.5023821145296097
leaf_count=186 35 27 5 11 284 6 12 11 98 17
internal_value=0.000823507 0.0213642 -0.0580683 -0.0361778 0.0314585 -0.0215579 -0.0667962 0.0100364 0.0378981 -0.00708255
internal_weight=116.314 87.2597 29.0546 12.0749 75.1848 7.34136 27.4558 5.91918 67.8434 6.89408
internal_count=692 472 220 57 415 33 215 22 382 29
is_linear=0
shrinkage=1


Tree=1
num_leaves=11
num_cat=0
split_feature=6 8 9 9 5 8 9 2 9 5
split_gain=48.7794 23.3201 20.3177 18.5131 6.2185 7.90206 5.18732 4.59142 3.80925 2.35243
threshold=1.0000000180025095e-35 0.0048635000000000006 0.99176650000000011 0.97668800000000011 0.27958850000000007 0.49323350000000005 0.98307600000000017 0.088059000000000012 0.98281700000000016 0.049582500000000009
decision_type=8 10 2 2 10 10 2 10 2 10
left_child=2 3 8 -2 5 -3 -6 -5 -1 -10
right_child=1 4 -4 7 6 -7 -8 -9 9 -11
leaf_value=-0.087119685373082512 -0.047039100470489571 0.055910664877895193 0.043414139052679677 0.027221742294178869 0.022513938056039726 -0.0090254807126623812 -0.049903755708472622 -0.038591428027828965 0.0090538070264415439 -0.043209405407149855
leaf_weight=17.3827462643385 17.637424983084202 35.540705591440201 2.9427230805158606 19.759775411337618 7.2124295234680158 4.1887001246213904 1.9340737015008924 1.4059086591005314 1.9982919991016377 3.2428946495056152
leaf_count=99 201 106 8 179 25 18 11 8 7 17
internal_value=-0.000127794 0.0175017 -0.0591298 -0.010759 0.0400867 0.0483788 0 0.0194825 -0.0753743 -0.0219939
internal_weight=113.246 87.679 25.5667 38.8031 48.8759 39.7294 9.1465 21.1657 22.6239 5.24119
internal_count=679 548 131 388 160 124 36 187 123 24
is_linear=0
shrinkage=0.05


Tree=2
num_leaves=11
num_cat=0
split_feature=10 6 8 2 6 10 7 1 5 10
split_gain=47.9483 17.4702 11.9928 11.7315 11.7109 7.84556 4.66573 4.2827 3.70168 1.71665
threshold=0.65427900000000017 1.0000000180025095e-35 0.0048635000000000006 0.072447500000000012 0.061204000000000008 0.8619190000000001 0.14957350000000003 0.19579050000000001 0.049582500000000009 0.6070485000000001
decision_type=2 8 8 10 10 2 10 10 10 2
left_child=4 3 6 8 -1 -4 -3 9 -2 -6
right_child=1 2 5 -5 7 -7 -8 -9 -10 -11
leaf_value=-0.069136727496897768 0.042512952845135031 0.0064513045742029713 0.02214840539723846 -0.072929706778452716 0.038728161377421182 0.06181580919451482 -0.060878954577642024 -0.040199022669153352 -0.022851051543350299 -0.0041388507312542597
leaf_weight=22.990116439759735 3.546124652028082 3.7377469390630713 48.061857882887125 6.4746668636798859 3.7260206490755063 19.381466507911682 3.3343441635370255 2.8927108645439148 2.00652876496315 2.0939282327890396
leaf_count=198 10 14 284 37 11 89 19 15 10 9
internal_value=-1.18645e-05 0.0190908 0.0283232 -0.0330585 -0.0514183 0.0350073 -0.0274752 0 0.0155116 0.0222023
internal_weight=118.246 86.5427 74.5154 12.0273 31.7028 67.4433 7.07209 8.71266 5.55265 5.81995
internal_count=696 463 406 57 233 373 33 35 20 20
is_linear=0
shrinkage=0.05


Tree=3
num_leaves=9
num_cat=0
split_feature=6 9 9 5 1 0 3 5
split_gain=39.2276 23.3557 17.3763 11.2423 5.69469 4.36032 3.30856 0.301848
threshold=1.0000000180025095e-35 0.99176650000000011 0.9562265000000002 0.27958850000000007 0.15074800000000002 0.014829 0.0091880000000000017 0.0098795000000000011
decision_type=8 2 2 8 8 10 10 10
left_child=1 6 -2 5 -5 -4 -1 -8
right_child=2 -3 3 4 -6 -7 7 -9
leaf_value=0 -0.066917406581725639 0.05280047652661797 -0.014013470099225812 -0.048169449567071219 0.0080889968446446782 0.041373133947640764 -0.0096851329681256135 -0.078592114157732346
leaf_weight=1.9065503478050292 4.4189272820949546 3.1924559623002997 2.4408800750970832 3.5915282964706412 35.921310558915138 43.677712485194206 1.4738259911537195 19.536062359809875
leaf_count=8 48 8 11 19 340 140 7 111
internal_value=0 -0.052425 0.0155683 0.0211905 0.000791088 0.0375676 -0.0704509 -0.0758365
internal_weight=116.159 26.1089 90.0504 85.6314 39.5128 46.1186 22.9164 21.0099
internal_count=692 134 558 510 359 151 126 118
is_linear=0
shrinkage=0.05


Tree=4
num_leaves=11
num_cat=0
split_feature=10 9 6 6 9 10 9 1 4 1
split_gain=45.2757 11.9064 10.0364 8.12034 5.97431 5.62968 4.66287 4.42062 4.37894 1.56861
threshold=0.65427900000000017 0.97689100000000006 0.052541000000000004 0.061204000000000008 0.9925695000000001 0.89931700000000003 0.96997200000000006 0.040522000000000009 0.031058000000000006 0.29842350000000006
decision_type=2 2 8 10 2 2 2 10 8 10
left_child=3 2 -2 4 -1 8 -4 -5 -3 -7
right_child=1 5 6 7 -6 9 -8 -9 -10 -11
leaf_value=-0.073954938924456856 -0.059848580564725445 0.052064910963261213 0.024790457548641502 0.027038514224878324 0.020942957031018949 0.060293795960272595 -0.020113414586495369 -0.034475322259460213 0.0086021112826601444 0
leaf_weight=21.247293423861272 5.9670073986053493 6.4518514275550833 13.000616628676655 3.4626523703336698 0.73404532670974632 13.674902521073816 7.7411015033721915 5.1568908244371414 33.682325411587954 1.5579614937305439
leaf_count=194 33 18 75 11 3 59 59 25 198 6
internal_value=-0.00250871 0.0166839 -0.00968789 -0.0531388 -0.0685858 0.029765 0.00668144 -0.00694851 0.0178136 0.0553399
internal_weight=112.677 82.0758 26.7087 30.6009 21.9813 55.367 20.7417 8.61954 40.1342 15.2329
internal_count=681 448 167 233 197 281 134 36 216 65
is_linear=0
shrinkage=0.05


Tree=5
num_leaves=11
num_cat=0
split_feature=6 9 8 9 8 2 7 0 9 9
split_gain=31.1244 23.0013 19.7684 10.2224 7.7849 5.53382 4.40573 1.79916 1.10022 0.0982161
threshold=0.0023540000000000006 0.99106400000000006 0.0048635000000000006 0.97668800000000011 0.49323350000000005 0.088059000000000012 0.040699500000000007 0.23291750000000003 0.98281700000000016 0.97292950000000011
decision_type=8 2 10 2 10 10 10 10 2 2
left_child=1 8 3 9 6 -5 -4 -6 -1 -2
right_child=2 -3 4 5 7 -7 -8 -9 -10 -11
leaf_value=-0.076054016551857298 -0.044984309224318633 0.048951313048995165 0.0085650262595972169 0.020537341119651213 0.0018504968602178055 -0.047154258986813052 0.051038186442421231 -0.043800704501421095 -0.023072082108661865 -0.012569659330093824
leaf_weight=16.148427724838264 12.161480125039818 3.7784571051597586 10.010534822940825 19.079122398048643 3.9092546999454489 1.9300808906555165 34.075072959065437 1.5779370367527006 4.4163441359996787 4.2241746969521037
leaf_count=95 143 10 37 173 15 11 102 9 21 49
internal_value=0.000828952 -0.0472212 0.0151339 -0.0115852 0.0355271 0.01048 0.0425414 -0.0142841 -0.068151 -0.0397807
internal_weight=111.311 24.3432 86.9677 37.3949 49.5728 21.0092 44.0856 5.48719 20.5648 16.3857
internal_count=665 126 539 376 163 184 139 24 116 192
is_linear=0
shrinkage=0.05


Tree=6
num_leaves=8
num_cat=0
split_feature=10 8 9 6 2 10 7
split_gain=40.0454 23.5451 18.5622 16.6315 8.25638 4.13192 2.0443
threshold=0.58434600000000014 0.0048635000000000006 0.99176650000000011 0.035092000000000005 0.059843000000000007 0.9109060000000001 0.36718550000000005
decision_type=2 8 2 10 10 2 10
left_child=-1 2 5 4 -3 -2 -5
right_child=1 3 -4 6 -6 -7 -8
leaf_value=-0.074037331764299108 -0.075955035071062757 0.014572216236534883 0.042886638132218435 0.052098023513741071 -0.034775654076403616 0 0.013607971949269474
leaf_weight=13.133349210023878 10.993280544877054 33.937573753297329 3.9419386237859717 35.123845338821411 9.5555500388145429 1.7183759510517109 7.3120824247598639
leaf_count=118 64 315 11 104 47 7 26
internal_value=0.00318301 0.014234 -0.0373684 0.0249904 0.00237681 -0.0659147 0.0467259
internal_weight=115.716 102.583 16.6536 85.9291 43.4931 12.7117 42.4359
internal_count=692 574 82 492 362 71 130
is_linear=0
shrinkage=0.05


Tree=7
num_leaves=11
num_cat=0
split_feature=10 10 6 9 3 8 6 9 6 5
split_gain=33.3277 12.7082 11.8111 9.09175 5.57987 4.8848 4.20427 1.63464 1.54498 0.616682
threshold=0.65427900000000017 0.89539750000000018 0.12244600000000001 0.9906790000000002 0.035060000000000008 1.0000000180025095e-35 0.07012800000000001 0.97892800000000013 0.0023540000000000006 0.037361000000000012
decision_type=2 2 8 2 10 8 10 2 8 10
left_child=3 2 4 6 -2 -4 -1 -8 9 -3
right_child=1 8 5 -5 -6 -7 7 -9 -10 -11
leaf_value=-0.065947224788863112 0.011981017870480545 0.021670157850199125 -0.031484880709796936 0.033082015734823743 -0.037916131666441692 0.025586257068496088 0 -0.043018987402508535 0.056998914462709119 -0.0055966212152510448
leaf_weight=19.757106810808189 6.2717338651418713 2.2098284363746674 2.5089326798915854 1.979141917079686 16.87700018286705 36.59320866689086 5.7850635200738898 1.5791917592287061 14.948226895183323 1.4511030018329618
leaf_count=186 23 7 13 8 82 245 23 9 70 7
internal_value=-0.00121213 0.0151309 0.00344733 -0.0459562 -0.0234767 0.0202807 -0.0540289 -0.0134848 0.0497986 0.00753282
internal_weight=109.961 80.86 62.2509 29.1005 23.1487 39.1021 27.1214 7.36426 18.6092 3.66093
internal_count=673 447 363 226 105 258 218 32 84 14
is_linear=0
shrinkage=0.05


Tree=8
num_leaves=11
num_cat=0
split_feature=10 9 6 10 6 9 5 10 4 6
split_gain=36.6287 11.3475 8.79813 8.67548 6.1847 4.5921 4.56933 3.80725 3.56422 1.77789
threshold=0.65427900000000017 0.97689100000000006 0.10338400000000002 0.82598250000000017 0.061204000000000008 0.9906790000000002 0.21686250000000004 0.76674450000000005 0.0083935000000000017 0.23566500000000004
decision_type=2 2 10 2 10 2 10 2 10 10
left_child=4 2 8 6 5 -1 -3 -4 -2 -6
right_child=1 3 7 -5 9 -7 -8 -9 -10 -11
leaf_value=-0.065167271783122829 -0.0026510771809170369 0.018031956913165587 0.036677380422748991 0.048383599310795354 0.0070351112240501293 0.016114254174154487 -0.027091444045798649 -0.019149576370368515 -0.051780652254200837 -0.033075897542600423
leaf_weight=21.444059334695346 7.8221215642988744 23.18611374869943 8.8801500648260099 26.732775069773197 5.8637116700410825 0.79075209423899551 5.5157949179410926 2.5822755545377722 8.7669356018304807 2.5219438076019287
leaf_count=202 84 130 28 119 22 4 26 12 47 13
internal_value=-0.00148986 0.0154999 -0.00943436 0.0284725 -0.047151 -0.0603876 0.00761776 0.0214113 -0.0321378 -0.00568752
internal_weight=114.107 83.4862 28.0515 55.4347 30.6205 22.2348 28.7019 11.4624 16.5891 8.38566
internal_count=687 446 171 275 241 206 156 40 131 35
is_linear=0
shrinkage=0.05


Tree=9
num_leaves=11
num_cat=0
split_feature=10 8 6 2 4 10 10 5 8 6
split_gain=33.2001 11.403 9.29644 6.92284 5.05086 4.66444 5.42751 4.63885 3.10288 3.10154
threshold=0.65427900000000017 0.011952500000000003 0.089105000000000018 0.079563500000000023 0.14187050000000004 0.58434600000000014 0.6070485000000001 0.31162850000000003 0.47808800000000007 1.0000000180025095e-35
decision_type=2 8 10 10 10 2 2 10 10 8
left_child=5 3 7 4 -2 -1 9 -3 -4 -7
right_child=1 2 8 -5 -6 6 -8 -9 -10 -11
leaf_value=-0.067362953843519952 0.032051466934995471 0.014538662416833204 0.053222807570059254 -0.052172425711418814 -0.041400194652872119 -0.028927598948753463 -0.041055582962655046 -0.044128361590047835 0 0.031834811448888792
leaf_weight=11.734012484550478 6.2178285866975767 40.188102975487709 25.037309199571613 6.9494386911392212 1.727759003639221 1.4338056594133402 11.008590560406445 2.0469432175159445 3.100922003388404 4.7448874227702618
leaf_count=112 20 301 72 38 10 9 85 12 12 28
internal_value=0.00146863 0.0174142 0.0259218 -0.0199506 0.00939464 -0.0432622 -0.0213841 0.00970774 0.0476924 0.0115823
internal_weight=114.19 85.2683 70.3733 14.895 7.94559 28.9213 17.1873 42.235 28.1382 6.17869
internal_count=699 465 397 68 30 234 122 313 84 37
is_linear=0
shrinkage=0.05


Tree=10
num_leaves=11
num_cat=0
split_feature=6 10 9 9 10 7 10 9 4 5
split_gain=31.459 14.6175 8.56532 6.77892 5.7055 5.62794 5.14381 4.48662 0.723609 0.378159
threshold=1.0000000180025095e-35 0.65427900000000017 0.99106400000000006 0.97292950000000011 0.89931700000000003 0.040699500000000007 0.9551955000000002 0.97751750000000015 0.039557000000000002 0.0065185000000000009
decision_type=8 2 2 2 2 10 2 2 8 10
left_child=2 3 6 -2 5 -3 9 -5 -6 -1
right_child=1 4 -4 7 8 -7 -8 -9 -10 -11
leaf_value=-0.0061321585451526751 -0.06374094615478193 -0.0042428404022085984 0.024562380336454841 0.02360895208520862 0.0062535464940711161 0.026458928104669512 0.012267254525941148 -0.034516039518017107 0.055314055087212113 -0.07044370825199317
leaf_weight=1.4161701798439121 6.2213860638439682 23.729563646018505 2.034796029329299 6.1611110866069776 2.521697357296941 32.606452912092209 1.1835608482360829 4.330652017146349 11.452036082744598 18.629219755530357
leaf_count=7 79 214 6 37 9 112 4 39 58 117
internal_value=-0.00216225 0.0115722 -0.0521374 -0.0281417 0.0217513 0.01332 -0.0617248 0 0.0495407 -0.0678038
internal_weight=110.287 87.0229 23.2637 16.7131 70.3097 56.336 21.229 10.4918 13.9737 20.0454
internal_count=682 548 134 155 393 326 128 76 67 124
is_linear=0
shrinkage=0.05


Tree=11
num_leaves=10
num_cat=0
split_feature=6 10 10 3 1 2 1 5 3
split_gain=29.6339 12.955 6.23422 5.63309 5.17257 1.94155 0.735524 0.391864 0.24619
threshold=1.0000000180025095e-35 0.58434600000000014 0.89931700000000003 0.024766500000000004 0.023912000000000006 0.024344500000000002 0.27375800000000006 0.0098795000000000011 0.015096500000000002
decision_type=8 2 2 10 8 10 10 10 10
left_child=3 -2 4 5 -3 -1 -4 -5 -7
right_child=1 2 6 7 -6 8 -8 -9 -10
leaf_value=0.026999650680081873 -0.056586223182207046 0.042423587902093281 0.050447814577374656 -0.0043104947940850093 0.0039779061663653284 -0.031422885492254325 0 -0.06492129367828807 0
leaf_weight=2.0180603861808804 4.7672342881560317 9.3198010474443418 12.507432918995617 1.4123716056346918 59.557443030178547 1.4418348520994189 1.3351569026708592 16.472416490316391 1.0662916749715803
leaf_count=6 69 28 59 7 395 9 5 104 5
internal_value=-0.000786943 0.0122769 0.0174796 -0.0504015 0.0103286 0 0.0469432 -0.0621284 -0.023899
internal_weight=109.898 87.4871 82.7198 22.411 68.8772 4.52619 13.8426 17.8848 2.50813
internal_count=687 556 487 131 423 20 64 111 14
is_linear=0
shrinkage=0.05


Tree=12
num_leaves=11
num_cat=0
split_feature=10 6 2 9 0 9 1 9 9 9
split_gain=26.2061 8.49158 9.56899 6.07661 5.34596 4.50752 4.3533 6.16817 3.76182 3.57843
threshold=0.65427900000000017 1.0000000180025095e-35 0.072447500000000012 0.97292950000000011 0.040434000000000005 0.98411400000000004 0.42430950000000006 0.97689100000000006 0.9736530000000001 0.97760050000000009
decision_type=2 8 10 2 8 2 10 2 2 2
left_child=3 2 5 -1 -5 -2 7 -3 -8 -6
right_child=1 6 -4 4 9 -7 8 -9 -10 -11
leaf_value=-0.061865014795818442 -0.021307618057460495 0.0018120099728941665 -0.059566920264939462 -0.053101241607692043 0.030076655456615139 0.049752610526835835 0.015255817842029252 0.03586469589641568 -0.05422059869930549 -0.019445905582573985
leaf_weight=13.893694669008257 2.2566555291414243 21.300077933818102 6.0968157052993774 4.1812365353107426 5.7159505113959312 3.5369031727313995 2.3851843625307074 43.905585866421461 2.0784636288881302 5.5305126383900642
leaf_count=132 12 137 38 27 34 9 8 235 12 46
internal_value=0.000261224 0.0150862 -0.0210573 -0.0388917 -0.013077 0.0199565 0.0219198 0.0254067 -0.018404 0.00433979
internal_weight=110.881 81.5597 11.8904 29.3214 15.4277 5.79356 69.6693 65.2057 4.46365 11.2465
internal_count=690 451 59 239 107 21 392 372 20 80
is_linear=0
shrinkage=0.05


Tree=13
num_leaves=10
num_cat=0
split_feature=9 6 5 9 6 10 10 7 1
split_gain=20.8096 21.3913 7.03768 6.83704 5.23149 4.95686 3.91441 3.31992 2.57418
threshold=0.98256500000000002 0.007818000000000002 0.25917150000000005 0.9562265000000002 0.29705500000000001 0.6986380000000002 0.72592550000000011 0.016099500000000006 0.48804800000000004
decision_type=2 8 10 2 10 2 2 10 10
left_child=1 -1 5 -3 -5 7 -4 -2 -7
right_child=2 3 6 4 -6 8 -8 -9 -10
leaf_value=-0.065642335266580407 0.016217965441968098 -0.055014459427803232 0.014936256934014387 -0.0029670876341682077 0.039322461814688077 0.042182297346631897 -0.057964070028494331 -0.046146851337211359 -0.0089715581601033986
leaf_weight=16.558048218488693 3.7702719159424296 3.8526540361344805 1.7824096530675877 36.816014640033245 7.3636502623558036 31.97962212190032 2.4185904562473297 1.8833823055028913 1.2936533838510502
leaf_count=111 26 47 6 273 22 156 14 11 6
internal_value=-0.00120473 -0.019216 0.0249488 -0.00120365 0.00459403 0.0319471 -0.0268568 -0.00638266 0.0391733
internal_weight=107.718 64.5904 43.1279 48.0323 44.1797 38.9269 4.201 5.65365 33.2733
internal_count=672 453 219 342 295 199 20 37 162
is_linear=0
shrinkage=0.05


Tree=14
num_leaves=11
num_cat=0
split_feature=10 8 9 9 7 8 8 1 8 1
split_gain=25.6057 11.6526 10.4195 7.39581 6.62903 7.81941 4.76132 2.69967 3.20753 1.35912
threshold=0.65427900000000017 0.011952500000000003 0.99285450000000008 0.9906790000000002 0.040699500000000007 0.24831400000000003 0.49323350000000005 0.03604000000000001 0.015522500000000003 0.023912000000000006
decision_type=2 8 2 2 10 10 10 8 10 10
left_child=3 2 9 7 5 -3 -6 8 -1 -2
right_child=1 4 -4 -5 6 -7 -8 -9 -10 -11
leaf_value=-0.040908263278204342 -0.0041469416111030756 0.014266369134089641 0.041096369985697351 0.032443443503331545 0.044413780080062013 -0.057290732446063697 -0.0018643031291376889 -0.056931231628690071 0.017619008108567077 -0.056396234046797923
leaf_weight=2.8625140339136186 2.9645125567913047 27.807146124541763 3.018621399998664 1.7650035768747319 30.849261939525604 2.836854860186576 5.3386343866586676 19.741466537117958 3.0905671715736389 8.2850691974163038
leaf_count=20 13 244 8 6 95 17 23 195 11 47
internal_value=0 0.0140314 -0.0243944 -0.0406069 0.0229563 0.00449991 0.0371208 -0.0480569 -0.00973847 -0.0466961
internal_weight=108.56 81.1001 14.2682 27.4596 66.8319 30.644 36.1879 25.6945 5.95308 11.2496
internal_count=679 447 68 232 379 261 118 226 31 60
is_linear=0
shrinkage=0.05


Tree=15
num_leaves=7
num_cat=0
split_feature=10 10 9 9 9 1
split_gain=20.2851 11.6849 7.06639 4.77716 2.38138 1.51841
threshold=0.58434600000000014 0.89539750000000018 0.9562265000000002 0.99020400000000008 0.97689100000000006 0.29842350000000006
decision_type=2 2 2 2 2 10
left_child=-1 2 -2 -4 -3 -6
right_child=1 4 3 -5 5 -7
leaf_value=-0.060279397256435843 -0.055018925728632276 -0.0023840847958164122 -0.0011169774406308631 0.037703399474682514 0.052207097849175349 0
leaf_weight=10.901966780424116 4.1136870980262747 1.4968950748443628 67.068983029574156 7.3384714052081099 14.848636806011202 1.495435744524001
leaf_count=114 39 11 421 32 64 6
internal_value=0 0.00759759 -0.000652435 0.00305175 0.0424345 0.0477957
internal_weight=107.264 96.3621 78.5211 74.4075 17.841 16.3441
internal_count=687 573 492 453 81 70
is_linear=0
shrinkage=0.05


Tree=16
num_leaves=11
num_cat=0
split_feature=10 9 10 2 9 6 9 6 6 5
split_gain=19.8009 7.61143 5.48778 5.22751 4.841 3.84855 3.77539 3.32867 2.17081 1.00068
threshold=0.68981400000000015 0.97689100000000006 0.90518600000000016 0.11018200000000002 0.9906790000000002 0.29705500000000001 0.96905000000000008 0.07012800000000001 0.23017950000000001 0.0024150000000000005
decision_type=2 2 2 10 2 10 2 10 10 8
left_child=4 5 3 -3 7 6 -2 9 -9 -1
right_child=1 2 -4 -5 -6 -7 -8 8 -10 -11
leaf_value=0 0.00094277536615048957 -0.0030052676527509859 0.051854204308385547 0.03414245993363909 0.022989387935874586 0.02768843844371574 -0.041100084258826997 0.0089495477652560811 -0.032624123095188105 -0.048834818485484072
leaf_weight=0.89436709880829113 8.6606604903936439 20.30142929032445 12.698317691683767 14.377171427011488 2.2015980146825305 3.5537099838256827 8.8026225306093675 5.7667251378297788 3.5292268842458725 22.366879351437092
leaf_count=4 57 136 54 47 10 11 71 22 18 240
internal_value=-0.00153702 0.0137906 0.0248135 0.0124816 -0.0317091 -0.00994494 -0.0205059 -0.0369916 -0.00685815 -0.0468793
internal_weight=103.153 68.3939 47.3769 34.6786 34.7588 21.017 17.4633 32.5572 9.29595 23.2612
internal_count=670 376 237 183 294 139 128 284 40 244
is_linear=0
shrinkage=0.05


Tree=17
num_leaves=9
num_cat=0
split_feature=10 6 3 7 4 2 9 9
split_gain=17.6371 9.44567 10.997 6.14914 5.88033 5.61355 4.2115 2.50041
threshold=0.58434600000000014 0.035092000000000005 0.024766500000000004 0.27689900000000006 0.12174250000000002 0.091829500000000008 0.96605450000000015 0.96229750000000014
decision_type=2 8 10 8 10 10 2 2
left_child=-1 2 4 7 -2 -4 -5 -3
right_child=1 3 5 6 -6 -7 -8 -9
leaf_value=-0.057171723135227219 0.044273938389416116 -0.0029466974855073772 -0.0056489081629847657 -0.037998237400961754 -0.036347735751484575 -0.065468573845163427 0.0097519626334002657 0.037683925858293485
leaf_weight=9.9503361992537958 7.2330735027790087 2.8021654188632956 8.7091439366340655 3.6868471391499034 1.4610892236232755 8.3641746789216977 35.350339882075787 29.612363368272781
leaf_count=108 22 12 41 44 9 55 291 95
internal_value=0.00131546 0.00833258 -0.0164828 0.0177793 0.0249181 -0.039221 0.00338632 0.0334594
internal_weight=107.17 97.2192 25.7675 71.4517 8.69416 17.0733 39.0372 32.4145
internal_count=677 569 127 442 31 96 335 107
is_linear=0
shrinkage=0.05


Tree=18
num_leaves=9
num_cat=0
split_feature=5 10 6 1 1 6 5 8
split_gain=17.8722 11.8504 8.23525 7.05315 6.74453 3.95151 2.14715 2.39046
threshold=0.27958850000000007 0.58434600000000014 0.041201000000000008 0.084410000000000013 0.42430950000000006 0.40074450000000006 0.59936750000000016 0.16923250000000004
decision_type=10 2 10 10 10 10 10 10
left_child=1 -1 3 -3 -4 6 -2 -8
right_child=5 2 4 -5 -6 -7 7 -9
leaf_value=-0.051835992446914253 -0.066107292174040475 0.0085352397647607946 0.038708793462035762 -0.039495102228762125 -0.027247153620752126 0.010681590517337212 -0.039626424848203584 0.012794839377699081
leaf_weight=6.0698282308876506 10.721883781254293 39.79894420132041 30.96137398481369 7.875326380133628 2.8717197179794303 1.5568747371435154 2.7088133692741385 2.4086576551198959
leaf_count=81 69 346 99 44 14 5 20 9
internal_value=-0.00154801 0.00760297 0.0131873 0 0.0314839 -0.045886 -0.053331 -0.0138678
internal_weight=104.973 87.5772 81.5074 47.6743 33.8331 17.3962 15.8394 5.11747
internal_count=687 584 503 390 113 103 98 29
is_linear=0
shrinkage=0.05


Tree=19
num_leaves=11
num_cat=0
split_feature=8 9 8 0 1 10 5 4 9 10
split_gain=19.5503 14.8473 9.8519 6.07081 5.6461 3.88519 2.81843 0.707307 0.540614 0.0436311
threshold=0.0048635000000000006 0.99285450000000008 0.49323350000000005 0.098874000000000017 0.0049630000000000013 0.58434600000000014 0.26310450000000002 0.37357650000000003 0.99176650000000011 0.9109060000000001
decision_type=8 2 8 10 8 2 10 10 2 2
left_child=1 8 4 5 -2 -4 -6 -5 9 -1
right_child=2 -3 3 7 6 -7 -8 -9 -10 -11
leaf_value=-0.061552149464262552 -0.032136629125351548 0.041279570653581316 -0.038971637303746094 -0.047412107066428157 0.039353330550439936 0.011215036435088619 0.0058636099066165211 0 0 -0.0041447203976640685
leaf_weight=15.575443744659433 2.0843129009008399 3.3055113404989234 2.8251896575093296 6.2215410843491545 34.47209207713604 28.344296962022781 10.57326629757881 0.96300463378429402 0.94685141742229362 1.2160710096359242
leaf_count=108 11 9 57 37 111 293 41 5 4 6
internal_value=0.0022165 -0.0390343 0.0131568 -0.00506348 0.0281973 0.0043204 0.0324719 -0.0423678 -0.0573517 -0.0594422
internal_weight=106.528 21.0439 85.4837 38.354 47.1297 31.1695 45.0454 7.18455 17.7384 16.7915
internal_count=682 127 555 392 163 350 152 42 118 114
is_linear=0
shrinkage=0.05


Tree=20
num_leaves=10
num_cat=0
split_feature=8 9 6 5 8 1 10 7 10
split_gain=17.6277 15.2346 10.4229 4.47123 4.21473 3.97598 3.01447 2.42549 1.62865
threshold=0.0048635000000000006 0.99285450000000008 0.023478000000000002 0.27958850000000007 0.49323350000000005 0.42430950000000006 0.65427900000000017 0.15156050000000001 0.9109060000000001
decision_type=8 2 10 10 10 10 2 10 2
left_child=1 8 4 5 6 -4 -2 -5 -1
right_child=2 -3 3 7 -6 -7 -8 -9 -10
leaf_value=-0.064880293836151459 -0.026319667697829442 0.040770579877226633 0.039461933806169233 0.019446201980027739 -0.047897344191179775 -0.01560316998963516 0.0058618134248484477 -0.025231564635991483 -0.0012538755245025555
leaf_weight=15.417629964649683 7.9353643991053096 3.2900292873382559 30.972026973962784 4.1219833642244321 4.294603466987609 2.1653967946767798 29.074972696602345 4.7717391401529312 1.9980163425207127
leaf_count=111 125 9 98 14 31 10 258 22 9
internal_value=-0.000976618 -0.0408326 0.00917818 0.0264247 -0.00809853 0.034622 -0.00114543 -0.00230135 -0.0595807
internal_weight=104.042 20.7057 83.3361 42.0311 41.3049 33.1374 37.0103 8.89372 17.4156
internal_count=687 129 558 144 414 108 383 36 120
is_linear=0
shrinkage=0.05


Tree=21
num_leaves=11
num_cat=0
split_feature=8 9 8 9 5 0 5 10 10 3
split_gain=13.8753 15.0533 10.057 5.02631 3.7727 3.595 3.12988 2.47537 1.83657 0.902315
threshold=0.0048635000000000006 0.99176650000000011 0.49323350000000005 0.98138400000000015 0.26310450000000002 0.20377900000000002 0.019120500000000002 0.89108700000000007 0.6986380000000002 0.012127000000000001
decision_type=8 2 8 2 10 10 10 2 2 10
left_child=1 9 4 7 6 -6 -2 -4 -5 -1
right_child=2 -3 3 8 5 -7 -8 -9 -10 -11
leaf_value=0 -0.0046611251097737815 0.039549408897592675 -0.029433780784095712 -0.015430022092061327 -0.022306968391385393 0.030086548794125645 0.038766247009466986 0.014869186759247088 0.020160633955044225 -0.059901984192956927
leaf_weight=1.1555801704525972 3.2715296894311896 3.822573021054267 19.704016529023651 2.8188290894031516 6.2928370833396894 4.1449156999588013 30.534614056348801 1.9612786509096611 12.935106217861174 14.600642412900923
leaf_count=6 14 11 239 32 29 13 99 15 115 105
internal_value=0.000720991 -0.035262 0.010129 -0.00830609 0.026028 0 0.0338361 -0.0236409 0.0115557 -0.0567207
internal_weight=101.242 19.5788 81.6631 37.4192 44.2439 10.4378 33.8061 21.6653 15.7539 15.7562
internal_count=678 122 556 401 155 42 113 254 147 111
is_linear=0
shrinkage=0.05


Tree=22
num_leaves=10
num_cat=0
split_feature=8 9 9 6 3 8 3 10 9
split_gain=14.4855 12.3762 7.88895 5.45157 4.23606 3.65283 1.86799 0.700146 0.601617
threshold=0.0048635000000000006 0.99285450000000008 0.9562265000000002 0.041201000000000008 0.06019950000000001 0.16383900000000004 0.025775000000000003 0.70624950000000009 0.99059000000000019
decision_type=8 2 2 10 10 10 10 2 2
left_child=1 6 -2 4 -4 -5 7 -1 -8
right_child=2 -3 3 5 -6 -7 8 -9 -10
leaf_value=-0.021968740697777354 -0.048847977627330529 0.038079555303087931 0.0092997300420818579 0.045317414665729944 -0.027184890503960064 0.0104005589557273 -0.061647839864938027 0.012915185404475539 0
leaf_weight=1.2009410411119525 3.8203173130750647 3.1801350563764563 34.955190118402243 15.553448766469954 8.6099046617746335 19.802254632115364 14.016530759632584 1.1787582337856291 0.94940832257270891
leaf_count=9 52 9 343 47 46 73 107 4 4
internal_value=0 -0.0360607 0.00948081 0.0134736 0.000869559 0.0276585 -0.0529291 0 -0.0590761
internal_weight=103.267 20.5258 82.7411 78.9208 43.5651 35.3557 17.3456 2.3797 14.9659
internal_count=694 133 561 509 389 120 124 13 111
is_linear=0
shrinkage=0.05


Tree=23
num_leaves=11
num_cat=0
split_feature=10 10 9 9 1 3 10 7 8 9
split_gain=12.6131 4.74221 4.58427 4.78636 3.63978 3.31404 3.22878 3.11532 3.00803 3.12137
threshold=0.71720200000000012 0.58434600000000014 0.97689100000000006 0.96990100000000012 0.48804800000000004 0.20163200000000003 0.7287760000000002 0.056071000000000003 1.0000000180025095e-35 0.99351350000000005
decision_type=2 2 2 2 10 10 2 8 8 2
left_child=1 -1 3 5 7 -2 -5 -4 9 -3
right_child=2 8 4 6 -6 -7 -8 -9 -10 -11
leaf_value=-0.051995213020516864 0.029518436112132521 -0.051621077773270067 0.0009158026201700946 0.0028468736084663378 -0.02630151387892218 -0.031326907372861833 -0.052466132390984722 0.034151893210643124 -0.0016912059310462283 0.016364687834764722
leaf_weight=8.3798499591648561 7.9290509708225745 5.4200048744678488 11.109602972865103 2.8313065133988848 1.8991361558437336 1.2444238290190694 5.0726264603435993 31.195774741470814 28.102643720805645 0.79597428441047657
leaf_count=109 44 41 45 16 10 8 44 178 199 2
internal_value=0 -0.0205531 0.0143133 -0.00619855 0.0227279 0.0156797 -0.0327001 0.0263249 -0.0103217 -0.0381864
internal_weight=103.98 42.6985 61.2819 17.0774 44.2045 9.17347 7.90393 42.3054 34.3186 6.21598
internal_count=696 351 345 112 233 52 60 223 242 43
is_linear=0
shrinkage=0.05


Tree=24
num_leaves=9
num_cat=0
split_feature=10 6 2 8 8 9 9 3
split_gain=12.7697 6.06407 9.46089 6.79039 4.80287 4.4942 4.26302 3.66061
threshold=0.58434600000000014 0.035092000000000005 0.079563500000000023 1.0000000180025095e-35 0.27521100000000004 0.97892800000000013 0.99285450000000008 0.020662500000000004
decision_type=2 8 10 8 8 2 2 10
left_child=-1 2 5 6 -5 -2 -3 -4
right_child=1 3 7 4 -6 -7 -8 -9
leaf_value=-0.051575825532878185 -0.026003103546217734 -0.05296084603864043 0.0036139088602228954 0.036387561711118108 0.0074906509772860452 0.033994435245472847 0.018860553207164579 -0.059018257180101112
leaf_weight=8.5023202784359437 2.840295277535918 4.2501835376024237 1.8933836519718159 25.935466080904007 38.375163026154041 8.2787473648786527 1.6315817683935163 8.3781742602586728
leaf_count=112 18 27 7 84 328 28 5 57
internal_value=0.00181605 0.00779264 -0.014249 0.015016 0.020088 0.0154181 -0.029867 -0.04636
internal_weight=100.085 91.583 21.3906 70.1924 64.3106 11.119 5.88177 10.2716
internal_count=666 554 110 444 412 46 32 64
is_linear=0
shrinkage=0.05


Tree=25
num_leaves=11
num_cat=0
split_feature=9 10 8 8 8 1 10 1 9 4
split_gain=12.8093 6.69379 5.3304 4.39698 2.68566 2.80651 2.54812 2.42453 1.8249 1.6816
threshold=0.97689100000000006 0.82598250000000017 1.0000000180025095e-35 0.13410700000000003 0.0014810000000000001 0.20352350000000005 0.76495750000000007 0.023912000000000006 0.99217000000000011 0.25152750000000007
decision_type=2 2 8 8 8 8 2 10 2 10
left_child=2 4 -1 6 8 -6 -4 -5 -2 -3
right_child=1 9 3 7 5 -7 -8 -9 -10 -11
leaf_value=-0.052933998700005425 -0.044921324637533219 0.038173959941075752 0.038132834943530119 -0.0030978142241880643 0.021886412123107359 -0.0079958513729177696 -0.016700094952960067 -0.036187987528104912 0.0066781600036885623 0
leaf_weight=8.7161870598793012 3.4594955444335964 22.462307129055265 5.1245149075984981 14.465956065803768 13.536637321114542 13.707328446209429 1.3541072160005567 10.401482641696928 0.96073928475379933 2.3676206022500983
leaf_count=76 26 116 16 174 48 128 7 57 3 10
internal_value=9.64182e-05 0.0155264 -0.0208359 -0.00913968 0 0.00634925 0.0225537 -0.0191581 -0.0306329 0.0341547
internal_weight=96.5564 56.4941 40.0622 31.3461 31.6642 27.244 6.47862 24.8674 4.42023 24.8299
internal_count=661 331 330 254 205 176 23 231 29 126
is_linear=0
shrinkage=0.05


Tree=26
num_leaves=10
num_cat=0
split_feature=8 9 8 5 6 9 10 10 9
split_gain=12.4986 9.87656 7.02771 5.62992 3.10542 2.25158 1.87245 1.82585 0.267844
threshold=0.0048635000000000006 0.99473650000000002 0.55622050000000012 0.26310450000000002 0.041201000000000008 0.96113750000000009 0.8674670000000001 0.9109060000000001 0.98256500000000002
decision_type=8 2 10 8 10 2 2 2 2
left_child=1 7 3 4 -2 -5 8 -1 -4
right_child=2 -3 6 5 -6 -7 -8 -9 -10
leaf_value=-0.059361522929412491 0.0014022879438168089 0.037183649715665006 -0.052797814944045167 -0.030885514975907021 0.036006048671798685 0.0033410713850885367 0.0026814356102684337 0 0
leaf_weight=13.065158851444723 10.994897916913031 2.2236630618572226 4.3185846284031859 3.9937656819820395 23.664861932396889 34.589102949947119 1.1094515919685362 1.7962308973073948 1.0329231470823286
leaf_count=108 45 6 31 59 77 331 4 8 5
internal_value=-0.00107969 -0.0382682 0.00714371 0.0120347 0.0262338 -0.000601292 -0.036982 -0.0534597 -0.0476405
internal_weight=96.7886 17.0851 79.7036 73.2426 34.6598 38.5829 6.46096 14.8614 5.35151
internal_count=674 122 552 512 122 390 40 116 36
is_linear=0
shrinkage=0.05


Tree=27
num_leaves=10
num_cat=0
split_feature=10 10 6 1 9 9 9 9 9
split_gain=10.8537 7.71023 4.49923 5.41297 5.02313 1.97884 1.58604 0.929663 0.160877
threshold=0.89539750000000018 0.58434600000000014 0.052541000000000004 0.025748000000000004 0.98616500000000007 0.97689100000000006 0.98839550000000009 0.99285450000000008 0.97001000000000015
decision_type=2 2 8 8 2 2 2 2 2
left_child=1 -1 4 -4 -3 8 -7 -8 -2
right_child=5 2 3 -5 -6 6 7 -9 -10
leaf_value=-0.050368881575776403 0 -0.036856798089432603 0.044096792105147838 -0.0013220470429751649 0.012982091706922924 0.049604638313745411 -0.013014469438708036 0.024688394132450976 -0.014322506865053243
leaf_weight=8.4570768363773805 0.83818142861127742 14.977605640888216 5.8986309468746176 50.096417922526598 5.4867516532540312 10.501706559211014 1.8155061900615685 1.3956664651632307 0.65975896269083023
leaf_count=121 5 94 17 375 21 45 13 6 7
internal_value=-0.00145118 -0.00879569 -0.002996 0.00405327 -0.0223821 0.0351637 0.0409968 0.000708911 -0.0036913
internal_weight=100.127 84.9165 76.4594 55.995 20.4644 15.2108 13.7129 3.21117 1.49794
internal_count=704 628 507 392 115 76 64 19 12
is_linear=0
shrinkage=0.05


Tree=28
num_leaves=11
num_cat=0
split_feature=8 6 9 7 6 8 1 10 0 1
split_gain=10.0141 7.74877 6.52717 5.89286 4.04116 3.23534 4.09653 2.22091 2.05528 0.532762
threshold=0.0048635000000000006 0.036704000000000007 0.99176650000000011 0.040699500000000007 1.0000000180025095e-35 0.099985500000000019 0.020905000000000003 0.9109060000000001 0.0096050000000000024 0.30804450000000005
decision_type=8 10 2 8 10 10 10 2 10 8
left_child=2 3 7 8 -5 9 -7 -1 -2 -3
right_child=1 5 -4 4 -6 6 -8 -9 -10 -11
leaf_value=-0.053020124004938732 0 0.04896228710884943 0.022144727861481278 -0.0078350126229552019 0.030489293068429475 0.044326361680103288 0 0 -0.060151290071748353 0
leaf_weight=13.462407484650614 1.4394952878355969 9.4285312294959986 2.7860567420721045 30.27269995585084 7.2698702514171591 5.1754495203495052 19.964748382568359 1.456481561064719 4.7265682518482208 1.6476483643054969
leaf_count=116 6 28 9 365 24 15 80 6 33 6
internal_value=-0.00141263 0.00600904 -0.0340704 -0.00766843 0 0.0228274 0.0103881 -0.0471551 -0.047629 0.0444671
internal_weight=97.63 79.925 17.7049 43.7086 37.5426 36.2164 25.1402 14.9189 6.16606 11.0762
internal_count=688 557 131 428 389 129 95 122 39 34
is_linear=0
shrinkage=0.05


Tree=29
num_leaves=8
num_cat=0
split_feature=10 10 9 6 9 0 9
split_gain=8.62077 5.13464 3.68764 3.34455 1.95162 0.889076 0.383236
threshold=0.58434600000000014 0.89931700000000003 0.99500600000000017 0.0038650000000000004 0.97773350000000014 0.047040500000000006 0.96067050000000009
decision_type=2 2 2 8 2 8 2
left_child=-1 2 3 -2 6 -6 -3
right_child=1 4 -4 -5 5 -7 -8
leaf_value=-0.048329370908765094 -0.030088945595677447 0.0020442512651377225 0.042973032551493449 -0.00019285379868038313 8.3121700860664242e-05 0.042467907329665398 -0.021429644439125192
leaf_weight=7.5634222924709311 9.997034586966036 0.74559904634952434 2.6209277957677832 59.992224283516407 2.7654776722192738 9.6043883599340916 0.89143330603837967
leaf_count=112 70 4 10 403 11 53 9
internal_value=-0.00176061 0.00277555 -0.00243831 -0.00535455 0.0290373 0.0358284 -0.00690366
internal_weight=94.1805 86.6171 72.6102 69.9893 14.0069 12.3699 1.63703
internal_count=672 560 483 473 77 64 13
is_linear=0
shrinkage=0.05


Tree=30
num_leaves=11
num_cat=0
split_feature=10 10 8 9 9 8 9 9 6 1
split_gain=9.91531 5.0574 5.21528 4.35801 3.62634 3.55949 2.26389 1.59983 1.29409 1.79611
threshold=0.65427900000000017 0.89108700000000007 0.011952500000000003 0.99351350000000005 0.9925695000000001 0.55622050000000012 0.97689100000000006 0.98839550000000009 0.11509200000000001 0.13132400000000002
decision_type=2 2 8 2 2 8 2 2 10 10
left_child=4 2 3 -2 8 -4 -3 -8 -1 -10
right_child=1 6 5 -5 -6 -7 7 -9 9 -11
leaf_value=-0.041375526920114189 -0.051127670777273454 -0.0071638703023016509 0.018271636083066343 0.018699825577407174 0.02700426275776335 -0.0072633318733190833 0.047317238040181238 0.00075979485077947665 0.015763544072823658 -0.03026506480957776
leaf_weight=15.796441797167068 6.1511206626892081 1.7071884572505975 30.256181001663208 1.6294023692607877 1.1199184209108342 21.091717462986708 10.79199395701289 3.5496657118201247 2.6197820007801047 2.422767162322998
leaf_count=210 42 13 109 5 4 211 49 22 9 14
internal_value=-2.75284e-05 0.00842447 0.00096459 -0.0331517 -0.0287175 0.00740136 0.0320525 0.0385351 -0.0344434 -0.00439896
internal_weight=97.1362 75.1773 59.1284 7.78052 21.9589 51.3479 16.0488 14.3417 20.839 5.04255
internal_count=688 451 367 47 237 320 84 71 233 23
is_linear=0
shrinkage=0.05


Tree=31
num_leaves=11
num_cat=0
split_feature=10 9 6 3 8 4 8 3 0 6
split_gain=8.41149 5.2204 4.74943 7.58163 5.63487 5.04999 3.14379 2.32543 0.929065 0.852083
threshold=0.65427900000000017 0.9906790000000002 0.10338400000000002 0.052802000000000009 1.0000000180025095e-35 0.031058000000000006 0.57362700000000011 0.46012250000000005 0.36682500000000001 0.33112350000000007
decision_type=2 2 10 10 10 8 10 10 10 10
left_child=1 8 3 5 -4 -2 -6 -5 9 -1
right_child=2 -3 4 7 6 -7 -8 -9 -10 -11
leaf_value=-0.041386577190228681 0.048581298676002006 0.030160742028934935 -0.030727326850773395 -0.039771608749725268 0.037531196276718776 0 -0.016917806463694882 0.003722535128769472 0 0
leaf_weight=17.446894593536864 5.3951637595891944 1.8614070117473591 2.5551303178072002 11.993207819759844 21.266915202140812 27.747298698872328 1.4668538123369206 2.3723543360829344 1.65010605752468 0.68336479365825553
leaf_count=214 15 7 16 69 70 257 7 10 9 3
internal_value=-0.00138182 -0.0278948 0.00656777 -0.00238142 0.023505 0.0102626 0.0321567 -0.0313403 -0.0362737 -0.0393027
internal_weight=94.4387 21.6418 72.7969 47.508 25.2889 33.1425 22.7338 14.3656 19.7804 18.1303
internal_count=677 233 444 351 93 272 77 79 226 217
is_linear=0
shrinkage=0.05


Tree=32
num_leaves=10
num_cat=0
split_feature=10 6 9 9 6 1 6 9 1
split_gain=8.42622 5.91445 5.20787 4.5884 3.79758 3.20139 2.13856 1.63035 1.16618
threshold=0.89931700000000003 0.041201000000000008 0.98511150000000014 0.9562265000000002 0.0143885 0.025748000000000004 0.0070275000000000008 0.97689100000000006 0.29842350000000006
decision_type=2 8 2 2 10 8 10 2 10
left_child=1 2 4 -3 -1 -5 -4 -2 -9
right_child=7 3 6 5 -6 -7 -8 8 -10
leaf_value=-0.055421892881352013 -0.0028625643922693595 -0.04538521445408239 0.024592446424584632 0.033941240599337785 0 0 -0.025587737907409439 0.041918458139263814 0
leaf_weight=12.298671267926698 1.4780416041612614 3.5045267716050139 4.5665991678833953 6.4568675905466071 4.1294252872467032 48.605801317840815 1.5103588998317716 11.506827011704443 1.37411868572235
leaf_count=122 12 51 18 21 17 378 8 58 6
internal_value=-0.00143833 -0.00807033 -0.0289824 7.22335e-05 -0.0428316 0.00453427 0.00622469 0.0316518 0.0372361
internal_weight=95.4312 81.0723 22.5051 58.5672 16.4281 55.0627 6.07696 14.359 12.8809
internal_count=691 615 165 450 139 399 26 76 64
is_linear=0
shrinkage=0.05


Tree=33
num_leaves=11
num_cat=0
split_feature=10 10 8 8 4 1 6 2 2 10
split_gain=8.56661 4.84298 2.9028 4.55597 3.02168 2.48913 0.867802 3.00278 0.635781 0.491139
threshold=0.65427900000000017 0.89108700000000007 0.011952500000000003 0.099985500000000019 0.061100500000000009 0.03604000000000001 0.027939500000000003 0.097764000000000004 0.0049405000000000013 0.58434600000000014
decision_type=2 2 8 8 10 8 10 10 8 2
left_child=5 2 4 -4 -2 9 7 -3 -7 -1
right_child=1 6 3 -5 -6 8 -8 -9 -10 -11
leaf_value=-0.018098009867528509 0.00067935875080673235 0.0257198218955563 0.031231647988705299 -0.004789987047147443 -0.051704219969597891 0 0.041817454442224886 -0.031989083579688452 -0.044312999825721615 0.0075999530878684456
leaf_weight=1.28978378325701 3.6846281290054312 6.9267494790256006 9.6389907300472242 37.686053685843945 3.9573136493563652 0.85270825773477277 7.0501157641410819 1.3784041926264761 12.810287561267614 3.9378667250275612
leaf_count=16 17 55 33 282 30 5 24 9 182 19
internal_value=-0.00280487 0.00506452 -0.00165505 0.00276883 -0.0277451 -0.0315431 0.0286083 0.0101637 -0.0418138 0
internal_weight=89.2129 70.3223 54.967 47.325 7.64194 18.8906 15.3553 8.30515 13.663 5.22765
internal_count=672 450 362 315 47 222 88 64 187 35
is_linear=0
shrinkage=0.05


Tree=34
num_leaves=11
num_cat=0
split_feature=10 9 8 5 8 9 9 10 9 9
split_gain=6.79279 5.86142 6.67581 5.59923 4.07441 1.87567 2.01275 1.73476 1.09982 0.368663
threshold=0.89108700000000007 0.98566650000000011 0.0048635000000000006 0.24846600000000005 0.46812750000000009 0.97689100000000006 0.98839550000000009 0.70413450000000011 0.99285450000000008 0.96067050000000009
decision_type=2 2 8 10 8 2 2 2 2 2
left_child=1 2 -1 7 -4 9 -7 -3 -8 -2
right_child=5 3 4 -5 -6 6 8 -9 -10 -11
leaf_value=-0.050568354738985494 0.0020463668731708112 0 0.0074514843754760092 -0.033776536521365995 -0.019862902193070877 0.044054649345351936 -0.017451888643144949 0.037447164615801803 0.023686558610877522 -0.020765090291695317
leaf_weight=8.8654763102531415 0.73802767693996674 2.6365300416946438 26.149404041469097 2.6208785846829405 24.283059906214476 10.778165388852356 2.1646660752594467 12.536876030266283 1.4113199114799497 0.94051319360733032
leaf_count=93 4 19 102 15 295 53 17 65 7 9
internal_value=0.000118525 -0.00589882 -0.0136561 0.0177079 -0.00541275 0.0285077 0.0344335 0.0303388 0 -0.00663753
internal_weight=93.1249 77.0922 59.2979 17.7943 50.4325 16.0327 14.3542 15.1734 3.57599 1.67854
internal_count=679 589 490 99 397 90 77 84 24 13
is_linear=0
shrinkage=0.05


Tree=35
num_leaves=9
num_cat=0
split_feature=8 9 9 6 2 4 10 10
split_gain=6.90657 8.14618 4.88407 3.69174 4.44445 3.67424 0.849659 0.648534
threshold=0.0048635000000000006 0.99285450000000008 0.9562265000000002 0.10338400000000002 0.24240650000000002 0.24383000000000002 0.8388175000000001 0.86621700000000013
decision_type=8 2 2 10 10 10 2 2
left_child=1 6 -2 5 -5 -4 -1 -8
right_child=2 -3 3 4 -6 -7 7 -9
leaf_value=-0.052768690330095173 -0.042430785642722207 0.035963314535117752 0.0057219374334559567 0.038413389140475367 -0.0032640448690967752 -0.036091291823839342 0.0056591994742362347 -0.022949163349116244
leaf_weight=9.9866500347852689 3.2945256978273383 2.3740091025829306 41.819952439516783 16.322954237461094 8.0182629823684675 4.4639264047145835 1.397996619343757 1.9756327345967291
leaf_count=106 52 7 377 54 33 25 6 12
internal_value=-0.00052012 -0.0293123 0.00573809 0.00916741 0.0243244 0.000159641 -0.0450529 -0.00787145
internal_weight=89.6539 15.7343 73.9196 70.6251 24.3412 46.2839 13.3603 3.37363
internal_count=672 131 541 489 87 402 124 18
is_linear=0
shrinkage=0.05


Tree=36
num_leaves=7
num_cat=0
split_feature=10 9 9 6 9 6
split_gain=6.8716 3.5101 4.28017 5.36543 2.3686 1.80938
threshold=0.59491450000000012 0.99438400000000005 0.98802650000000003 1.0000000180025095e-35 0.9906790000000002 1.0000000180025095e-35
decision_type=2 2 2 8 2 8
left_child=4 2 3 -2 -1 -4
right_child=1 -3 5 -5 -6 -7
leaf_value=-0.048866728764251452 -0.027976970908386189 0.044911378559229997 0.0022328797608093839 0.011259244234281311 0.012105052355050619 -0.039891269136081438
leaf_weight=7.537701800465582 8.4347773343324643 3.4318661987781516 1.9447777494788141 60.323352847248316 0.56876757740974415 6.7161688543856153
leaf_count=128 65 15 8 388 2 55
internal_value=-0.000519867 0.00388064 0.000925982 0.00559564 -0.0407642 -0.0290388
internal_weight=88.9574 80.8509 77.4191 68.7581 8.10647 8.66095
internal_count=661 531 516 453 130 63
is_linear=0
shrinkage=0.05


Tree=37
num_leaves=11
num_cat=0
split_feature=10 6 3 8 4 4 3 7 6 4
split_gain=6.42767 4.06992 6.9004 2.85836 2.10976 2.08049 1.95763 1.83238 1.41526 0.826807
threshold=0.65427900000000017 0.12244600000000001 0.035060000000000008 1.0000000180025095e-35 0.11432050000000001 0.065593500000000013 0.5574205000000001 0.46793600000000007 0.13944250000000005 0.025114500000000001
decision_type=2 8 10 10 8 8 10 10 10 10
left_child=5 2 4 8 -2 9 -4 -5 -3 -1
right_child=1 3 6 7 -6 -7 -8 -9 -10 -11
leaf_value=-0.012220693729462807 0.031438776597092828 0.0082731231814669823 -0.033559596625574124 0.034800297080979169 -0.012819704419050934 -0.032010740458520426 0.011371325805004742 -0.0025322501124923034 -0.024065150458344786 0.020771667990401713
leaf_weight=1.7934684827923799 8.5858867913484573 21.458431027829651 14.629192769527434 18.031210824847225 1.8108511418104178 15.71913900785148 1.1911639422178257 2.2647213488817206 2.2723953425884238 2.2093944698572159
leaf_count=16 31 230 86 61 9 204 4 10 15 10
internal_value=0 0.00708451 -0.00761419 0.0163489 0.0209842 -0.0242388 -0.0280414 0.0296 0.00293905 0.00214467
internal_weight=89.9659 70.2439 26.2171 44.0268 10.3967 19.722 15.8204 20.2959 23.7308 4.00286
internal_count=676 446 130 316 40 230 90 71 245 26
is_linear=0
shrinkage=0.05


Tree=38
num_leaves=11
num_cat=0
split_feature=6 8 9 4 8 6 3 9 2 10
split_gain=7.21252 7.971 6.4414 4.75932 2.78447 2.55138 2.15371 0.850006 0.444689 0.383328
threshold=0.10338400000000002 1.0000000180025095e-35 0.99351350000000005 0.036773500000000008 0.46812750000000009 0.007818000000000002 0.06019950000000001 0.99043350000000008 0.05549550000000001 0.79042400000000013
decision_type=10 10 2 10 10 10 8 2 10 2
left_child=2 7 3 6 8 -5 -1 -2 -3 -6
right_child=1 4 -4 5 9 -7 -8 -9 -10 -11
leaf_value=0.02312132721358038 -0.041667007491352513 0.0053041716818466624 0.043548715121874776 -0.048732067579798609 0.003977644188217032 -0.010144695588124355 -0.0078510372359925414 0 0.040458812966825103 -0.018109475035109752
leaf_weight=5.4102866575121906 3.3825312405824688 3.2421775758266511 3.614628553390502 10.505417358130218 3.0752655640244475 11.387946948409079 26.520578207448125 0.97687409818172444 19.518736451864243 1.2208070158958433
leaf_count=23 26 13 17 110 12 51 337 4 65 6
internal_value=0.000811037 0.0197942 -0.00938724 -0.0144784 0.0304469 -0.0316668 -0.00105339 -0.0329245 0.0371192 -0.00104788
internal_weight=88.8552 31.4164 57.4389 53.8242 27.057 21.8934 31.9309 4.35941 22.7609 4.29607
internal_count=664 126 538 521 96 161 360 30 78 18
is_linear=0
shrinkage=0.05


Tree=39
num_leaves=11
num_cat=0
split_feature=8 8 10 0 2 7 6 3 10 4
split_gain=7.26152 4.46157 4.09969 4.00044 3.45229 2.34931 3.84425 1.69551 1.62759 1.14407
threshold=0.0048635000000000006 0.49323350000000005 0.78503550000000011 0.1189825 0.088059000000000012 0.040699500000000007 0.07012800000000001 0.068059500000000009 0.62961600000000006 0.44820700000000008
decision_type=8 8 2 10 10 10 8 10 2 10
left_child=2 5 -1 8 -4 6 -2 -7 -3 -5
right_child=1 3 4 9 -6 7 -8 -9 -10 -11
leaf_value=-0.050296580676212378 -0.026598281728461966 -0.022549195399264366 0.026157839909492487 -0.049348736212683153 -0.036919435399461638 0.041412480813703717 0.025764581428422528 0.012487191227728421 0.0060781444181382434 0
leaf_weight=8.8758098073303682 6.2974758967757198 4.6389907170087126 3.9404448270797721 4.6088777035474768 2.1008988544344902 8.7660102993249911 4.7258284986019143 22.967941887676716 24.147015690803528 0.65774931013584126
leaf_count=104 32 97 15 34 16 29 16 89 252 4
internal_value=-0.000767102 0.00531205 -0.0312174 -0.0075296 0 0.0160128 -0.00175621 0.0227381 0 -0.0421413
internal_weight=91.727 76.8099 14.9172 34.0526 6.04134 42.7573 11.0233 31.734 28.786 5.26663
internal_count=688 553 135 387 31 166 48 118 349 38
is_linear=0
shrinkage=0.05


Tree=40
num_leaves=6
num_cat=0
split_feature=10 9 8 1 8
split_gain=4.98956 3.96247 5.67522 4.80261 3.62587
threshold=0.58434600000000014 0.99438400000000005 0.0048635000000000006 0.015343500000000001 0.49323350000000005
decision_type=2 2 8 10 8
left_child=-1 2 3 -2 -4
right_child=1 -3 4 -5 -6
leaf_value=-0.041593480382848151 0.013992605067452743 0.044808520369663436 0.01477352641608509 -0.052903857197506891 -0.0074398014465600158
leaf_weight=5.3960852548480025 2.4145334735512716 3.7148863300681105 39.991109080612659 6.9636892527341843 30.094655990600586
leaf_count=111 11 17 156 63 316
internal_value=-0.000480001 0.00258147 0 -0.0338279 0.00492992
internal_weight=88.575 83.1789 79.464 9.37822 70.0858
internal_count=674 563 546 74 472
is_linear=0
shrinkage=0.05


Tree=41
num_leaves=11
num_cat=0
split_feature=10 4 6 8 0 6 8 6 7 4
split_gain=7.03006 3.29684 5.55733 2.12187 2.63063 1.58315 2.09099 1.59383 1.26452 1.01882
threshold=0.65427900000000017 0.24383000000000002 0.089105000000000018 0.57362700000000011 0.014829 0.061204000000000008 0.31474100000000005 0.23566500000000004 0.10506750000000002 0.41054650000000009
decision_type=2 8 8 10 10 10 10 10 10 10
left_child=5 3 -3 4 -2 -1 7 -7 -5 -4
right_child=1 2 9 8 -6 6 -8 -9 -10 -11
leaf_value=-0.032358658707501854 -0.00708635369614391 -0.0449692673675125 0.0014662877623508866 0.0079962264501453693 0.029449777778022934 0.027793822905567381 -0.036731224046824752 -0.014638422898314966 -0.034527998295338674 0.026505972089902505
leaf_weight=12.484474545344712 4.0122277513146392 4.5542176291346577 22.170030277222398 1.82722520828247 29.323177017271519 4.1930614188313475 1.5801456943154333 1.5730131790041921 1.3820113390684126 4.4412526711821547
leaf_count=209 21 30 230 9 115 16 10 10 9 16
internal_value=0.00239545 0.010341 -0.000920481 0.0202596 0.0242189 -0.0223813 0 0.0121452 -0.0101725 0.00772593
internal_weight=87.5408 67.7101 31.1655 36.5446 33.3354 19.8307 7.34622 5.76607 3.20924 26.6113
internal_count=675 430 276 154 136 245 36 26 18 246
is_linear=0
shrinkage=0.05


Tree=42
num_leaves=11
num_cat=0
split_feature=5 9 8 1 2 8 1 9 9 4
split_gain=6.78162 4.67021 4.30514 2.49415 2.36667 1.69983 2.90851 1.55083 5.24632 1.28936
threshold=0.28330600000000006 0.98566650000000011 0.011952500000000003 0.19579050000000001 0.016222500000000004 0.32882100000000009 0.16545550000000001 0.98798800000000009 0.99013350000000011 0.37537250000000005
decision_type=10 2 8 8 10 8 10 2 2 10
left_child=1 2 9 -4 -2 -6 -7 -3 -9 -1
right_child=4 7 3 -5 5 6 -8 8 -10 -11
leaf_value=-0.043179079871193335 0.009385913682549183 0.039053401997285818 0.01895594441610669 -0.0038647563551436753 -0.051286234698632929 -0.042689340250575511 0.017670552494519955 -0.038395939598823682 0.027725655012179124 0
leaf_weight=5.6766592636704436 1.6912774331867684 9.9661220423877257 16.479009315371513 31.474689621478319 7.5571832545101616 1.8149998523294932 3.0762824788689613 2.6124635078012934 8.6775759980082494 1.2593474462628362
leaf_count=55 8 53 70 326 71 16 12 24 49 10
internal_value=0 0.00602376 -0.00140716 0.00380902 -0.0300648 -0.0376499 -0.00557787 0.0251391 0.00776214 -0.0346988
internal_weight=90.2856 76.1459 54.8897 47.9537 14.1397 12.4485 4.89128 21.2562 11.29 6.93601
internal_count=694 587 461 396 107 99 28 126 73 65
is_linear=0
shrinkage=0.05


Tree=43
num_leaves=11
num_cat=0
split_feature=10 10 10 9 9 9 4 0 1 0
split_gain=5.75019 3.72367 3.70231 3.69796 3.58755 2.35973 1.3369 0.749229 0.596452 0.183375
threshold=0.82598250000000017 0.58434600000000014 0.77210250000000002 0.97689100000000006 0.96113750000000009 0.96691150000000003 0.25152750000000007 0.014829 0.015847500000000004 0.0054885000000000012
decision_type=2 2 2 2 2 2 10 8 10 10
left_child=1 -1 4 8 -3 -4 7 -5 9 -2
right_child=3 2 5 6 -6 -7 -8 -9 -10 -11
leaf_value=-0.041291430577459438 -0.0073232258740629627 -0.031514718511509866 0.0063133667150446137 0 0.0091646073865506578 -0.037402681722968505 0 0.036698430331608918 -0.032803485364162603 0.01212567001566861
leaf_weight=5.447535626590251 0.97246900945902159 4.5249891541898242 2.5910347215831271 1.7522961422801078 43.251598127186298 8.8189554661512357 2.0373581275343886 16.74013427644968 1.3798827305436132 0.71612337231636047
leaf_count=119 13 49 15 8 290 70 10 96 10 2
internal_value=0.00100797 -0.00645275 -0.0018929 0.0216029 0.00396243 -0.0259588 0.0296371 0.0336904 -0.01876 0
internal_weight=88.2324 64.6341 59.1866 23.5983 47.7766 11.41 20.5298 18.4924 3.06848 1.68859
internal_count=682 543 424 139 339 85 114 104 25 15
is_linear=0
shrinkage=0.05


Tree=44
num_leaves=11
num_cat=0
split_feature=8 9 6 8 9 3 1 5 1 1
split_gain=4.64595 4.641 3.30106 2.92283 2.06303 1.9828 1.98269 1.6529 1.519 1.21369
threshold=0.0048635000000000006 0.99285450000000008 0.041201000000000008 0.16383900000000004 0.97848900000000005 0.020662500000000004 0.023912000000000006 0.056888000000000008 0.27375800000000006 0.55984850000000008
decision_type=8 2 10 10 2 10 10 10 10 8
left_child=1 5 4 8 9 -1 -5 -6 -4 -2
right_child=2 -3 3 6 7 -7 -8 -9 -10 -11
leaf_value=0 -0.034469823837089138 0.02356362856520193 0.040474202323104641 0.030909750061357932 0.012644458893670388 -0.047961172403607893 -0.0046636753945393647 -0.014552860099679557 0 -0.0044182368103813088
leaf_weight=1.5796559527516354 5.3933960087597397 2.1271635293960562 10.724949538707731 3.385235175490382 17.937025055289272 9.1978748403489572 16.066008970141411 5.7955604419112197 2.1643615514039984 12.49400884285569
leaf_count=9 42 7 36 11 167 107 69 29 9 185
internal_value=-0.000149848 -0.0264302 0.00453851 0.0163213 -0.00428673 -0.0400071 0.0021039 0.00454172 0.0335834 -0.0167347
internal_weight=86.8652 12.9047 73.9605 32.3406 41.62 10.7775 19.4512 23.7326 12.8893 17.8874
internal_count=671 123 548 125 423 116 80 196 45 227
is_linear=0
shrinkage=0.05


Tree=45
num_leaves=11
num_cat=0
split_feature=8 6 4 3 8 5 8 5 2 0
split_gain=4.87413 5.04384 4.79623 3.58112 2.81345 2.05895 1.99514 1.70028 1.6846 1.20374
threshold=0.0048635000000000006 0.10338400000000002 0.20602100000000004 0.041016000000000004 0.46812750000000009 0.21435650000000003 0.035821000000000006 0.16733050000000002 0.032222500000000008 0.14874200000000001
decision_type=8 10 10 10 10 10 10 10 8 10
left_child=3 2 8 7 5 -3 -4 -1 -2 -6
right_child=1 4 6 -5 9 -7 -8 -9 -10 -11
leaf_value=0.022721014783941871 0.023762809344749516 0.040985576271490617 0 -0.045594983850702132 0.011076776458605572 0.0061059226912364957 -0.054322848016451514 -0.024366451550408178 -0.0024335674818213981 -0.027931232769923361
leaf_weight=3.4018224701285344 5.6363738030195227 12.97731982171536 1.1946436315774907 7.9086158536374569 1.5545049458742131 9.5349610894918424 4.60262805595994 1.4524714834988115 37.99103763140738 2.552405409514904
leaf_count=16 21 46 5 97 6 37 33 15 405 13
internal_value=-0.000198642 0.00446991 -0.00461017 -0.0273123 0.0215648 0.0285579 -0.0422415 0.0022714 0.00107421 -0.00969422
internal_weight=88.8068 76.0439 49.4247 12.7629 26.6192 22.5123 5.79727 4.85429 43.6274 4.10691
internal_count=694 566 464 128 102 83 38 31 426 19
is_linear=0
shrinkage=0.05


Tree=46
num_leaves=9
num_cat=0
split_feature=8 9 9 10 8 10 10 9
split_gain=4.98918 4.69967 3.68538 2.26593 2.16872 1.50783 1.44169 0.330789
threshold=0.0048635000000000006 0.99176650000000011 0.9562265000000002 0.89931700000000003 0.47808800000000007 0.9109060000000001 0.93251000000000006 0.99438400000000005
decision_type=8 2 2 2 10 2 2 2
left_child=1 5 -2 4 -4 -1 -5 -3
right_child=2 7 3 6 -6 -7 -8 -9
leaf_value=-0.049212813365786812 -0.039331297343921268 0 0.0065033306080536819 0.041206292064957302 -0.020658276873581218 0 0 0.0253460982083577
leaf_weight=9.0262500531971437 2.9414156787097445 1.4266620874404901 54.539910839870572 5.8574176169931871 6.7240284718573085 1.4527537152171124 4.4656100496649742 1.6689295917749403
leaf_count=117 53 6 400 32 40 7 32 6
internal_value=-0.000742812 -0.0272376 0.00419629 0.00709735 0.00270142 -0.0425853 0.0274187 0.0162185
internal_weight=88.103 13.5746 74.5284 71.587 61.2639 10.479 10.323 3.09559
internal_count=693 136 557 504 440 124 64 12
is_linear=0
shrinkage=0.05


Tree=47
num_leaves=11
num_cat=0
split_feature=8 9 8 0 3 0 9 10 10 9
split_gain=4.31156 5.73527 3.09282 3.52173 2.81989 2.38496 2.33481 1.75492 0.989086 0.492383
threshold=0.0048635000000000006 0.99176650000000011 0.49323350000000005 0.080293500000000018 0.06019950000000001 0.3458750000000001 0.99549950000000009 0.77210250000000002 0.9551955000000002 0.99438400000000005
decision_type=8 2 10 10 8 10 2 2 2 2
left_child=1 8 4 -4 7 -6 -5 -2 -1 -3
right_child=2 9 3 6 5 -7 -8 -9 -10 -11
leaf_value=-0.049380276151496212 0.043100490223426782 0 0.016326530711349437 -0.053942472862910963 -0.00091543015115773646 0.034080039544002592 0.0085556412103683453 0.0018987757061396525 0 0.029616732262716234
leaf_weight=8.5668459273874724 6.8232154771685583 1.3971429169178002 2.2589503005146971 4.7410151809453964 48.285615045577288 3.7912232279777518 0.64996877312660206 5.935399055480957 0.7950734272599228 2.0041266977787018
leaf_count=111 22 6 9 41 426 13 2 26 4 7
internal_value=-0.00050626 -0.0259149 0.00406448 -0.0226112 0.00802893 0.00204846 -0.0425573 0.0279026 -0.0450808 0.0193897
internal_weight=85.2486 12.7632 72.4854 7.64993 64.8355 52.0768 5.39098 12.7586 9.36192 3.40127
internal_count=667 128 539 52 487 439 43 48 115 13
is_linear=0
shrinkage=0.05


Tree=48
num_leaves=6
num_cat=0
split_feature=10 9 7 9 7
split_gain=3.85598 2.53308 2.73712 3.22148 2.28762
threshold=0.58434600000000014 0.9562265000000002 0.056071000000000003 0.9906790000000002 0.28237050000000002
decision_type=2 2 8 2 8
left_child=-1 -2 3 -3 -4
right_child=1 2 4 -5 -6
leaf_value=-0.038245409109381706 -0.035720495017627064 -0.021447971065325786 0.02163710146571024 0.02144478799394926 0.0013850881017921167
leaf_weight=4.4819235540926448 2.3350282721221438 14.858065590262415 25.773704420775175 4.1230126917362204 34.957075547426939
leaf_count=106 34 94 108 14 320
internal_value=0.000222506 0.00327203 0.00536076 -0.0100221 0.010696
internal_weight=86.5288 82.0469 79.7119 18.9811 60.7308
internal_count=676 570 536 108 428
is_linear=0
shrinkage=0.05


Tree=49
num_leaves=11
num_cat=0
split_feature=5 6 2 8 1 1 5 0 10 10
split_gain=4.11066 3.29871 3.65501 5.5974 3.49916 2.80833 2.24312 2.05183 2.01426 1.24557
threshold=0.27958850000000007 0.041201000000000008 0.079563500000000023 0.36653400000000008 0.42430950000000006 0.16545550000000001 0.019120500000000002 0.043668000000000005 0.72318450000000012 0.65427900000000017
decision_type=10 10 10 10 10 10 10 8 2 2
left_child=1 2 7 -4 6 -2 -3 -1 9 -7
right_child=5 4 3 -5 -6 8 -8 -9 -10 -11
leaf_value=0.028287447492136505 -0.045880387717981655 -0.014429875677933569 -0.058177789017538811 0.014221960919241442 -0.024309530556876763 -0.0067350119380879536 0.029388764062539548 -0.00071543294180665979 -0.02865018807006818 0.030341648929819477
leaf_weight=5.7068907245993605 5.5701235607266408 1.5926647037267745 4.9468336813151828 2.9625005908310413 2.4201221987605086 1.7681395858526228 23.793596319854259 30.143864143639803 2.729283481836319 3.4203855991363525
leaf_count=29 57 9 50 16 14 22 92 365 17 11
internal_value=0.000632952 0.00578997 -0.00232813 -0.0304588 0.0188841 -0.022903 0.0250582 0.00418266 0 0.0152921
internal_weight=85.0544 71.5665 43.7601 7.90933 27.8064 13.4879 25.3863 35.8508 7.91781 5.18853
internal_count=682 575 460 66 115 107 101 394 50 33
is_linear=0
shrinkage=0.05


Tree=50
num_leaves=9
num_cat=0
split_feature=10 4 2 8 8 9 3 4
split_gain=4.34301 3.48355 3.36986 2.98002 2.70571 1.59384 1.00848 0.228661
threshold=0.58434600000000014 0.035819000000000011 0.23139800000000002 0.011952500000000003 0.47808800000000007 0.99176650000000011 0.065995500000000012 0.022366500000000001
decision_type=2 8 8 8 10 2 10 10
left_child=-1 2 6 5 -5 -3 -2 -4
right_child=1 3 7 4 -6 -7 -8 -9
leaf_value=-0.038310308479845519 0.045061613550416137 -0.035364326011541596 -0.026672787951324568 0.0084315716184410125 -0.024151411558587667 0.0044866804368099379 0 0
leaf_weight=4.5846644379198542 8.7319157347083038 6.5498110055923444 0.93972751498222418 55.082484897226095 5.4381043910980216 1.72894811630249 2.4905595779418954 0.66145836189389229
leaf_count=117 31 64 7 416 35 7 13 5
internal_value=0.00203017 0.00524725 0.0277053 0.000203777 0.00458742 -0.0250736 0.0378798 -0.0193742
internal_weight=86.2077 81.623 12.8237 68.7993 60.5206 8.27876 11.2225 1.60119
internal_count=695 578 56 522 451 71 44 12
is_linear=0
shrinkage=0.05


Tree=51
num_leaves=10
num_cat=0
split_feature=10 8 1 9 9 9 5 9 1
split_gain=6.35235 3.4146 2.91643 3.57196 3.24528 2.19479 1.37271 0.902964 0.949268
threshold=0.89931700000000003 0.0048635000000000006 0.28290800000000005 0.98566650000000011 0.97985500000000014 0.99176650000000011 0.21115550000000002 0.97689100000000006 0.27172800000000003
decision_type=2 8 10 2 2 2 10 2 10
left_child=1 5 3 -3 -4 -1 7 -2 -9
right_child=6 2 4 -5 -6 -7 -8 8 -10
leaf_value=-0.045139166811351536 0 -0.015187905080129141 0.036949564556906005 0.013978809450359259 -0.01627904417872875 0.005171071744680629 -0.0037302654252479536 0.04504015889520345 0
leaf_weight=7.0954766385257226 1.1713322438299645 39.304604822769761 7.0084909498691541 12.002930130809544 2.5042189583182335 1.407130107283592 1.0418056175112713 8.399289306253193 1.0720440447330464
leaf_count=110 9 361 24 80 13 5 6 52 5
internal_value=-0.0012856 -0.0074798 -0.00251574 -0.00768795 0.0203583 -0.0347869 0.0302378 0.0356718 0.0401757
internal_weight=81.0073 69.3229 60.8202 51.3075 9.51271 8.50261 11.6845 10.6427 9.47133
internal_count=665 593 478 441 37 115 72 66 57
is_linear=0
shrinkage=0.05


Tree=52
num_leaves=9
num_cat=0
split_feature=9 8 6 4 1 8 6 1
split_gain=3.26381 3.43428 3.27609 3.17674 2.8046 2.44868 0.636303 0.251112
threshold=0.99438400000000005 0.0048635000000000006 0.041201000000000008 0.031058000000000006 0.013311000000000002 0.46812750000000009 0.28884450000000006 0.010626000000000002
decision_type=2 8 10 10 10 10 10 10
left_child=1 4 3 -3 7 -4 -6 -1
right_child=-2 2 5 -5 6 -7 -8 -9
leaf_value=0 0.040555275290497822 0.0002053220017763393 0.018896276206987996 -0.030812057951847605 -0.047243866695589963 -0.016001911871181409 0 0.019068396062763664
leaf_weight=1.7160601988434776 3.3073859438300124 29.722720358520746 29.283768959343433 9.1693096123635751 6.0753696113824844 4.0422648862004271 1.6172343790531156 0.91540779918432225
leaf_count=16 17 362 114 61 90 19 11 3
internal_value=0.000258397 -0.00175381 0.00197617 -0.00736117 -0.0269005 0.0134386 -0.0408199 0.00778621
internal_weight=85.8495 82.5421 72.2181 38.892 10.3241 33.326 7.6926 2.63147
internal_count=693 676 556 423 120 133 101 19
is_linear=0
shrinkage=0.05


Tree=53
num_leaves=11
num_cat=0
split_feature=10 8 8 0 1 2 10 10 7 1
split_gain=4.24581 3.70068 3.51693 3.45745 2.64485 2.04737 1.53855 1.64668 0.74388 0.170921
threshold=0.89539750000000018 0.46812750000000009 0.0048635000000000006 0.3458750000000001 0.013311000000000002 0.051118500000000004 0.93251000000000006 0.94286400000000004 0.11261550000000002 0.29842350000000006
decision_type=2 10 8 10 10 10 2 2 8 10
left_child=1 2 4 -4 -1 -3 9 -8 -9 -2
right_child=6 5 3 -5 -6 -7 7 8 -10 -11
leaf_value=0.0084140526411752327 0.043350398842273312 0.00022838157593204172 0 0.038059672243041666 -0.04175581343318701 -0.049047405659849067 -0.027268599151463058 0.029702699380495717 0 0
leaf_weight=2.1506458073854429 5.432997625321148 1.6385998502373684 50.552849791944027 5.0855942070484152 6.6835651993751526 5.2206296361982822 1.2957971356809137 2.9670149832963943 2.4706111066043377 0.8867620825767516
leaf_count=18 32 8 435 16 98 43 12 11 23 4
internal_value=0 -0.00499315 -0.000526699 0.00395963 -0.0276746 -0.0363565 0.0245884 0.00229878 0.0173207 0.0401436
internal_weight=84.3851 71.3319 64.4727 55.6384 8.83421 6.85923 13.0532 6.73342 5.43763 6.31976
internal_count=700 618 567 451 116 51 82 46 34 36
is_linear=0
shrinkage=0.05


end of trees

feature_importances:
embedding_cosine_gte_multilingual_base=111
reranker_score_gte_multilingual_reranker_base=86
max_category_share_percentile_gap_abs=70
repeated_title_share_percentile_gap_abs=61
price_median_percentile_gap_abs=40
punct_ratio_mean_percentile_gap_abs=27
digit_ratio_mean_percentile_gap_abs=23
title_length_median_percentile_gap_abs=21
description_length_median_percentile_gap_abs=20
item_count_percentile_gap_abs=17
repeated_description_share_percentile_gap_abs=16

parameters:
[boosting: gbdt]
[objective: binary]
[metric: binary_logloss,auc]
[tree_learner: serial]
[device_type: cpu]
[data_sample_strategy: bagging]
[data: ]
[valid: ]
[num_iterations: 500]
[learning_rate: 0.05]
[num_leaves: 11]
[num_threads: 0]
[seed: 20260311]
[deterministic: 1]
[force_col_wise: 1]
[force_row_wise: 0]
[histogram_pool_size: -1]
[max_depth: 4]
[min_data_in_leaf: 6]
[min_sum_hessian_in_leaf: 0.001]
[bagging_fraction: 0.85]
[pos_bagging_fraction: 1]
[neg_bagging_fraction: 1]
[bagging_freq: 1]
[bagging_seed: 20260311]
[bagging_by_query: 0]
[feature_fraction: 0.85]
[feature_fraction_bynode: 1]
[feature_fraction_seed: 20260311]
[extra_trees: 0]
[extra_seed: 8410]
[early_stopping_round: 0]
[early_stopping_min_delta: 0]
[first_metric_only: 0]
[max_delta_step: 0]
[lambda_l1: 0.5]
[lambda_l2: 1.5]
[linear_lambda: 0]
[min_gain_to_split: 0.02]
[drop_rate: 0.1]
[max_drop: 50]
[skip_drop: 0.5]
[xgboost_dart_mode: 0]
[uniform_drop: 0]
[drop_seed: 22484]
[top_rate: 0.2]
[other_rate: 0.1]
[min_data_per_group: 100]
[max_cat_threshold: 32]
[cat_l2: 10]
[cat_smooth: 10]
[max_cat_to_onehot: 4]
[top_k: 20]
[monotone_constraints: ]
[monotone_constraints_method: basic]
[monotone_penalty: 0]
[feature_contri: ]
[forcedsplits_filename: ]
[refit_decay_rate: 0.9]
[cegb_tradeoff: 1]
[cegb_penalty_split: 0]
[cegb_penalty_feature_lazy: ]
[cegb_penalty_feature_coupled: ]
[path_smooth: 0]
[interaction_constraints: ]
[verbosity: -1]
[saved_feature_importance_type: 0]
[use_quantized_grad: 0]
[num_grad_quant_bins: 4]
[quant_train_renew_leaf: 0]
[stochastic_rounding: 1]
[linear_tree: 0]
[max_bin: 255]
[max_bin_by_feature: ]
[min_data_in_bin: 3]
[bin_construct_sample_cnt: 200000]
[data_random_seed: 20260311]
[is_enable_sparse: 1]
[enable_bundle: 1]
[use_missing: 1]
[zero_as_missing: 0]
[feature_pre_filter: 1]
[pre_partition: 0]
[two_round: 0]
[header: 0]
[label_column: ]
[weight_column: ]
[group_column: ]
[ignore_column: ]
[categorical_feature: ]
[forcedbins_filename: ]
[precise_float_parser: 0]
[parser_config_file: ]
[objective_seed: 16170]
[num_class: 1]
[is_unbalance: 0]
[scale_pos_weight: 1]
[sigmoid: 1]
[boost_from_average: 1]
[reg_sqrt: 0]
[alpha: 0.9]
[fair_c: 1]
[poisson_max_delta_step: 0.7]
[tweedie_variance_power: 1.5]
[lambdarank_truncation_level: 30]
[lambdarank_norm: 1]
[label_gain: ]
[lambdarank_position_bias_regularization: 0]
[eval_at: ]
[multi_error_top_k: 1]
[auc_mu_weights: ]
[num_machines: 1]
[local_listen_port: 12400]
[time_out: 120]
[machine_list_filename: ]
[machines: ]
[gpu_platform_id: -1]
[gpu_device_id: -1]
[gpu_use_dp: 0]
[num_gpu: 1]

end of parameters

pandas_categorical:null
