tree
version=v4
num_class=1
num_tree_per_iteration=1
label_index=0
max_feature_idx=25
objective=binary sigmoid:1
feature_names=same_market_raw_bool same_source_dataset_bool profile_category_jaccard shared_title_count_capped shared_description_count_capped shared_category_count_capped shared_title_idf_sum shared_description_idf_sum shared_title_idf_mean shared_description_idf_mean boilerplate_ratio_max boilerplate_ratio_gap_abs shared_boilerplate_count shared_low_df_sentence_count shared_rare_ngram_count item_count_percentile_gap_abs price_median_percentile_gap_abs title_length_median_percentile_gap_abs description_length_median_percentile_gap_abs digit_ratio_mean_percentile_gap_abs punct_ratio_mean_percentile_gap_abs repeated_title_share_percentile_gap_abs repeated_description_share_percentile_gap_abs max_category_share_percentile_gap_abs embedding_cosine_bge_m3 reranker_score_bge_reranker_v2_m3
feature_infos=[0:1] [0:1] [0:1] [0:5] [0:5] [0:5] [0:70.616864000000007] [0:79.443972000000002] [0:8.8271080000000008] [0:8.8271080000000008] [0:0.20000000000000001] [0:0.20000000000000001] [0:1] [0:9] [0:8] [0:0.70916299999999999] [0:0.96791400000000005] [0:0.92293000000000003] [0:0.88129299999999999] [0:0.90190499999999996] [0:0.93838699999999997] [0:0.78087600000000001] [0:0.625498] [0:0.99467300000000003] [0.75037200000000004:0.99786200000000003] [0.0015900000000000001:0.92668499999999998]
tree_sizes=778 577 786 886 665 764 684 822 735 789 765 678 671 766 767 880 772 786 785 678 657 661 785 746 875 866 674 770 681 736 768 742 864 889 855 672 661 821 854 740 838 763 851 638 749 767 770 679 763 735 661 658 661 659 871 874 777 839 844 860 662 866 864 869 764 866 749 852 766 649 739 744 851 739 679 862 738 571 863 643 787 766 849 870 678 864 850 884 872 873 849 770 767 856 877 649 680 663 685 859 744 864 667 756 655 841 753 579 854 663 683 874 873 657 742 835 750 573 889 853

Tree=0
num_leaves=6
num_cat=0
split_feature=4 21 25 25 24
split_gain=65.0909 47.0279 17.2112 15.2046 2.80228
threshold=1.0000000180025095e-35 0.028993500000000002 0.45941900000000008 0.74630450000000004 0.8008820000000002
decision_type=10 8 2 2 2
left_child=1 3 -3 -1 -2
right_child=4 2 -4 -5 -6
leaf_value=-0.036590300682843843 -2.7791848764393683e-08 -0.0024007284163494961 0.032580052320303497 0.01673820169731189 0.043888271394729568
leaf_weight=42.118945091962814 0.35782748460769909 34.738884791731834 15.503140240907667 2.8467162847518912 23.359507024288177
leaf_count=213 2 317 94 8 62
internal_value=0.000775756 -0.0102927 0.00905737 -0.031753 0.0424969
internal_weight=118.925 95.2077 50.242 44.9657 23.7173
internal_count=696 632 411 221 64
is_linear=0
shrinkage=1


Tree=1
num_leaves=4
num_cat=0
split_feature=4 23 23
split_gain=56.9693 40.9851 18.2316
threshold=1.0000000180025095e-35 0.0074560000000000008 0.51918300000000006
decision_type=10 8 8
left_child=1 -1 -3
right_child=-2 2 -4
leaf_value=-0.036731975318855414 0.040935628866596366 0.023965377785351145 -0.0074670228464403139
leaf_weight=30.853827133774757 21.868715852499008 22.492944091558456 43.21226005256176
leaf_count=158 59 73 415
internal_value=8.54715e-05 -0.00981968 0.00343322
internal_weight=118.428 96.559 65.7052
internal_count=705 646 488
is_linear=0
shrinkage=0.03


Tree=2
num_leaves=6
num_cat=0
split_feature=4 23 24 23 15
split_gain=58.5803 44.497 31.5417 2.98133 0.703599
threshold=1.0000000180025095e-35 0.0074560000000000008 0.84532750000000012 0.48434650000000007 0.19394000000000003
decision_type=10 8 2 10 10
left_child=1 4 -3 -2 -1
right_child=3 2 -4 -5 -6
leaf_value=-0.040542180464830074 0.045118921449059483 -0.03178105931400016 0.015011628277096423 0.0048446611364586735 -0.0056503431903109583
leaf_weight=25.893148139119152 20.17588379979134 13.622797332704065 54.044051341712475 4.5060640126466742 3.7448892891407004
leaf_count=137 51 128 368 16 17
internal_value=0.00136468 -0.00908698 0.00421745 0.0401719 -0.0379772
internal_weight=121.987 97.3049 67.6668 24.6819 29.638
internal_count=717 650 496 67 154
is_linear=0
shrinkage=0.03


Tree=3
num_leaves=7
num_cat=0
split_feature=4 25 18 21 19 15
split_gain=60.0616 39.2445 21.3225 8.98905 2.5017 1.39963
threshold=1.0000000180025095e-35 0.45941900000000008 0.16148900000000002 0.0011505000000000003 0.19383400000000003 0.11451400000000002
decision_type=10 2 8 8 10 10
left_child=1 2 -1 -3 -2 -6
right_child=4 3 -4 -5 5 -7
leaf_value=-0.038433208546206549 0.045004639628309528 -0.0055903033997309936 -0.0055167609908006038 0.030760070809235478 0.017681920748575893 -0.00017649108191143155
leaf_weight=30.682888701558113 19.955102607607845 5.640752941370013 45.371819779276848 18.523102603852749 3.248589724302291 2.8463510423898697
leaf_count=160 50 25 380 100 9 12
internal_value=0.0010435 -0.00947164 -0.0201303 0.0214899 0.0393301 0.0087362
internal_weight=126.269 100.219 76.0547 24.1639 26.05 6.09494
internal_count=736 665 540 125 71 21
is_linear=0
shrinkage=0.03


Tree=4
num_leaves=5
num_cat=0
split_feature=3 21 24 24
split_gain=56.7722 34.4891 24.8314 4.4608
threshold=1.5000000000000002 0.0011505000000000003 0.86084600000000011 0.96542850000000013
decision_type=10 8 2 2
left_child=1 3 -3 -1
right_child=-2 2 -4 -5
leaf_value=-0.032860149038081508 0.045969824227056789 -0.024312835291036856 0.014990647339911274 0.00051326798889222524
leaf_weight=35.97333300113678 17.311869561672211 16.694524168968201 49.726491890847683 1.9472536742687214
leaf_count=182 42 153 334 7
internal_value=0 -0.008725 0.00405604 -0.0305013
internal_weight=121.653 104.342 66.421 37.9206
internal_count=718 676 487 189
is_linear=0
shrinkage=0.03


Tree=5
num_leaves=6
num_cat=0
split_feature=4 25 18 23 21
split_gain=63.8968 43.2674 17.4435 4.53647 4.41864
threshold=1.0000000180025095e-35 0.52765350000000011 0.29332350000000001 0.61503100000000011 0.0011505000000000003
decision_type=10 2 8 10 8
left_child=1 2 -1 -2 -3
right_child=3 4 -4 -5 -6
leaf_value=-0.032898303925050658 0.045019939376797116 0 -0.0042201562571076582 0.0012230438593381261 0.034362475780949815
leaf_weight=41.365041434764862 22.106196030974392 3.6151093244552639 40.058865688741207 4.0828985571861258 14.437118858098982
leaf_count=210 55 15 374 15 74
internal_value=0.000692295 -0.010245 -0.0197959 0.0400472 0.0280912
internal_weight=125.665 99.4761 81.4239 26.1891 18.0522
internal_count=743 673 584 70 89
is_linear=0
shrinkage=0.03


Tree=6
num_leaves=5
num_cat=0
split_feature=3 25 23 23
split_gain=59.7772 39.4616 10.8337 7.14492
threshold=1.5000000000000002 0.45941900000000008 0.0074560000000000008 0.0014810000000000001
decision_type=10 2 8 8
left_child=1 2 -1 -3
right_child=-2 3 -4 -5
leaf_value=-0.034356007570825603 0.044815425915050659 -0.0089272366830349115 -0.0096681231595929073 0.026804119893681984
leaf_weight=29.626346990466118 18.796758890151978 3.3152538836002376 47.950918816030025 21.980006538331509
leaf_count=154 46 16 387 114
internal_value=-0.000188422 -0.00973172 -0.0203967 0.0206108
internal_weight=121.669 102.873 77.5773 25.2953
internal_count=717 671 541 130
is_linear=0
shrinkage=0.03


Tree=7
num_leaves=7
num_cat=0
split_feature=24 19 24 21 20 24
split_gain=45.8918 23.4356 14.283 4.49924 2.19738 1.03418
threshold=0.84532750000000012 0.0041160000000000007 0.92528900000000014 0.080088500000000021 0.013324000000000001 0.9621320000000001
decision_type=2 8 2 10 8 2
left_child=3 5 -3 4 -1 -2
right_child=1 2 -4 -5 -6 -7
leaf_value=0 -0.031369494992856531 0.005524240922644006 0.031129000065870424 0 -0.039076122056895778 0
leaf_weight=0.5904877930879654 7.8142502754926664 58.520949255675077 31.319672767072916 2.1142739653587332 20.940491646528244 1.8805488049983976
leaf_count=2 43 347 158 8 169 8
internal_value=0.000991988 0.0103094 0.015491 -0.0338489 -0.0375442 -0.0276578
internal_weight=123.181 99.5354 89.8406 23.6453 21.531 9.6948
internal_count=735 556 505 179 171 51
is_linear=0
shrinkage=0.03


Tree=8
num_leaves=6
num_cat=0
split_feature=25 4 23 22 23
split_gain=50.4367 39.0513 12.8582 6.34501 3.01194
threshold=0.45941900000000008 1.0000000180025095e-35 0.0074560000000000008 0.0013980000000000002 0.48434650000000007
decision_type=2 10 8 8 8
left_child=1 2 -1 -2 -3
right_child=3 4 -4 -5 -6
leaf_value=-0.037287833481013166 0 0.032422783874223579 -0.0099167812051348184 0.034348308848889064 0
leaf_weight=26.952849939465523 5.7008589208126059 12.450129553675648 47.589402221143246 28.929017581045628 3.0629338920116433
leaf_count=145 23 34 392 131 12
internal_value=0 -0.012015 -0.0212602 0.029143 0.027035
internal_weight=124.685 90.0553 74.5423 34.6299 15.5131
internal_count=737 583 537 154 46
is_linear=0
shrinkage=0.03


Tree=9
num_leaves=6
num_cat=0
split_feature=4 23 24 19 15
split_gain=46.1979 37.5221 18.996 9.83608 1.41304
threshold=1.0000000180025095e-35 0.0063255000000000013 0.85071050000000004 0.24827850000000004 0.19394000000000003
decision_type=10 8 2 10 10
left_child=1 4 -3 -2 -1
right_child=3 2 -4 -5 -6
leaf_value=-0.040608275880371643 0.040615002211788938 -0.023793967634714558 0.011415581486003688 -0.0065940293695150431 -0.0045454059031772151
leaf_weight=24.556504622101787 20.921138614416126 15.526288487017153 49.597773835062981 2.6035866737365714 3.8823855370283118
leaf_count=136 54 137 348 12 18
internal_value=-0.000716795 -0.0105702 0.00190271 0.0341043 -0.0375428
internal_weight=117.088 93.563 65.1241 23.5247 28.4389
internal_count=705 639 485 66 154
is_linear=0
shrinkage=0.03


Tree=10
num_leaves=6
num_cat=0
split_feature=4 22 24 15 25
split_gain=42.7688 31.1377 24.2218 2.41953 1.60238
threshold=1.0000000180025095e-35 0.0022595000000000007 0.84532750000000012 0.17027000000000003 0.54920700000000011
decision_type=10 8 2 10 2
left_child=1 4 -3 -2 -1
right_child=3 2 -4 -5 -6
leaf_value=-0.036556776722542525 0.039566071381974009 -0.03145677698293517 0.01139659133739984 0.0050686647221417922 0
leaf_weight=24.237836316227916 18.214320510625843 11.888067845255135 53.956394087523222 5.399079516530036 2.0693999081850043
leaf_count=132 47 117 370 19 9
internal_value=0.000425413 -0.00873779 0.00219013 0.0342662 -0.0345373
internal_weight=115.765 92.1517 65.8445 23.6134 26.3072
internal_count=694 628 487 66 141
is_linear=0
shrinkage=0.03


Tree=11
num_leaves=5
num_cat=0
split_feature=3 25 21 24
split_gain=45.9844 29.9129 13.9863 5.33041
threshold=1.5000000000000002 0.45941900000000008 0.11378600000000001 0.88294150000000016
decision_type=10 2 10 2
left_child=1 2 -1 -3
right_child=-2 3 -4 -5
leaf_value=-0.021164588613998989 0.041555420292913203 -0.0035487589737892679 0.012438873218233159 0.025599986236890266
leaf_weight=68.721887096762657 17.930009841918945 4.3314414508640793 9.9670019298791868 20.477451395243406
leaf_count=512 45 30 35 101
internal_value=0.000707968 -0.00705803 -0.0162405 0.0195982
internal_weight=121.428 103.498 78.6889 24.8089
internal_count=723 678 547 131
is_linear=0
shrinkage=0.03


Tree=12
num_leaves=5
num_cat=0
split_feature=3 25 22 22
split_gain=41.9233 30.2923 10.7795 9.27988
threshold=1.5000000000000002 0.42699750000000009 0.044107500000000001 0.0013980000000000002
decision_type=10 2 8 8
left_child=1 2 -1 -3
right_child=-2 3 -4 -5
leaf_value=-0.028577332764866573 0.040187450003504765 -0.011254211907247777 -0.0049938675926084301 0.025943135720223127
leaf_weight=36.590563178062439 16.574308067560196 4.7675339877605465 40.602421976625919 22.304305415600538
leaf_count=189 42 23 344 120
internal_value=0 -0.00755217 -0.0171977 0.0179256
internal_weight=120.839 104.265 77.193 27.0718
internal_count=718 676 533 143
is_linear=0
shrinkage=0.03


Tree=13
num_leaves=6
num_cat=0
split_feature=4 25 21 21 19
split_gain=38.6202 27.7521 12.8529 9.39173 4.58212
threshold=1.0000000180025095e-35 0.45941900000000008 0.20346050000000002 1.0000000180025095e-35 0.19383400000000003
decision_type=10 2 10 8 10
left_child=1 2 -1 -3 -2
right_child=4 3 -4 -5 -6
leaf_value=-0.022122749639142337 0.037978149137010808 -0.011103078938008992 0.013898815589812845 0.027525773937185458 0
leaf_weight=66.439458943903446 18.60569399595261 4.6118004471063641 7.1040540784597388 17.911923032253981 3.6176175177097312
leaf_count=506 49 22 24 98 14
internal_value=-0.000155135 -0.0088289 -0.0178429 0.0180656 0.0327411
internal_weight=118.291 96.0672 73.5435 22.5237 22.2233
internal_count=713 650 530 120 63
is_linear=0
shrinkage=0.03


Tree=14
num_leaves=6
num_cat=0
split_feature=4 18 24 21 16
split_gain=41.6802 21.5993 26.9784 5.52046 0.381622
threshold=1.0000000180025095e-35 0.14480750000000001 0.85071050000000004 0.12386950000000001 0.30816600000000005
decision_type=10 8 2 10 10
left_child=1 3 -3 -1 -2
right_child=4 2 -4 -5 -6
leaf_value=-0.031623997515999668 0.034808058501704833 -0.02812108194710224 0.013995469808686387 0 0.0023806666031430607
leaf_weight=30.080141499638557 20.984059303998951 16.33435394987464 43.36257741600275 4.5743966847658148 2.8816210925579062
leaf_count=161 58 152 329 18 10
internal_value=-0.000122869 -0.00948866 0.00119883 -0.0273247 0.0327124
internal_weight=118.217 94.3515 59.6969 34.6545 23.8657
internal_count=728 660 481 179 68
is_linear=0
shrinkage=0.03


Tree=15
num_leaves=7
num_cat=0
split_feature=21 25 7 19 5 21
split_gain=29.2301 19.722 11.8 8.29497 3.61883 2.59731
threshold=1.0000000180025095e-35 0.21754000000000004 16.375431000000003 0.26683700000000005 1.5000000000000002 0.12386950000000001
decision_type=8 2 10 8 10 10
left_child=2 3 4 -2 -1 -3
right_child=1 5 -4 -5 -6 -7
leaf_value=-0.027090276913493298 0.010569611588093575 0.015234781871672024 0.016345655126371744 -0.015384919763466806 0.0014823026106858251 0.038298867714710735
leaf_weight=34.894962504506111 16.219398513436317 28.157205231487751 4.3707441836595526 21.693446554243565 1.9443208277225483 12.506930425763128
leaf_count=183 59 201 13 231 7 32
internal_value=0.000431883 0.0112998 -0.0189725 -0.00358726 -0.0248312 0.0251596
internal_weight=119.787 78.577 41.21 37.9128 36.8393 40.6641
internal_count=726 523 203 290 190 233
is_linear=0
shrinkage=0.03


Tree=16
num_leaves=6
num_cat=0
split_feature=4 23 24 23 24
split_gain=37.161 20.8051 13.8417 5.94248 0.0687184
threshold=1.0000000180025095e-35 0.0074560000000000008 0.84532750000000012 0.71218550000000014 0.95694350000000006
decision_type=10 8 2 10 2
left_child=1 4 -3 -2 -1
right_child=3 2 -4 -5 -6
leaf_value=-0.029344392315034811 0.037289885829071598 -0.021389279645247266 0.0093503739763309609 0 -0.0016484745519445899
leaf_weight=25.311656653881077 20.814996957778934 14.342070974409578 50.362563241273165 3.1781371086835852 2.8218870460987082
leaf_count=138 56 128 358 13 14
internal_value=0.000779371 -0.00774597 0.00144784 0.0320731 -0.0279565
internal_weight=116.831 92.8382 64.7046 23.9931 28.1335
internal_count=707 638 486 69 152
is_linear=0
shrinkage=0.03


Tree=17
num_leaves=6
num_cat=0
split_feature=4 25 21 19 2
split_gain=35.8209 28.6612 9.65086 6.41905 5.30141
threshold=1.0000000180025095e-35 0.42699750000000009 0.11378600000000001 0.27909000000000006 0.41428550000000003
decision_type=10 2 10 10 10
left_child=1 2 -1 -2 -3
right_child=3 4 -4 -5 -6
leaf_value=-0.022342451370180767 0.036614831309375213 0.023839165652725113 0.0069201387110237192 -0.0012934547428571765 -0.0035601675803911045
leaf_weight=59.509967561811209 20.964371815323833 20.355974350124601 8.9144899547100049 2.7999426871538153 5.347593590617179
leaf_count=468 57 119 33 12 24
internal_value=0.000437096 -0.00779495 -0.0179795 0.0313832 0.0173173
internal_weight=117.892 94.128 68.4245 23.7643 25.7036
internal_count=713 644 501 69 143
is_linear=0
shrinkage=0.03


Tree=18
num_leaves=6
num_cat=0
split_feature=24 22 8 20 22
split_gain=27.8666 22.5754 9.11197 6.37159 3.62603
threshold=0.84532750000000012 0.0022595000000000007 8.2880465000000019 0.014325500000000003 0.044107500000000001
decision_type=2 8 10 8 10
left_child=3 2 -2 -1 -3
right_child=1 4 -4 -5 -6
leaf_value=0.0074451564243537835 -0.025632441000584347 0.0070113416484324006 0.014738144879594232 -0.033341862294703747 0.023267109410964888
leaf_weight=1.5646767765283609 19.25072014331818 38.061520330607891 3.3485114574432364 21.145991843193769 29.502940192818642
leaf_count=5 103 322 10 175 96
internal_value=-0.00098138 0.00641206 -0.0174527 -0.0288241 0.0152222
internal_weight=112.874 90.1637 22.5992 22.7107 67.5645
internal_count=711 531 113 180 418
is_linear=0
shrinkage=0.03


Tree=19
num_leaves=5
num_cat=0
split_feature=3 21 24 24
split_gain=35.3444 24.519 8.60668 7.85303
threshold=1.5000000000000002 0.028993500000000002 0.84532750000000012 0.91177750000000013
decision_type=10 8 2 2
left_child=1 3 -3 -1
right_child=-2 2 -4 -5
leaf_value=-0.031395902804515728 0.036692646630938179 -0.018094256187769189 0.011482703080052994 -0.0036272274052076576
leaf_weight=32.011600643396378 15.325903028249739 7.552067056298255 42.672059156000614 17.161848127841949
leaf_count=173 41 96 325 79
internal_value=-0.00141365 -0.00848502 0.00570243 -0.0230453
internal_weight=114.723 99.3976 50.2241 49.1734
internal_count=714 673 421 252
is_linear=0
shrinkage=0.03


Tree=20
num_leaves=5
num_cat=0
split_feature=3 25 21 21
split_gain=31.2618 20.3117 15.4909 3.83428
threshold=1.5000000000000002 0.45941900000000008 0.11378600000000001 0.0011505000000000003
decision_type=10 2 10 8
left_child=1 2 -1 -3
right_child=-2 3 -4 -5
leaf_value=-0.018145197003884065 0.036637776110754243 0 0.015583205647952252 0.023231110880514352
leaf_weight=66.978806603699923 16.258428633213043 5.5737209320068386 11.493758067488669 18.517811838537455
leaf_count=512 44 24 39 106
internal_value=0.00132899 -0.0048661 -0.0124449 0.0173572
internal_weight=118.823 102.564 78.4726 24.0915
internal_count=725 681 551 130
is_linear=0
shrinkage=0.03


Tree=21
num_leaves=5
num_cat=0
split_feature=4 22 24 19
split_gain=34.119 18.8404 15.9547 2.2596
threshold=1.0000000180025095e-35 0.0022595000000000007 0.84532750000000012 0.24827850000000004
decision_type=10 8 2 10
left_child=1 -1 -3 -2
right_child=3 2 -4 -5
leaf_value=-0.027905034349469383 0.034154884406794705 -0.024025459576397123 0.0089662028975490034 0
leaf_weight=25.648753508925438 20.48545062541962 14.230477128177879 52.393996953964233 3.1927801370620719
leaf_count=144 58 134 377 12
internal_value=0.000637638 -0.007523 0.000756971 0.0308337
internal_weight=115.951 92.2732 66.6245 23.6782
internal_count=725 655 511 70
is_linear=0
shrinkage=0.03


Tree=22
num_leaves=6
num_cat=0
split_feature=4 25 24 19 24
split_gain=30.7546 26.5154 8.30315 6.23977 3.85585
threshold=1.0000000180025095e-35 0.42699750000000009 0.87497400000000014 0.25746850000000004 0.82067500000000015
decision_type=10 2 2 10 2
left_child=1 2 -1 -2 -3
right_child=3 4 -4 -5 -6
leaf_value=-0.033159877297716397 0.033462137730040815 -0.010103921583713961 -0.0092135874502457683 -0.0028061582738304119 0.01941410134710727
leaf_weight=25.903167933225632 18.254967182874683 1.4127563461661363 38.878664538264275 2.9654976129531851 21.046981941908598
leaf_count=220 52 12 280 13 122
internal_value=-0.00231036 -0.0105496 -0.020275 0.0274353 0.0154072
internal_weight=108.462 87.2416 64.7818 21.2205 22.4597
internal_count=699 634 500 65 134
is_linear=0
shrinkage=0.03


Tree=23
num_leaves=6
num_cat=0
split_feature=4 22 25 19 25
split_gain=28.2615 16.8075 12.4799 3.84424 2.60032
threshold=1.0000000180025095e-35 0.020809000000000005 0.21754000000000004 0.24827850000000004 0.67140400000000011
decision_type=10 8 2 10 2
left_child=1 4 -3 -2 -1
right_child=3 2 -4 -5 -6
leaf_value=-0.026086558870939122 0.033762421125711997 -0.0091190233025361667 0.016620572264184293 0 0
leaf_weight=27.52878208458424 19.236096024513248 33.320794567465782 28.083763442933559 2.9899865984916678 1.9127663373947132
leaf_count=154 55 284 190 12 7
internal_value=0.00107806 -0.00626472 0.00241318 0.0294557 -0.0238379
internal_weight=113.072 90.8461 61.4046 22.2261 29.4415
internal_count=702 635 474 67 161
is_linear=0
shrinkage=0.03


Tree=24
num_leaves=7
num_cat=0
split_feature=22 20 19 19 23 20
split_gain=18.586 11.8997 11.6796 9.03613 5.19398 4.06438
threshold=0.040069000000000007 0.28479750000000009 0.13508500000000004 0.0041160000000000007 1.0000000180025095e-35 0.15729500000000005
decision_type=10 10 10 8 10 10
left_child=2 4 3 -1 -2 -4
right_child=1 -3 5 -5 -6 -7
leaf_value=-0.02463757017921871 0 -0.011624955331600694 -0.00086565365469435675 0.006106879262505526 0.030776794719983614 -0.0316697582333091
leaf_weight=7.4131755083799353 3.8283752053976086 6.6245535612106314 7.7381646931171444 45.628586314618587 25.100922212004662 15.361210420727728
leaf_count=45 17 32 35 403 76 89
internal_value=0.000739088 0.0180305 -0.00733344 0.000185818 0.0262152 -0.0237857
internal_weight=111.695 35.5539 76.1411 53.0418 28.9293 23.0994
internal_count=697 125 572 448 93 124
is_linear=0
shrinkage=0.03


Tree=25
num_leaves=7
num_cat=0
split_feature=24 15 2 20 17 19
split_gain=21.4148 14.6571 8.03978 5.8287 3.41342 1.39757
threshold=0.84532750000000012 0.0062555000000000015 0.85416650000000016 0.014325500000000003 0.0089760000000000031 0.24827850000000004
decision_type=2 8 8 8 10 8
left_child=3 4 -3 -1 -2 -5
right_child=1 2 -4 5 -6 -7
leaf_value=0.009813749039416576 -0.028240087188269609 0.020957229095107072 0.0002192015896803408 -0.0026188685275788867 0 -0.033219308096884594
leaf_weight=1.3852031081914926 6.6848019212484386 45.620784744620323 30.394547928124666 4.473499700427058 9.3855685591697675 14.993183329701422
leaf_count=4 42 156 292 22 44 144
internal_value=0.0010711 0.00766087 0.013368 -0.024076 -0.0156178 -0.0288112
internal_weight=112.938 92.0857 76.0153 20.8519 16.0704 19.4667
internal_count=704 534 448 170 86 166
is_linear=0
shrinkage=0.03


Tree=26
num_leaves=5
num_cat=0
split_feature=4 23 24 23
split_gain=26.1207 15.5761 7.95912 6.16216
threshold=1.0000000180025095e-35 0.0074560000000000008 0.82067500000000015 0.68669650000000015
decision_type=10 8 2 10
left_child=1 -1 -3 -2
right_child=3 2 -4 -5
leaf_value=-0.025534910252850065 0.032520159076550072 -0.024998242839241541 0.0044188565654283115 -0.003320433351562391
leaf_weight=28.373674437403679 18.409701094031337 6.6091400235891333 56.322207476943731 2.9451866745948783
leaf_count=162 54 68 428 13
internal_value=-0.000887887 -0.00826254 0 0.0265452
internal_weight=112.66 91.305 62.9313 21.3549
internal_count=725 658 496 67
is_linear=0
shrinkage=0.03


Tree=27
num_leaves=6
num_cat=0
split_feature=3 22 18 16 17
split_gain=27.635 11.7818 6.24024 3.25407 1.18269
threshold=1.0000000180025095e-35 0.0040260000000000009 0.29332350000000001 0.27634300000000006 0.17880100000000002
decision_type=10 8 10 10 10
left_child=1 4 -3 -2 -1
right_child=3 2 -4 -5 -6
leaf_value=-0.029883711016749255 0.033840321241641332 -0.0042418497628717985 0.017377371933781412 0 -0.0092413039584769135
leaf_weight=13.251355662941934 17.499762818217281 51.028600607067347 12.382346242666243 2.708852306008338 14.363911136984823
leaf_count=80 51 450 43 11 75
internal_value=0.000197517 -0.00678526 0.000122322 0.0297543 -0.0220843
internal_weight=111.235 91.0262 63.4109 20.2086 27.6153
internal_count=710 648 493 62 155
is_linear=0
shrinkage=0.03


Tree=28
num_leaves=5
num_cat=0
split_feature=3 25 18 19
split_gain=26.4329 17.2437 9.66362 3.64788
threshold=1.5000000000000002 0.42699750000000009 0.19394450000000005 0.057508500000000011
decision_type=10 2 8 8
left_child=1 2 -1 -3
right_child=-2 3 -4 -5
leaf_value=-0.027904522176109663 0.032943773053754025 -0.0058219068649261073 -0.0042422200437287928 0.016792098236490381
leaf_weight=29.361813753843307 13.912253469228743 4.6694701462984112 39.358721930533648 21.592264875769615
leaf_count=166 41 21 341 131
internal_value=-0.00140559 -0.00759761 -0.0155149 0.0115613
internal_weight=108.895 94.9823 68.7205 26.2617
internal_count=700 659 507 152
is_linear=0
shrinkage=0.03


Tree=29
num_leaves=6
num_cat=0
split_feature=3 23 24 15 25
split_gain=22.5573 12.6286 8.40822 3.3544 3.27896
threshold=1.0000000180025095e-35 0.0063255000000000013 0.82067500000000015 0.2283705 0.49803750000000008
decision_type=10 8 2 10 2
left_child=1 4 -3 -2 -1
right_child=3 2 -4 -5 -6
leaf_value=-0.024750709118855806 0.033445277301405674 -0.022910805433648498 0.0061409090523891893 0 0
leaf_weight=25.239718154072765 15.059297412633898 7.4088826626539221 56.51318696886301 2.6573865562677375 3.3401237428188315
leaf_count=148 44 75 417 11 14
internal_value=0.00018073 -0.00571879 0.00144929 0.0287989 -0.0213156
internal_weight=110.219 92.5019 63.9221 17.7167 28.5798
internal_count=709 654 492 55 162
is_linear=0
shrinkage=0.03


Tree=30
num_leaves=6
num_cat=0
split_feature=4 25 24 21 16
split_gain=21.6588 17.2659 6.05979 4.45072 1.79397
threshold=1.0000000180025095e-35 0.42699750000000009 0.84532750000000012 0.046415500000000005 0.25197350000000002
decision_type=10 2 2 8 10
left_child=1 2 -1 -3 -2
right_child=4 3 -4 -5 -6
leaf_value=-0.030130717589063695 0.029499786694751281 -0.00063780820532415797 -0.0084935298831613649 0.021636861441755213 0
leaf_weight=18.39007779955864 14.653145223855974 10.455206081271173 48.671246059238911 13.891734246164559 3.3914739936590186
leaf_count=165 45 45 359 94 13
internal_value=-0.00167701 -0.00801272 -0.0158914 0.0119539 0.0255592
internal_weight=109.453 91.4083 67.0613 24.3469 18.0446
internal_count=721 663 524 139 58
is_linear=0
shrinkage=0.03


Tree=31
num_leaves=6
num_cat=0
split_feature=4 23 25 23 25
split_gain=18.69 15.0561 7.7725 3.43367 2.20425
threshold=1.0000000180025095e-35 0.0074560000000000008 0.42699750000000009 0.68669650000000015 0.49803750000000008
decision_type=10 8 2 10 2
left_child=1 4 -3 -2 -1
right_child=3 2 -4 -5 -6
leaf_value=-0.024628259144057512 0.029699560945465064 -0.0036039252675413285 0.017388089995488042 0 0
leaf_weight=24.972673654556278 17.37028276920319 43.70289321243763 20.214327812194824 2.9051117449998847 2.6001004576683036
leaf_count=150 54 364 124 12 11
internal_value=0.00101934 -0.00467215 0.00306855 0.0252824 -0.0221377
internal_weight=111.765 91.49 63.9172 20.2754 27.5728
internal_count=715 649 488 66 161
is_linear=0
shrinkage=0.03


Tree=32
num_leaves=7
num_cat=0
split_feature=21 25 24 4 24 25
split_gain=21.9248 17.0755 11.7428 8.92819 1.98539 0.531572
threshold=1.0000000180025095e-35 0.21754000000000004 0.86084600000000011 1.0000000180025095e-35 0.8008820000000002 0.60622050000000016
decision_type=8 2 2 10 2 2
left_child=3 2 -2 5 -3 -1
right_child=1 4 -4 -5 -6 -7
leaf_value=-0.024808949182638491 -0.027906048156228408 -0.00038726328407307669 0.0054258818488458925 0.012558767514043126 0.023823452865830642 0
leaf_weight=30.636405199766159 10.520270362496374 0.602463498711585 26.967234164476395 4.1853417605161658 37.034476414322853 1.8734830170869816
leaf_count=179 111 10 189 14 217 8
internal_value=0 0.00905819 -0.00456187 -0.0183197 0.0226977 -0.023865
internal_weight=111.82 75.1244 37.4875 36.6952 37.6369 32.5099
internal_count=728 527 300 201 227 187
is_linear=0
shrinkage=0.03


Tree=33
num_leaves=7
num_cat=0
split_feature=25 9 18 21 18 19
split_gain=16.908 12.6589 12.1324 10.9721 3.98023 1.56902
threshold=0.21754000000000004 7.9372940000000005 0.19394450000000005 1.0000000180025095e-35 0.16780850000000003 0.053732500000000009
decision_type=2 10 8 8 10 10
left_child=1 2 -1 4 -2 -5
right_child=3 -3 -4 5 -6 -7
leaf_value=-0.033093667725823478 0.0036221686625219577 0.018783168645792617 -0.0017724059988118001 0.010641124542511395 -0.021202319251575109 0.02981200598437948
leaf_weight=20.211151018738747 9.9851035475730914 7.3859465569257727 26.307140942662954 21.050091039389372 6.2096817195415488 15.221042230725287
leaf_count=126 45 24 248 177 35 46
internal_value=0.000236702 -0.0109835 -0.0171671 0.0122759 -0.00615961 0.0211129
internal_weight=106.37 53.9042 46.5183 52.4659 16.1948 36.2711
internal_count=701 398 374 303 80 223
is_linear=0
shrinkage=0.03


Tree=34
num_leaves=7
num_cat=0
split_feature=24 21 9 21 20 20
split_gain=22.9104 12.5652 8.68562 3.71101 1.26547 1.12349
threshold=0.85071050000000004 1.0000000180025095e-35 7.9813810000000007 0.12386950000000001 0.46438650000000009 0.014325500000000003
decision_type=2 10 8 10 10 8
left_child=3 2 -2 5 -3 -1
right_child=1 4 -4 -5 -6 -7
leaf_value=0 -0.014864279653106351 0.022431028277164061 0.0086299247496713482 0.0015201056359927794 0 -0.028734813722703187
leaf_weight=0.89252099394798889 21.781302243471146 33.327172383666039 29.319552216678858 2.1358086466789237 2.7831011712551108 20.151058122515678
leaf_count=4 120 113 281 8 11 188
internal_value=0.000681935 0.00808423 -0.00109871 -0.0237577 0.0209338 -0.0274406
internal_weight=110.391 87.2111 51.1009 23.1794 36.1103 21.0436
internal_count=725 525 401 200 124 192
is_linear=0
shrinkage=0.03


Tree=35
num_leaves=5
num_cat=0
split_feature=3 24 18 19
split_gain=21.8438 12.2546 8.77943 2.38393
threshold=1.5000000000000002 0.84532750000000012 0.26234300000000005 0.2856220000000001
decision_type=10 2 10 8
left_child=1 3 -3 -1
right_child=-2 2 -4 -5
leaf_value=-0.0015483263322302828 0.031461620585767118 -0.0052663925854257191 0.017772620066811375 -0.030233824081726944
leaf_weight=6.1653846651315716 13.610402405261992 59.481254283338785 16.529097855091095 14.911509696394203
leaf_count=32 43 451 58 150
internal_value=-0.000132825 -0.00567197 0 -0.0243272
internal_weight=110.698 97.0872 76.0104 21.0769
internal_count=734 691 509 182
is_linear=0
shrinkage=0.03


Tree=36
num_leaves=5
num_cat=0
split_feature=3 23 21 4
split_gain=20.3909 16.9874 10.4883 0.791437
threshold=1.5000000000000002 0.0014810000000000001 0.11378600000000001 1.0000000180025095e-35
decision_type=10 8 10 10
left_child=1 3 -3 -1
right_child=-2 2 -4 -5
leaf_value=-0.025399162320376222 0.031293795623221987 -0.0024024861029351458 0.024953819551482147 0
leaf_weight=23.804786756634716 13.740784257650374 55.428241770714521 12.731728777289389 1.9846042096614827
leaf_count=147 44 465 39 8
internal_value=0.000498583 -0.00452499 0.00312245 -0.023998
internal_weight=107.69 93.9494 68.16 25.7894
internal_count=703 659 504 155
is_linear=0
shrinkage=0.03


Tree=37
num_leaves=7
num_cat=0
split_feature=24 25 0 22 25 22
split_gain=19.2418 12.2047 6.87854 2.90595 2.07318 1.29912
threshold=0.85071050000000004 0.28514000000000006 1.0000000180025095e-35 0.0013980000000000002 0.45416150000000005 0.189196
decision_type=2 2 8 8 2 10
left_child=4 2 -2 -3 5 -1
right_child=1 3 -4 -5 -6 -7
leaf_value=-0.028230184350067005 0.012089753286993287 0 -0.0099157731569437663 0.023540666277754321 0 0
leaf_weight=15.692355964332824 16.573023468255997 6.9316984564065924 32.200701475143433 31.53787162899971 3.2219914570450774 1.8404319286346424
leaf_count=149 61 31 270 169 20 8
internal_value=0.00139254 0.00792736 -0.00159172 0.0199616 -0.0223459 -0.0258567
internal_weight=107.998 87.2433 48.7737 38.4696 20.7548 17.5328
internal_count=708 531 331 200 177 157
is_linear=0
shrinkage=0.03


Tree=38
num_leaves=7
num_cat=0
split_feature=24 21 25 20 19 21
split_gain=18.0456 12.9571 6.53981 5.27878 4.87577 1.17579
threshold=0.84532750000000012 1.0000000180025095e-35 0.22993800000000003 0.014325500000000003 0.0013750000000000001 0.080088500000000021
decision_type=2 8 2 8 8 10
left_child=3 4 -3 -1 -2 -5
right_child=1 2 -4 5 -6 -7
leaf_value=0.0096085830013415141 -0.025840159024428454 0.0024017592466238063 0.023137068004722976 -0.028569613685248314 0 0
leaf_weight=1.3767031729221368 6.8539078980684307 27.968747396022081 35.447538536041975 17.235333498567346 19.77343462407589 1.1515411585569371
leaf_count=4 48 204 196 168 91 5
internal_value=0.00156204 0.00762157 0.0149653 -0.0220936 -0.00860031 -0.0268848
internal_weight=109.807 90.0436 63.4163 19.7636 26.6273 18.3869
internal_count=716 539 400 177 139 173
is_linear=0
shrinkage=0.03


Tree=39
num_leaves=6
num_cat=0
split_feature=25 3 20 19 17
split_gain=17.1924 11.3602 6.48443 1.58755 2.16376
threshold=0.42699750000000009 1.5000000000000002 0.47980200000000006 0.49133100000000002 0.34091000000000005
decision_type=2 10 10 10 10
left_child=1 2 -1 4 -2
right_child=3 -3 -4 -5 -6
leaf_value=-0.005635820918482486 0.022804667947617173 0.023852925774191815 -0.030924622907974392 0 0
leaf_weight=58.843159232288599 26.697655130177743 6.3704648315906516 9.8015585690736753 2.2891353964805594 1.968536153435706
leaf_count=453 143 21 67 10 9
internal_value=0.000818866 -0.006677 -0.0108092 0.0188524 0.0206453
internal_weight=105.971 75.0152 68.6447 30.9553 28.6662
internal_count=703 541 520 162 152
is_linear=0
shrinkage=0.03


Tree=40
num_leaves=7
num_cat=0
split_feature=24 19 21 20 4 25
split_gain=20.9067 10.8848 6.3472 5.30395 1.55795 1.5098
threshold=0.84532750000000012 0.0041160000000000007 0.15176500000000001 0.014325500000000003 1.0000000180025095e-35 0.20108400000000004
decision_type=2 8 10 8 10 2
left_child=3 5 -3 -1 -5 -2
right_child=1 2 -4 4 -6 -7
leaf_value=0.0068147138814786444 -0.025285046270458088 0.0053170218438291592 0.027852948778718547 -0.031755682726561783 0 0
leaf_weight=1.5565444380044962 6.624814957380293 63.809438560158014 13.201489329338072 17.860919650644068 1.0006961077451695 1.5831376910209654
leaf_count=5 47 439 41 178 4 8
internal_value=0 0.00651416 0.0104547 -0.0253698 -0.0299687 -0.0206831
internal_weight=105.637 85.2189 77.0109 20.4182 18.8616 8.20795
internal_count=722 535 480 187 182 55
is_linear=0
shrinkage=0.03


Tree=41
num_leaves=6
num_cat=0
split_feature=4 25 19 15 19
split_gain=21.652 15.981 5.44709 3.13304 1.69746
threshold=1.0000000180025095e-35 0.16466150000000004 0.50061250000000013 0.34436500000000003 0.24827850000000004
decision_type=10 2 10 8 10
left_child=1 3 -3 -1 -2
right_child=4 2 -4 -5 -6
leaf_value=-0.025573841653016825 0.031031691726696255 0.010065396711008482 -0.017405442203288692 -0.0049320749843242756 0
leaf_weight=22.795956999063492 16.8478346914053 43.803620092570782 4.0825300663709632 16.913162440061569 2.8270701915025702
leaf_count=139 55 300 25 191 11
internal_value=0.00146337 -0.00485779 0.00624576 -0.0184484 0.0278483
internal_weight=107.27 87.5953 47.8862 39.7091 19.6749
internal_count=721 655 325 330 66
is_linear=0
shrinkage=0.03


Tree=42
num_leaves=7
num_cat=0
split_feature=24 25 18 24 20 22
split_gain=18.6833 10.708 10.6721 4.35864 0.963571 0.971889
threshold=0.84532750000000012 0.28514000000000006 0.26234300000000005 0.91254500000000005 0.014325500000000003 0.13270100000000004
decision_type=2 2 10 2 8 10
left_child=4 2 -2 -3 -1 -6
right_child=1 3 -4 -5 5 -7
leaf_value=0 -0.010609337673963179 0.0038399555045959288 0.020325803636121589 0.026526553800055606 -0.027781660514594648 0
leaf_weight=0.89194470643997448 37.215058755129576 18.228049349039793 10.107831209897993 20.704940415918827 16.166098531335596 1.0212126076221455
leaf_count=4 294 106 34 101 163 5
internal_value=0.000238457 0.00649926 -0.00258785 0.017655 -0.0248824 -0.0262573
internal_weight=104.335 86.2559 47.3229 38.933 18.0793 17.1873
internal_count=707 535 328 207 172 168
is_linear=0
shrinkage=0.03


Tree=43
num_leaves=5
num_cat=0
split_feature=3 25 21 21
split_gain=17.7014 14.2877 8.12213 1.11444
threshold=1.5000000000000002 0.54038500000000012 0.24561150000000001 0.0011505000000000003
decision_type=10 2 8 8
left_child=1 2 -1 -3
right_child=-2 3 -4 -5
leaf_value=-0.021095335276542445 0.028525277284285038 0 0 0.018595593904131288
leaf_weight=44.692750439047813 10.843270063400267 3.5217939168214825 28.527989864349365 12.618972595781086
leaf_count=258 37 15 316 73
internal_value=-0.00275956 -0.00768376 -0.0135111 0.0151582
internal_weight=100.205 89.3615 73.2207 16.1408
internal_count=699 662 574 88
is_linear=0
shrinkage=0.03


Tree=44
num_leaves=6
num_cat=0
split_feature=4 18 24 21 16
split_gain=16.6894 13.3993 9.74786 4.08001 1.04323
threshold=1.0000000180025095e-35 0.071565500000000018 0.82067500000000015 0.13168750000000004 0.30299150000000002
decision_type=10 8 2 10 10
left_child=1 3 -3 -1 -2
right_child=4 2 -4 -5 -6
leaf_value=-0.028260680204859872 0.026775358056201206 -0.024447690253159526 0.0066296377561766446 0 0
leaf_weight=19.197634175419811 16.207804098725322 7.5081260763108721 58.540691629052162 3.5339508652687064 2.5176816731691352
leaf_count=124 56 83 441 14 10
internal_value=0.000431379 -0.00490648 0.00175373 -0.0233725 0.0243027
internal_weight=107.506 88.7804 66.0488 22.7316 18.7255
internal_count=728 662 524 138 66
is_linear=0
shrinkage=0.03


Tree=45
num_leaves=6
num_cat=0
split_feature=4 25 20 18 19
split_gain=16.9409 10.6192 7.74298 5.96335 1.43821
threshold=1.0000000180025095e-35 0.16466150000000004 0.47203500000000004 0.29016800000000004 0.23227000000000003
decision_type=10 2 10 8 10
left_child=1 3 -3 -1 -2
right_child=4 2 -4 -5 -6
leaf_value=-0.027075759525322554 0.028893352954866856 0.0097350395919402997 -0.021753827289302145 -0.002441491995846611 0
leaf_weight=18.821464836597443 14.250479906797411 40.083745900541544 5.0940638259053221 21.038273293524981 2.8395386636257163
leaf_count=121 49 279 33 215 11
internal_value=0.000446747 -0.00495444 0.00442829 -0.0158546 0.0255422
internal_weight=102.128 85.0375 45.1778 39.8597 17.09
internal_count=708 648 312 336 60
is_linear=0
shrinkage=0.03


Tree=46
num_leaves=6
num_cat=0
split_feature=20 22 3 23 21
split_gain=14.9308 9.34405 4.78253 3.24989 0.379084
threshold=0.47980200000000006 0.044107500000000001 1.5000000000000002 1.0000000180025095e-35 0.024992000000000004
decision_type=10 10 10 10 8
left_child=1 2 -1 -3 -2
right_child=4 3 -4 -5 -6
leaf_value=-0.0037899612120147969 -0.029462261887794897 -0.0013470642355954579 0.020571972038856353 0.022962946858369124 0
leaf_weight=59.986017074435949 9.9345329254865611 2.9371180683374432 5.0946533083915702 23.345633670687675 1.5712731182575232
leaf_count=509 73 15 18 82 7
internal_value=0.000636626 0.00524339 -0.000619729 0.0193621 -0.0273949
internal_weight=102.869 91.3634 65.0807 26.2828 11.5058
internal_count=704 624 527 97 80
is_linear=0
shrinkage=0.03


Tree=47
num_leaves=5
num_cat=0
split_feature=3 24 22 20
split_gain=17.011 10.4418 9.72271 4.20122
threshold=1.5000000000000002 0.84532750000000012 0.0022595000000000007 0.014325500000000003
decision_type=10 2 8 8
left_child=1 3 -3 -1
right_child=-2 2 -4 -5
leaf_value=0.0050520498256265414 0.029363899972582621 -0.016543190330889097 0.0075567859720850521 -0.026891123383097751
leaf_weight=1.7020277827978159 13.262187719345091 16.948682010173798 56.456795014441013 16.794953003525734
leaf_count=6 48 102 391 172
internal_value=0.000815932 -0.00378564 0.0011686 -0.0222614
internal_weight=105.165 91.9025 73.4055 18.497
internal_count=719 671 493 178
is_linear=0
shrinkage=0.03


Tree=48
num_leaves=6
num_cat=0
split_feature=4 2 2 25 23
split_gain=14.65 13.841 9.55827 4.34258 3.11474
threshold=1.0000000180025095e-35 0.47222200000000009 1.0000000180025095e-35 0.6159960000000001 0.71218550000000014
decision_type=10 10 8 2 10
left_child=1 2 -1 -3 -2
right_child=4 3 -4 -5 -6
leaf_value=-0.016791725331769428 0.026438373892561883 -0.029347691966125217 0.0080431987259362379 0.0019888802104359574 0
leaf_weight=16.706025131046772 13.992516651749613 21.02926325052977 44.167997293174267 2.2598342299461356 3.0117134600877753
leaf_count=94 50 142 407 8 13
internal_value=-0.00153793 -0.00707018 0.000289373 -0.0252859 0.0212983
internal_weight=101.167 84.1631 60.874 23.2891 17.0042
internal_count=714 651 501 150 63
is_linear=0
shrinkage=0.03


Tree=49
num_leaves=6
num_cat=0
split_feature=24 3 18 21 16
split_gain=15.231 8.79692 9.29822 1.22781 0.446056
threshold=0.84532750000000012 1.5000000000000002 0.29332350000000001 0.12386950000000001 0.62829750000000006
decision_type=2 10 8 10 10
left_child=3 2 -2 4 -1
right_child=1 -3 -4 -5 -6
leaf_value=-0.026439082448746664 -0.0090815029429521434 0.027370221127721018 0.011259768408904972 0 0
leaf_weight=15.134756285697227 36.903399065136909 10.887416183948515 37.454594451934099 1.3592488765716542 1.5661534368991841
leaf_count=159 191 41 312 6 11
internal_value=0 0.00536264 0.000816031 -0.0230303 -0.0249615
internal_weight=103.306 85.2454 74.358 18.0602 16.7009
internal_count=720 544 503 176 170
is_linear=0
shrinkage=0.03


Tree=50
num_leaves=5
num_cat=0
split_feature=3 25 21 22
split_gain=13.9044 10.097 6.30994 3.54438
threshold=1.5000000000000002 0.16466150000000004 0.0011505000000000003 0.044107500000000001
decision_type=10 2 8 10
left_child=1 3 -3 -1
right_child=-2 2 -4 -5
leaf_value=-0.019479944140471498 0.027768727341115376 -0.0077677487461337942 0.012836271567297584 0
leaf_weight=29.875637598335743 11.388421341776846 17.51894037425518 31.363881144672632 12.188618794083593
leaf_count=294 43 96 231 55
internal_value=4.17711e-05 -0.00388674 0.00485167 -0.0143543
internal_weight=102.335 90.9471 48.8828 42.0643
internal_count=719 676 327 349
is_linear=0
shrinkage=0.03


Tree=51
num_leaves=5
num_cat=0
split_feature=3 25 24 24
split_gain=13.7625 7.84102 4.64967 2.17084
threshold=1.5000000000000002 0.42699750000000009 0.91177750000000013 0.92528900000000014
decision_type=10 2 2 2
left_child=1 2 -1 -3
right_child=-2 3 -4 -5
leaf_value=-0.01530033393156059 0.027177768845332535 0 9.4178980393977419e-05 0.018905191378086945
leaf_weight=46.188257571309805 10.724666655063627 14.781821873039009 21.58524314686656 8.0872400850057584
leaf_count=382 41 96 155 44
internal_value=-0.000568286 -0.00493703 -0.0101773 0.00881227
internal_weight=101.367 90.6426 67.7735 22.8691
internal_count=718 677 537 140
is_linear=0
shrinkage=0.03


Tree=52
num_leaves=5
num_cat=0
split_feature=4 25 18 16
split_gain=10.8418 9.51427 7.77935 2.031
threshold=1.0000000180025095e-35 0.71528900000000017 0.073028000000000023 0.25197350000000002
decision_type=10 2 8 10
left_child=1 2 -1 -2
right_child=3 -3 -4 -5
leaf_value=-0.022094484371882172 0.02594772098284363 0.023122965317199522 -0.00084754368301504315 0
leaf_weight=19.946549944579601 12.52029123902321 7.2563549354672423 58.911191143095493 3.8200717270374289
leaf_count=130 47 37 485 16
internal_value=0.000531399 -0.00361679 -0.00720109 0.0211137
internal_weight=102.454 86.1141 78.8577 16.3404
internal_count=715 652 615 63
is_linear=0
shrinkage=0.03


Tree=53
num_leaves=5
num_cat=0
split_feature=3 24 23 16
split_gain=11.6343 8.88111 7.32927 1.45599
threshold=1.5000000000000002 0.85071050000000004 0.0063255000000000013 0.72927650000000011
decision_type=10 2 8 10
left_child=1 3 -3 -1
right_child=-2 2 -4 -5
leaf_value=-0.022257393750206095 0.026730443579931668 -0.012241768226506935 0.0078495795145719274 0
leaf_weight=16.962837833911184 10.588191196322439 19.706091515719891 52.255071010440588 1.4462177306413639
leaf_count=174 42 119 361 7
internal_value=0.00058118 -0.0029217 0.00167775 -0.020018
internal_weight=100.958 90.3702 71.9612 18.4091
internal_count=703 661 480 181
is_linear=0
shrinkage=0.03


Tree=54
num_leaves=7
num_cat=0
split_feature=21 25 19 23 23 17
split_gain=11.5823 8.20061 6.54868 4.97054 2.4669 0.25084
threshold=0.042944500000000004 0.45416150000000005 0.12216500000000001 0.0014810000000000001 0.57592050000000017 0.35663100000000009
decision_type=10 2 10 10 10 10
left_child=1 2 -1 -2 -3 -5
right_child=3 4 -4 5 -6 -7
leaf_value=-0.002132955419538857 -0.0072517137835986997 0.014353667407567675 -0.023841706871405962 0.025360506515079317 -0.007950084453413617 0
leaf_weight=38.434335857629776 2.6997769623994854 17.689208716154102 19.224373891949654 17.144146233797077 1.7457883059978474 2.5395406037569037
leaf_count=375 15 113 128 60 9 10
internal_value=0.000458903 -0.00485691 -0.0106868 0.0183598 0.0102178 0.0236896
internal_weight=99.4772 77.0937 57.6587 22.3835 19.435 19.6837
internal_count=710 625 503 85 122 70
is_linear=0
shrinkage=0.03


Tree=55
num_leaves=7
num_cat=0
split_feature=25 4 16 23 15 17
split_gain=10.2765 7.18774 6.65497 2.58977 2.41204 1.12815
threshold=0.47889650000000006 1.0000000180025095e-35 0.16651950000000001 0.57592050000000017 0.20060950000000002 1.0000000180025095e-35
decision_type=2 10 8 10 8 8
left_child=1 2 -1 5 -3 -2
right_child=3 4 -4 -5 -6 -7
leaf_value=-0.021800318467761905 0 0.02105305948172783 -0.00080577395517820668 -0.001666068930310673 -0.0014508256566919408 0.022371803281910862
leaf_weight=19.260260321199894 1.7275417298078597 8.8610646873712504 43.956016402691603 2.3431012630462638 2.5910854935646066 19.961715545505285
leaf_count=124 8 33 398 11 12 116
internal_value=0.00126032 -0.00401085 -0.00835318 0.0173752 0.0146414 0.0205998
internal_weight=98.7008 74.6684 63.2163 24.0324 11.4522 21.6893
internal_count=702 567 522 135 45 124
is_linear=0
shrinkage=0.03


Tree=56
num_leaves=6
num_cat=0
split_feature=21 24 15 20 17
split_gain=10.98 10.1628 5.46941 4.4879 0.155806
threshold=0.11378600000000001 0.91177750000000013 0.087699000000000013 1.0000000180025095e-35 0.1191485
decision_type=10 2 10 8 10
left_child=1 2 -1 -3 -2
right_child=4 3 -4 -5 -6
leaf_value=-0.0029783256361135754 0.0020183183362116022 -0.011426511296063112 -0.024732124343277779 0.013774704146738996 0.024601139224602359
leaf_weight=35.064689673483372 4.0263583064079311 4.2028840705752364 15.555371060967444 29.339274246245623 12.862377792596815
leaf_count=328 17 31 97 199 44
internal_value=0.00158856 -0.00274342 -0.0112324 0.00911714 0.0218422
internal_weight=101.051 84.1622 50.6201 33.5422 16.8887
internal_count=716 655 425 230 61
is_linear=0
shrinkage=0.03


Tree=57
num_leaves=7
num_cat=0
split_feature=21 19 20 23 22 24
split_gain=9.7234 7.36264 4.24388 3.0987 1.4905 1.48393
threshold=0.046415500000000005 0.38384450000000003 0.0062210000000000008 0.011920000000000002 0.36700350000000009 0.9043230000000001
decision_type=10 10 8 10 10 2
left_child=1 2 -1 -2 -5 -3
right_child=3 5 -4 4 -6 -7
leaf_value=-0.018477927311588403 -0.0011490153668681721 -0.028194374622045187 0.0030313743058607836 0.02600716335740565 0 0
leaf_weight=6.4838568419218054 3.2360774576663998 8.5567294061183912 60.267331995069981 14.320134893059732 3.4185350239276877 2.3926354721188536
leaf_count=48 17 67 496 50 14 12
internal_value=0.000809098 -0.00389578 0 0.0177961 0.0223651 -0.0237241
internal_weight=98.6753 77.7006 66.7512 20.9747 17.7387 10.9494
internal_count=704 623 544 81 64 79
is_linear=0
shrinkage=0.03


Tree=58
num_leaves=7
num_cat=0
split_feature=25 9 18 15 19 20
split_gain=9.96221 5.72852 7.23037 2.32906 1.1008 0.881838
threshold=0.42699750000000009 7.9372940000000005 0.26234300000000005 0.17027000000000003 0.0097775000000000032 0.36828450000000007
decision_type=2 10 10 8 8 10
left_child=1 2 -1 -3 -2 -6
right_child=4 3 -4 -5 5 -7
leaf_value=-0.013490065996993825 0 0.020456640293799035 0.0093587351636791969 -0.0018935391458602961 0.018222243167812676 0
leaf_weight=48.593220248818398 1.6970506310462976 7.4246066659688923 12.482885435223578 2.609621837735177 25.967220984399322 1.9046025276184071
leaf_count=460 8 28 57 12 152 8
internal_value=0.001511 -0.00429718 -0.00813245 0.0132444 0.0155094 0.0169073
internal_weight=100.679 71.1103 61.0761 10.0342 29.5689 27.8718
internal_count=725 557 517 40 168 160
is_linear=0
shrinkage=0.03


Tree=59
num_leaves=7
num_cat=0
split_feature=25 25 9 19 16 22
split_gain=13.3466 5.13625 4.80419 3.51999 2.5177 2.0648
threshold=0.16466150000000004 0.033283000000000007 8.4592630000000018 0.50061250000000013 0.11392400000000001 0.11148500000000001
decision_type=2 2 10 10 10 10
left_child=1 -1 -3 4 -2 -5
right_child=3 2 -4 5 -6 -7
leaf_value=0 0.0050075614712482633 -0.0241754351079616 0.006501746758504433 -0.019090294291742211 0.021231645413605199 0.0048463458604974486
leaf_weight=14.472365502268074 34.17666394636035 24.616948410868648 2.4706850647926322 3.4194416329264632 15.863492362201212 1.7444654256105421
leaf_count=104 268 227 10 25 63 6
internal_value=-0.00028182 -0.012909 -0.020011 0.00888446 0.0116264 -0.0085199
internal_weight=96.7641 41.56 27.0876 55.2041 50.0402 5.16391
internal_count=703 341 237 362 331 31
is_linear=0
shrinkage=0.03


Tree=60
num_leaves=5
num_cat=0
split_feature=3 22 23 25
split_gain=12.4449 8.46893 7.22138 1.66272
threshold=1.5000000000000002 0.044107500000000001 0.0097775000000000015 0.65401100000000012
decision_type=10 8 10 2
left_child=1 3 -3 -1
right_child=-2 2 -4 -5
leaf_value=-0.016871542186280602 0.026175248055099864 -0.0054389813887026758 0.01545301277412898 0
leaf_weight=34.724781781435013 10.473754823207853 33.390638213604689 21.285056978464127 3.0492401570081702
leaf_count=223 44 393 80 12
internal_value=-0.000508247 -0.00457324 0.00255479 -0.0150553
internal_weight=102.923 92.4497 54.6757 37.774
internal_count=752 708 473 235
is_linear=0
shrinkage=0.03


Tree=61
num_leaves=7
num_cat=0
split_feature=22 25 20 19 23 9
split_gain=9.32647 6.42809 5.25786 3.19528 2.29668 2.1378
threshold=0.044107500000000001 0.16466150000000004 0.46438650000000009 0.39239600000000002 0.0097775000000000015 8.4592630000000018
decision_type=10 2 10 10 10 10
left_child=1 5 4 -3 -2 -1
right_child=2 3 -4 -5 -6 -7
leaf_value=-0.016394027557413249 0 0.0066352518226424351 -0.010146467023675342 -0.014400625912689861 0.0226405529850058 0.0041210807603557905
leaf_weight=30.251013487577442 3.0570204406976762 35.239304009824991 3.1753739193081847 4.330565594136714 22.356039926409721 1.5197089314460743
leaf_count=303 16 271 19 29 82 6
internal_value=0.000838404 -0.00468559 0.0147087 0.00277574 0.0196136 -0.014279
internal_weight=99.929 71.3406 28.5884 39.5699 25.4131 31.7707
internal_count=726 609 117 300 98 309
is_linear=0
shrinkage=0.03


Tree=62
num_leaves=7
num_cat=0
split_feature=23 23 24 9 15 2
split_gain=9.41455 8.11946 6.59016 3.84495 3.55623 2.5884
threshold=0.0063255000000000013 0.57592050000000017 0.96457100000000007 8.4592630000000018 0.15143850000000003 0.47222200000000009
decision_type=10 10 2 8 10 10
left_child=2 5 3 -1 -3 -2
right_child=1 4 -4 -5 -6 -7
leaf_value=-0.019326716624419579 0.023345254906423335 0.0084782703054308694 0.01756754236823619 -0.0017269927910739157 -0.016240509575873727 0
leaf_weight=21.769410021603107 24.976613312959675 5.3186311870813361 5.3426102362573138 29.373899918049574 8.5950582623481733 4.6273998171091071
leaf_count=155 91 23 33 352 51 21
internal_value=0.00109833 0.0114192 -0.00652359 -0.0104283 -0.00519 0.0199048
internal_weight=100.004 43.5177 56.4859 51.1433 13.9137 29.604
internal_count=726 186 540 507 74 112
is_linear=0
shrinkage=0.03


Tree=63
num_leaves=7
num_cat=0
split_feature=22 24 2 3 22 16
split_gain=11.1806 8.97821 4.0138 2.83267 1.41102 0.929373
threshold=0.0022595000000000007 0.84532750000000012 0.47222200000000009 2.5000000000000004 0.13270100000000004 0.16820100000000002
decision_type=8 2 8 10 10 10
left_child=3 4 -3 5 -2 -1
right_child=1 2 -4 -5 -6 -7
leaf_value=-0.026282804559950541 -0.01986920871688615 0.017673120901423433 0.0014954596745915835 0.0048955923449096181 0 -0.0054214190270330011
leaf_weight=12.706658877432352 9.317997142672537 29.514391660690308 32.924486171454191 1.4149966686964024 1.6812012940645207 9.3258015811443311
leaf_count=97 115 114 311 6 8 62
internal_value=-0.000239734 0.00528635 0.0100606 -0.0173183 -0.0160206 -0.0203591
internal_weight=96.8855 73.4381 62.4389 23.4475 10.9992 22.0325
internal_count=713 548 425 165 123 159
is_linear=0
shrinkage=0.03


Tree=64
num_leaves=6
num_cat=0
split_feature=3 25 18 18 2
split_gain=9.34886 5.56146 5.20514 2.76379 2.42368
threshold=1.0000000180025095e-35 0.42699750000000009 0.26234300000000005 0.36597200000000008 0.32575750000000009
decision_type=10 2 10 10 10
left_child=1 2 -1 -2 -3
right_child=3 4 -4 -5 -6
leaf_value=-0.011747786043064409 0.027415322129168033 0.015686623808287281 0.0073953637459264303 0 -0.0014818311832003504
leaf_weight=48.734084468334913 11.120567724108694 14.56753344461322 12.670542307198046 2.3442963212728491 7.033500224351882
leaf_count=454 46 106 58 11 33
internal_value=0.00135321 -0.00233897 -0.0071714 0.0222151 0.00937795
internal_weight=96.4705 83.0057 61.4046 13.4649 21.601
internal_count=708 651 512 57 139
is_linear=0
shrinkage=0.03


Tree=65
num_leaves=7
num_cat=0
split_feature=21 19 19 2 24 20
split_gain=8.86915 7.07329 4.53141 2.28857 0.491717 0.234528
threshold=0.046415500000000005 0.38384450000000003 0.0041160000000000007 1.0000000180025095e-35 0.87725800000000009 0.14222300000000002
decision_type=10 10 8 10 2 10
left_child=1 2 -1 4 -2 -3
right_child=3 5 -4 -5 -6 -7
leaf_value=-0.019055676850312495 -0.0032975133123089597 0 0.0023150956499957396 0.023686582756702813 0.0063544350254683213 -0.027224827059694593
leaf_weight=7.3371906951069823 3.1419802010059374 1.6453923955559719 59.037774842232466 11.665767878293989 6.5081729143857956 8.2989121824502927
leaf_count=58 16 9 502 41 28 68
internal_value=0 -0.00477098 -0.000336703 0.015938 0.000803611 -0.0251131
internal_weight=97.6352 76.3193 66.375 21.3159 9.65015 9.9443
internal_count=722 637 560 85 44 77
is_linear=0
shrinkage=0.03


Tree=66
num_leaves=6
num_cat=0
split_feature=4 18 24 18 21
split_gain=9.17408 6.46392 6.98248 0.603143 0.567494
threshold=1.0000000180025095e-35 0.26234300000000005 0.84532750000000012 0.30255550000000003 0.090908500000000017
decision_type=10 8 2 10 10
left_child=1 4 -3 -2 -1
right_child=3 2 -4 -5 -6
leaf_value=-0.015740730131511418 0.02182172949260567 -0.015942884496527161 0.0093158121036904171 0 0
leaf_weight=24.201393529772762 13.768873006105425 9.5030856244266015 38.235097650438547 2.487493395805358 5.5188919305801383
leaf_count=162 58 120 327 11 25
internal_value=0.00084694 -0.00331418 0.00305102 0.0196592 -0.0137975
internal_weight=93.7148 77.4585 47.7382 16.2564 29.7203
internal_count=703 634 447 69 187
is_linear=0
shrinkage=0.03


Tree=67
num_leaves=7
num_cat=0
split_feature=24 22 9 2 20 16
split_gain=11.4315 6.07729 3.56304 2.78348 2.05833 0.992464
threshold=0.85071050000000004 0.0022595000000000007 7.9813810000000007 0.47222200000000009 0.014325500000000003 0.021365500000000003
decision_type=2 10 8 10 8 8
left_child=4 2 -2 -3 -1 -6
right_child=1 3 -4 -5 5 -7
leaf_value=0.0010356724563787333 -0.011011842512864276 0.019331073097583671 0.0053195571046313964 0 0 -0.023459373792940798
leaf_weight=1.2775297015905405 16.84580859541893 26.864077746868134 26.141950212419033 8.1086005568504316 2.2127522155642536 14.983886636793612
leaf_count=5 112 104 274 37 15 170
internal_value=0.000882473 0.0062964 -0.000728817 0.0150971 -0.018255 -0.0211145
internal_weight=96.4346 77.9604 42.9878 34.9727 18.4742 17.1966
internal_count=717 527 386 141 190 185
is_linear=0
shrinkage=0.03


Tree=68
num_leaves=6
num_cat=0
split_feature=25 20 9 2 22
split_gain=9.40605 7.10111 2.93588 2.7983 2.39207
threshold=0.16466150000000004 0.47203500000000004 8.4592630000000018 0.70833350000000006 0.33266900000000005
decision_type=2 10 10 8 10
left_child=2 3 4 -2 -1
right_child=1 -3 -4 -5 -6
leaf_value=-0.0153178693228873 0.019302053129924026 -0.017376615744809032 0.0072887897395409315 0.0031831714756252465 0.0035389298392457668
leaf_weight=35.290598198771477 23.92366773635149 5.0567486211657515 3.6607685089111319 25.769253611564636 3.1214471757411948
leaf_count=327 97 36 16 236 12
internal_value=0 0.0081604 -0.010124 0.0121697 -0.0129157
internal_weight=96.8225 54.7497 42.0728 49.6929 38.412
internal_count=724 369 355 333 339
is_linear=0
shrinkage=0.03


Tree=69
num_leaves=5
num_cat=0
split_feature=3 20 5 22
split_gain=7.98747 5.102 4.28079 0.515579
threshold=1.5000000000000002 0.47980200000000006 1.0000000180025095e-35 0.11690700000000001
decision_type=10 10 8 8
left_child=1 2 -1 -3
right_child=-2 3 -4 -5
leaf_value=-0.012032961333224445 0.023812695839498341 -0.022485370579202312 0.0039724035655208101 0
leaf_weight=16.428837284445763 8.7189013510942441 8.0868379250168765 62.878759983927011 1.3043317049741752
leaf_count=90 41 67 523 6
internal_value=0.000244628 -0.00244816 0 -0.0203697
internal_weight=97.4177 88.6988 79.3076 9.39117
internal_count=727 686 613 73
is_linear=0
shrinkage=0.03


Tree=70
num_leaves=6
num_cat=0
split_feature=20 18 7 21 23
split_gain=5.29217 5.03474 5.29746 1.44916 1.07078
threshold=0.47980200000000006 0.27271100000000004 16.375431000000003 0.14425450000000004 0.51918300000000006
decision_type=10 10 10 8 8
left_child=1 2 -1 -2 -3
right_child=3 4 -4 -5 -6
leaf_value=-0.0053024148765405225 -0.022727987587061925 0.021068486859352448 0.016121254523016267 0 0
leaf_weight=58.682612039148808 8.26022012531757 9.6957661285996402 9.2160255312919599 1.4567909240722663 4.7140875533223161
leaf_count=520 70 36 42 6 21
internal_value=-0.000573396 0.00181766 -0.00141229 -0.0188369 0.016381
internal_weight=92.0255 82.3085 67.8986 9.71701 14.4099
internal_count=695 619 562 76 57
is_linear=0
shrinkage=0.03


Tree=71
num_leaves=6
num_cat=0
split_feature=20 23 23 24 24
split_gain=8.32692 5.98437 3.58636 3.5463 1.55907
threshold=0.47203500000000004 0.0063255000000000013 0.51918300000000006 0.97283200000000003 0.90237400000000012
decision_type=10 10 10 2 2
left_child=1 3 -3 -1 -2
right_child=4 2 -4 -5 -6
leaf_value=-0.0048565913798342903 -0.026669188639030748 0.020086191150028302 0 0.018549193666140017 0
leaf_weight=44.692907743155956 6.9841237440705282 22.786413609981537 11.729647129774092 3.3981250822544089 2.3838528990745544
leaf_count=455 59 86 60 18 14
internal_value=0.00116289 0.00474157 0.0138303 -0.00162347 -0.0214641
internal_weight=91.9751 82.6071 34.5161 48.091 9.36798
internal_count=692 619 146 473 73
is_linear=0
shrinkage=0.03


Tree=72
num_leaves=7
num_cat=0
split_feature=24 4 16 23 15 16
split_gain=8.39703 4.85377 4.80205 3.68403 0.604499 0.493498
threshold=0.84532750000000012 1.0000000180025095e-35 0.14243350000000002 0.71218550000000014 0.30061300000000007 0.62829750000000006
decision_type=2 10 8 10 10 10
left_child=4 2 -2 -3 5 -1
right_child=1 3 -4 -5 -6 -7
leaf_value=-0.020703676793689681 -0.010275265538183092 0.024705628071011586 0.006459034212968469 -0.0034691465315566574 0 0
leaf_weight=12.550890851765873 20.15477716177702 12.560618981719015 42.207197275012732 2.4562164247035971 2.3770033121109 1.3676489889621724
leaf_count=151 115 55 351 12 14 11
internal_value=0.000295773 0.0048468 0.000368308 0.0186218 -0.0171535 -0.0191765
internal_weight=93.6744 77.3788 62.362 15.0168 16.2955 13.9185
internal_count=709 533 466 67 176 162
is_linear=0
shrinkage=0.03


Tree=73
num_leaves=6
num_cat=0
split_feature=4 18 25 23 25
split_gain=9.12848 10.0414 4.25134 2.35056 1.39455
threshold=1.0000000180025095e-35 0.071565500000000018 0.15885200000000002 0.71218550000000014 0.58110250000000019
decision_type=10 8 2 8 2
left_child=1 4 -3 -2 -1
right_child=3 2 -4 -5 -6
leaf_value=-0.027036309530910144 0.022156263408089107 -0.0091200768661500765 0.0063711520186774447 0 0
leaf_weight=15.463674768805506 12.156917169690129 24.156595006585121 35.61469865962863 2.4143006056547174 2.5411043614149085
leaf_count=122 54 241 274 11 11
internal_value=-0.00181269 -0.00629794 0 0.0174084 -0.0241408
internal_weight=92.3473 77.7761 59.7713 14.5712 18.0048
internal_count=713 648 515 65 133
is_linear=0
shrinkage=0.03


Tree=74
num_leaves=5
num_cat=0
split_feature=20 25 25 2
split_gain=8.35318 5.87485 5.17201 2.63394
threshold=0.47980200000000006 0.15885200000000002 0.033283000000000007 0.58947350000000009
decision_type=10 2 2 8
left_child=1 2 -1 -3
right_child=-2 3 -4 -5
leaf_value=0.0070543536230237994 -0.024267128610054964 0.017459043583490836 -0.013718175249983222 0.001998225554199649
leaf_weight=14.566292610019444 7.7858854830265036 22.729611046612263 21.740097556263208 25.855688910931349
leaf_count=108 66 95 196 233
internal_value=0.00031002 0.00365682 -0.00471858 0.0104075
internal_weight=92.6776 84.8917 36.3064 48.5853
internal_count=698 632 304 328
is_linear=0
shrinkage=0.03


Tree=75
num_leaves=7
num_cat=0
split_feature=24 3 16 25 25 23
split_gain=8.40876 5.81215 4.41578 2.72511 1.26491 0.891551
threshold=0.85432050000000015 1.0000000180025095e-35 0.11712750000000001 0.21754000000000004 0.24440450000000005 0.51918300000000006
decision_type=2 10 8 2 2 8
left_child=3 2 -2 -1 -5 -3
right_child=1 5 -4 4 -6 -7
leaf_value=-0.023290746002272281 -0.0098361219512425671 0.025556319485168004 0.0065445733329528299 0.010701348555373269 -0.0076647503636548776 0
leaf_weight=11.633677430450918 19.063063986599445 9.3922070562839473 40.475596316158772 2.212800554931162 6.2164894044399261 2.1114233881235132
leaf_count=136 112 43 336 16 54 10
internal_value=7.45863e-05 0.00530381 0.000599857 -0.0154224 0 0.0224214
internal_weight=91.1053 71.0423 59.5387 20.063 8.42929 11.5036
internal_count=707 501 448 206 70 53
is_linear=0
shrinkage=0.03


Tree=76
num_leaves=6
num_cat=0
split_feature=4 23 21 19 24
split_gain=8.26249 6.56377 4.34178 0.691507 0.64685
threshold=1.0000000180025095e-35 0.0074560000000000008 0.090908500000000017 0.24211000000000002 0.96335550000000014
decision_type=10 8 10 8 2
left_child=1 4 -3 -2 -1
right_child=3 2 -4 -5 -6
leaf_value=-0.018372478899430642 0.022556010543369594 -0.0022823737831376765 0.016785002770614257 0 0
leaf_weight=19.020975634455684 10.790096759796139 47.56158023327589 10.286172881722448 2.0051429569721231 1.1226519420742977
leaf_count=148 49 456 37 9 8
internal_value=0 -0.00358783 0.00127545 0.0201193 -0.0172052
internal_weight=90.7866 77.9914 57.8478 12.7952 20.1436
internal_count=707 649 493 58 156
is_linear=0
shrinkage=0.03


Tree=77
num_leaves=4
num_cat=0
split_feature=3 24 16
split_gain=8.47912 4.95702 3.69009
threshold=1.5000000000000002 0.96457100000000007 0.16651950000000001
decision_type=10 2 8
left_child=1 2 -1
right_child=-2 -3 -4
leaf_value=-0.015973895732058041 0.022840294710707917 0.017853194171915134 -0.0017333822577443915
leaf_weight=25.891083329916 8.0152783691883069 4.3754713684320441 53.372895769774914
leaf_count=159 40 26 491
internal_value=-0.00154193 -0.00493474 -0.00716254
internal_weight=91.6547 83.6395 79.264
internal_count=716 676 650
is_linear=0
shrinkage=0.03


Tree=78
num_leaves=7
num_cat=0
split_feature=25 3 21 21 15 20
split_gain=8.86827 6.35574 3.41403 1.2679 0.794467 0.0855679
threshold=0.48144250000000005 1.5000000000000002 0.20346050000000002 0.0011505000000000003 0.072277500000000008 0.013324000000000001
decision_type=2 10 10 8 10 8
left_child=1 2 -1 4 -2 -5
right_child=3 -3 -4 5 -6 -7
leaf_value=-0.011698365432010513 0.007811729115897008 0.018202374271104483 0.0069560039241613417 0 -0.0077485575300047143 0.018913393007376312
leaf_weight=60.276267550885677 3.6144898384809521 5.0422275215387335 6.1204571574926367 1.2207855880260439 2.1862491369247437 14.624458856880665
leaf_count=546 16 26 23 5 12 102
internal_value=-0.000898546 -0.00631926 -0.00932014 0.0143659 0 0.0181785
internal_weight=93.0849 71.439 66.3967 21.646 5.80074 15.8452
internal_count=730 595 569 135 28 107
is_linear=0
shrinkage=0.03


Tree=79
num_leaves=5
num_cat=0
split_feature=4 25 17 15
split_gain=8.51356 4.78067 4.37161 1.18738
threshold=1.0000000180025095e-35 0.71528900000000017 0.17880100000000002 0.2283705
decision_type=10 2 8 8
left_child=1 2 -1 -2
right_child=3 -3 -4 -5
leaf_value=-0.017402259031509121 0.023175209947919363 0.015456730767308208 -0.00096031345341355493 0
leaf_weight=20.965751424431801 10.824580177664753 6.3623006455600253 49.409408330917358 2.2596753686666498
leaf_count=137 49 39 463 11
internal_value=0 -0.00404674 -0.00677869 0.0198795
internal_weight=89.8217 76.7375 70.3752 13.0843
internal_count=699 639 600 60
is_linear=0
shrinkage=0.03


Tree=80
num_leaves=6
num_cat=0
split_feature=21 19 15 25 22
split_gain=6.14245 6.0104 2.57184 1.40368 0.271069
threshold=0.11378600000000001 0.38384450000000003 0.091057000000000013 0.21754000000000004 0.33266900000000005
decision_type=10 10 8 2 10
left_child=1 2 -1 4 -2
right_child=3 -3 -4 -5 -6
leaf_value=0.00738556914516367 -0.0007136192177584059 -0.022280879572008177 -0.0040288780195129959 0.023117210962605116 0.0061917472106426076
leaf_weight=25.941000923514366 3.6651224344968787 9.3968429639935476 42.34547533839941 8.3195276707410795 3.3257554769515991
leaf_count=142 18 80 433 35 12
internal_value=0.000218023 -0.00303852 1.47907e-05 0.0161704 0.000441515
internal_weight=92.9937 77.6833 68.2865 15.3104 6.99088
internal_count=720 655 575 65 30
is_linear=0
shrinkage=0.03


Tree=81
num_leaves=6
num_cat=0
split_feature=20 25 22 23 22
split_gain=7.55367 6.03037 3.20466 3.05621 0.447378
threshold=0.46438650000000009 0.16466150000000004 0.044107500000000001 0.72840450000000012 0.20224550000000005
decision_type=10 2 10 10 8
left_child=1 2 -1 -3 -2
right_child=4 3 -4 -5 -6
leaf_value=-0.011426022383144894 -0.024628275513760171 0.012502943929286558 0.0053153358820811174 -0.007633646330691397 0
leaf_weight=25.775840021669865 7.8398352786898586 42.621191866695881 10.979929335415362 3.9668031409382811 1.3061570972204215
leaf_count=270 71 294 49 23 6
internal_value=-0.00011595 0.00269541 -0.00564661 0.0098253 -0.0225427
internal_weight=92.4898 83.3438 36.7558 46.588 9.14599
internal_count=713 636 319 317 77
is_linear=0
shrinkage=0.03


Tree=82
num_leaves=7
num_cat=0
split_feature=22 24 3 24 2 2
split_gain=7.65622 4.13687 2.65246 2.08366 1.38706 0.37061
threshold=0.040069000000000007 0.96457100000000007 1.5000000000000002 0.85432050000000015 0.47222200000000009 0.088346000000000022
decision_type=10 2 10 2 10 10
left_child=1 2 -1 5 -5 -2
right_child=3 -3 -4 4 -6 -7
leaf_value=-0.0099076241516236098 -0.0074114184820305642 0.013923921969877621 0.010550177654336789 0.019372148153413069 0 0.0022994268277942102
leaf_weight=57.698344714939594 2.5153283551335361 5.0731546059250823 2.4618321508169165 18.299568876624111 4.2755825072526923 2.7867794781923294
leaf_count=563 16 34 12 74 20 14
internal_value=0 -0.00544225 -0.00813413 0.0125583 0.0162398 0
internal_weight=93.1106 65.2333 60.1602 27.8773 22.5752 5.30211
internal_count=733 609 575 124 94 30
is_linear=0
shrinkage=0.03


Tree=83
num_leaves=7
num_cat=0
split_feature=25 20 18 3 22 23
split_gain=5.85584 5.7749 5.20174 2.93529 2.14922 1.09284
threshold=0.16466150000000004 0.47203500000000004 0.19394450000000005 1.5000000000000002 0.044107500000000001 0.74914100000000017
decision_type=2 10 10 8 10 10
left_child=2 5 3 -1 -4 -2
right_child=1 -3 4 -5 -6 -7
leaf_value=-0.021285823538607095 0.013840945883579016 -0.014565953879862901 -0.0014367670585618433 -0.00042775102675403695 0.018032826471035657 0
leaf_weight=13.57141584903002 44.808719925582409 4.5977001935243598 5.0852215364575368 14.712264366447924 6.2836470082402229 3.2570791244506827
leaf_count=104 314 37 30 190 24 17
internal_value=0.00252777 0.00908056 -0.00549836 -0.0124766 0.00875461 0.0126528
internal_weight=92.316 52.6635 39.6525 28.2837 11.3689 48.0658
internal_count=716 368 348 294 54 331
is_linear=0
shrinkage=0.03


Tree=84
num_leaves=5
num_cat=0
split_feature=3 22 20 16
split_gain=6.31838 3.87027 4.00048 2.39024
threshold=1.5000000000000002 0.044107500000000001 0.46438650000000009 0.11712750000000001
decision_type=10 10 10 8
left_child=1 3 -3 -1
right_child=-2 2 -4 -5
leaf_value=-0.01565060761175514 0.022484814425447745 0.013961180220173735 -0.012588683790939921 -0.0014114558760246233
leaf_weight=13.567000672221182 8.0452800244092924 19.149577818810943 2.958526909351348 48.753903724253178
leaf_count=101 44 75 21 482
internal_value=0.000945211 -0.00146528 0.0081338 -0.00554695
internal_weight=92.4743 84.429 22.1081 62.3209
internal_count=723 679 96 583
is_linear=0
shrinkage=0.03


Tree=85
num_leaves=7
num_cat=0
split_feature=24 20 20 3 20 5
split_gain=7.76028 3.54107 3.84371 1.72057 1.46431 1.46287
threshold=0.84532750000000012 0.019839500000000006 0.47980200000000006 1.0000000180025095e-35 0.22300750000000003 1.0000000180025095e-35
decision_type=2 8 8 8 8 10
left_child=4 3 -3 -2 5 -1
right_child=1 2 -4 -5 -6 -7
leaf_value=-0.012265751322720094 -0.015077424501880581 0.014406023282586789 0 0.0043875623758299377 -0.020143848088021624 0.0093631416950018444
leaf_weight=2.2363050058484104 6.9778701812028858 39.754684329032898 29.675590496510267 1.9627910852432258 10.799157194793223 3.0317285358905792
leaf_count=17 55 179 309 9 154 15
internal_value=0.00186586 0.00611428 0.00864543 -0.00826303 -0.0149849 0
internal_weight=94.4381 78.3709 69.4303 8.94066 16.0672 5.26803
internal_count=738 552 488 64 186 32
is_linear=0
shrinkage=0.03


Tree=86
num_leaves=7
num_cat=0
split_feature=24 22 16 21 19 19
split_gain=6.49028 3.90413 4.19129 1.20564 1.09035 1.70401
threshold=0.85071050000000004 0.044107500000000001 0.11712750000000001 0.042944500000000004 0.2856220000000001 0.19603050000000002
decision_type=2 10 8 10 8 10
left_child=4 2 -2 -3 5 -1
right_child=1 3 -4 -5 -6 -7
leaf_value=-0.012688124205460852 -0.012706053110439599 0 0.0052438716536172998 0.018561469467573633 -0.018366331565023264 0.0099959943273776972
leaf_weight=2.8666915446519878 13.544852398335932 7.2967403158545521 37.042699832469225 15.548282027244566 11.990662880241869 2.8961303606629372
leaf_count=21 95 34 331 64 158 15
internal_value=0.00052267 0.00484154 0 0.0143274 -0.0140132 0
internal_weight=91.1861 73.4326 50.5876 22.845 17.7535 5.76282
internal_count=718 524 426 98 194 36
is_linear=0
shrinkage=0.03


Tree=87
num_leaves=7
num_cat=0
split_feature=25 20 4 20 25 25
split_gain=6.51427 5.91934 2.99277 2.46239 2.32845 1.70805
threshold=0.15885200000000002 0.47203500000000004 1.0000000180025095e-35 0.19190950000000004 0.033283000000000007 0.71528900000000017
decision_type=2 10 8 10 2 2
left_child=2 5 3 -1 -4 -2
right_child=1 -3 4 -5 -6 -7
leaf_value=-0.02526513889070903 0.0057020829452717001 -0.017797698639998118 0.011125732269435241 -0.001607298456253223 -0.0077084369185362045 0.022798404174534458
leaf_weight=10.399029135704042 36.229172378778458 4.2696753814816466 6.8030549027025726 10.499979257583616 11.846220184117554 7.5462541319429866
leaf_count=80 265 35 64 73 138 41
internal_value=-0.000340638 0.00655777 -0.00929772 -0.0163282 0 0.0105638
internal_weight=87.5934 48.0451 39.5483 20.899 18.6493 43.7754
internal_count=696 341 355 153 202 306
is_linear=0
shrinkage=0.03


Tree=88
num_leaves=7
num_cat=0
split_feature=25 20 24 25 24 9
split_gain=6.33581 4.30521 3.34026 4.06787 2.06656 0.941369
threshold=0.16466150000000004 0.47203500000000004 0.86084600000000011 0.033283000000000007 0.82067500000000015 8.0951295000000005
decision_type=2 10 2 2 2 10
left_child=2 4 5 -4 -2 -1
right_child=1 -3 3 -5 -6 -7
leaf_value=-0.022166458333956768 -0.0063933276574385219 -0.012284318165597793 0.012140685528173973 -0.0089853702753255292 0.012608683605591664 0
leaf_weight=9.9853368960320932 1.7596081756055344 4.6967725753784171 9.5028836540877837 19.710878744721413 44.607430055737495 1.1559474766254414
leaf_count=125 21 36 59 169 301 5
internal_value=0.000564414 0.00768144 -0.00765762 -0.000691384 0.0109352 -0.0197807
internal_weight=91.4189 51.0638 40.355 29.2138 46.367 11.1413
internal_count=716 358 358 228 322 130
is_linear=0
shrinkage=0.03


Tree=89
num_leaves=7
num_cat=0
split_feature=24 19 20 16 25 22
split_gain=5.75322 5.84077 4.69768 2.09184 1.48227 0.847605
threshold=0.91177750000000013 0.0041160000000000007 0.26826050000000007 0.22396250000000004 0.13339050000000002 0.31478650000000002
decision_type=2 8 8 10 2 8
left_child=2 -2 3 -1 -3 -4
right_child=1 4 5 -5 -6 -7
leaf_value=-0.0037107972873374412 -0.012928044013152855 0 -0.021141500818214417 0.010850778452494313 0.018323395023221181 -0.0055174437177772338
leaf_weight=14.230446062982084 4.9465541616082183 7.2244548350572613 10.301018759608271 12.584222160279749 22.779428321868181 18.082257006317377
leaf_count=78 45 58 84 58 149 243
internal_value=6.94157e-05 0.00945516 -0.00553905 0.00252098 0.014894 -0.0136227
internal_weight=90.1484 34.9504 55.1979 26.8147 30.0039 28.3833
internal_count=715 252 463 136 207 327
is_linear=0
shrinkage=0.03


Tree=90
num_leaves=7
num_cat=0
split_feature=21 19 15 15 24 25
split_gain=5.13083 5.44907 2.53373 2.36373 0.672596 0.249776
threshold=0.11378600000000001 0.38384450000000003 0.15143850000000003 0.10075000000000002 0.9043230000000001 0.15885200000000002
decision_type=10 10 10 10 2 2
left_child=1 2 -1 -2 -3 -5
right_child=3 4 -4 5 -6 -7
leaf_value=0.002442452041004906 -0.0017495283494414686 -0.025080638193975772 -0.012376049354767008 0.0035860688476968688 0 0.024623209147817356
leaf_weight=56.924089945852757 2.8800041973590842 7.3011457547545415 9.5541464239358884 6.016657277941702 1.8536775112152097 6.6744309663772583
leaf_count=520 16 70 55 25 10 26
internal_value=0 -0.00351281 0 0.0140144 -0.0219842 0.0191542
internal_weight=91.2042 75.6331 66.4782 15.5711 9.15482 12.6911
internal_count=722 655 575 67 80 51
is_linear=0
shrinkage=0.03


Tree=91
num_leaves=6
num_cat=0
split_feature=25 20 20 24 25
split_gain=6.51467 4.93585 4.44602 0.447367 0.183465
threshold=0.59112300000000007 0.47203500000000004 0.10823300000000001 0.90093800000000013 0.73537500000000011
decision_type=2 10 10 2 2
left_child=1 2 -1 4 -2
right_child=3 -3 -4 -5 -6
leaf_value=-0.0055524177951814359 -0.00067070394491558917 -0.02247029821198282 0.0098083453155792637 0.020789161702062992 0.0054206766372988605
leaf_weight=47.550492316484451 1.4251996055245393 7.5830330252647391 22.394230164587498 9.4124750941991788 2.5516425259411335
leaf_count=462 12 74 114 56 13
internal_value=0 -0.0033455 -2.19629e-05 0.0173998 0
internal_weight=90.9171 77.5278 69.9447 13.3893 3.97684
internal_count=731 650 576 81 25
is_linear=0
shrinkage=0.03


Tree=92
num_leaves=6
num_cat=0
split_feature=24 20 20 20 23
split_gain=7.64933 3.44452 4.09108 1.88585 0.269821
threshold=0.84532750000000012 0.47980200000000006 0.027231500000000002 0.014325500000000003 0.82863950000000008
decision_type=2 10 8 8 10
left_child=3 2 -2 -1 -5
right_child=1 -3 -4 4 -6
leaf_value=0.00088740917054464636 -0.0070812240148388087 -0.013786790639209833 0.010458060558917655 -0.021676852479672611 0
leaf_weight=1.2624940648674936 10.572934307157992 4.2560896053910247 57.088738016784191 11.882224615663288 1.4604741558432586
leaf_count=5 74 30 415 162 10
internal_value=0.000490445 0.00496892 0.0071085 -0.016947 -0.0203233
internal_weight=86.523 71.9178 67.6617 14.6052 13.3427
internal_count=696 519 489 177 172
is_linear=0
shrinkage=0.03


Tree=93
num_leaves=7
num_cat=0
split_feature=24 22 3 2 16 16
split_gain=6.94172 5.39323 3.35541 1.97536 1.84026 0.850623
threshold=0.86084600000000011 0.0095365000000000016 1.0000000180025095e-35 0.41428550000000003 0.62829750000000006 0.076416000000000012
decision_type=2 10 8 10 10 8
left_child=4 2 -2 -3 5 -1
right_child=1 3 -4 -5 -6 -7
leaf_value=0 -0.011623405230805493 0.018514397705338144 0.0046568965218993013 0 0.0021555739931496528 -0.019153175941112131
leaf_weight=3.612712621688849 15.36189956218004 21.755687847733501 24.906289260834455 5.6984846517443648 1.8873853087425221 15.344775661826132
leaf_count=27 108 92 264 28 12 184
internal_value=0.000187458 0.00521065 -0.00123581 0.0148413 -0.0134765 -0.0164809
internal_weight=88.5672 67.7224 40.2682 27.4542 20.8449 18.9575
internal_count=715 492 372 120 223 211
is_linear=0
shrinkage=0.03


Tree=94
num_leaves=7
num_cat=0
split_feature=2 2 18 9 25 17
split_gain=2.95158 5.05084 3.97909 2.30279 2.04493 1.77022
threshold=0.41428550000000003 1.0000000180025095e-35 0.10277600000000002 8.6592935000000022 0.20818250000000002 0.40742450000000002
decision_type=10 10 10 10 2 10
left_child=1 4 -3 5 -1 -2
right_child=3 2 -4 -5 -6 -7
leaf_value=-0.0058334776820568824 -0.016834507873336901 -0.0016760758006917323 0.025255134849821236 0.0076329563751453243 0.0057575981846519656 0
leaf_weight=29.550984974950552 14.736773304641252 4.0554781705141059 11.229752629995344 2.4517537504434577 19.613631393760443 3.9637693278491488
leaf_count=291 107 22 42 12 193 31
internal_value=0.000299282 0.00382304 0.0173664 -0.00833654 -0.000569069 -0.0125785
internal_weight=85.6021 64.4498 15.2852 21.1523 49.1646 18.7005
internal_count=698 548 64 150 484 138
is_linear=0
shrinkage=0.03


Tree=95
num_leaves=5
num_cat=0
split_feature=3 22 20 19
split_gain=5.3477 3.38059 3.84191 1.66999
threshold=1.5000000000000002 0.040069000000000007 0.44652100000000006 0.13508500000000004
decision_type=10 8 8 10
left_child=1 3 -3 -1
right_child=-2 2 -4 -5
leaf_value=0 0.021000435097006862 0.011957455968092456 -0.003647474209831426 -0.015219006276846117
leaf_weight=14.093503661453726 7.0074434876441947 19.732957907021046 31.393455397337675 17.26936936751008
leaf_count=91 41 81 381 128
internal_value=0 -0.00216165 0.00215014 -0.00963764
internal_weight=89.4967 82.4893 51.1264 31.3629
internal_count=722 681 462 219
is_linear=0
shrinkage=0.03


Tree=96
num_leaves=5
num_cat=0
split_feature=3 21 0 24
split_gain=5.137 4.46072 1.98188 1.36784
threshold=1.5000000000000002 0.062116500000000012 1.0000000180025095e-35 0.89815900000000004
decision_type=10 8 10 2
left_child=1 3 -3 -1
right_child=-2 2 -4 -5
leaf_value=-0.0170219836407439 0.019394454045590922 -0.00053442717263041894 0.014587424834112005 -0.0025669333762462073
leaf_weight=19.408074431121349 5.9144691526889792 35.706100765615702 6.0172258988022795 17.491364687681198
leaf_count=147 35 395 24 102
internal_value=-0.00171682 -0.00432695 0.00180784 -0.01163
internal_weight=84.5372 78.6228 41.7233 36.8994
internal_count=703 668 419 249
is_linear=0
shrinkage=0.03


Tree=97
num_leaves=5
num_cat=0
split_feature=3 8 24 16
split_gain=4.87462 3.16241 3.02313 0.167041
threshold=1.5000000000000002 1.0000000180025095e-35 0.91177750000000013 0.34860800000000008
decision_type=10 10 2 10
left_child=1 2 -1 -3
right_child=-2 3 -4 -5
leaf_value=-0.004988498938471744 0.019783141605799373 -0.02001408932684352 0.0074378571612772181 0
leaf_weight=47.866602383553982 6.2430039420723906 6.4273913577198973 23.475628271698952 1.3641445040702818
leaf_count=424 38 56 184 6
internal_value=-0.00047277 -0.00310028 -0.000360845 -0.0183302
internal_weight=85.3768 79.1338 71.3422 7.79154
internal_count=708 670 608 62
is_linear=0
shrinkage=0.03


Tree=98
num_leaves=5
num_cat=0
split_feature=3 22 24 6
split_gain=5.55033 4.70559 3.07212 0.896002
threshold=1.5000000000000002 0.040069000000000007 0.85432050000000015 1.0000000180025095e-35
decision_type=10 8 2 10
left_child=1 3 -3 -1
right_child=-2 2 -4 -5
leaf_value=-0.0061363967738951664 0.020659802655948741 -0.0093406201551363682 0.006498356483036918 -0.022806744627211516
leaf_weight=24.355850785970691 6.9175430908799163 11.012003153562544 39.2949273660779 5.7156077548861495
leaf_count=162 43 140 317 50
internal_value=-0.000196906 -0.00303045 0.00213793 -0.0119935
internal_weight=87.2959 80.3784 50.3069 30.0715
internal_count=712 669 457 212
is_linear=0
shrinkage=0.03


Tree=99
num_leaves=7
num_cat=0
split_feature=24 21 19 15 25 25
split_gain=5.66599 5.45186 3.53673 3.18148 1.25574 0.79503
threshold=0.92528900000000014 0.080088500000000021 1.0000000180025095e-35 0.054189000000000008 0.21754000000000004 0.099967500000000015
decision_type=2 10 8 10 2 2
left_child=1 3 -2 -1 -3 -4
right_child=2 4 5 -5 -6 -7
leaf_value=-0.0025376000483688416 -0.0088579754908986955 0 0 -0.019275377101295905 0.017699996393280536 0.018636492966366144
leaf_weight=32.271218664944172 2.9684245064854649 7.6203764006495458 5.3586234152317074 17.930614609271288 5.3793015703558922 16.581504695117474
leaf_count=352 31 35 43 125 23 111
internal_value=-1.73247e-05 -0.00511002 0.0109899 -0.00982954 0.00966637 0.0156206
internal_weight=88.1101 63.2015 24.9086 50.2018 12.9997 21.9401
internal_count=720 535 185 477 58 154
is_linear=0
shrinkage=0.03


Tree=100
num_leaves=6
num_cat=0
split_feature=2 24 24 2 25
split_gain=4.27833 3.72466 3.49549 2.79507 1.375
threshold=0.70833350000000006 0.8008820000000002 0.96542850000000013 1.0000000180025095e-35 0.5647215000000001
decision_type=10 2 2 10 2
left_child=1 -1 4 -3 -2
right_child=2 3 -4 -5 -6
leaf_value=-0.017818419415640479 -0.023123815146898055 0 0.0086145704198268332 0.012743458167697364 0
leaf_weight=3.907856196165084 10.907708141952751 45.392942748963833 1.6509851664304722 22.470273904502392 2.1075658798217765
leaf_count=59 100 438 9 104 10
internal_value=-0.000326669 0.00248499 -0.0138695 0.00478234 -0.0196742
internal_weight=86.4373 71.7711 14.6663 67.8632 13.0153
internal_count=720 601 119 542 110
is_linear=0
shrinkage=0.03


Tree=101
num_leaves=7
num_cat=0
split_feature=24 23 23 25 17 25
split_gain=5.75668 5.28454 5.9516 2.864 2.26736 0.831045
threshold=0.91177750000000013 0.0074560000000000008 0.25328250000000002 0.28931700000000005 0.0042220000000000009 0.49803750000000008
decision_type=2 8 8 2 10 2
left_child=1 5 -3 4 -2 -1
right_child=3 2 -4 -5 -6 -7
leaf_value=-0.024653380384525487 -0.0085768909006526898 0.016370580883104353 -0.0071127292255670034 0.017378655462959948 0.010133517546489076 0
leaf_weight=9.7282430492341501 9.3230035342276114 10.068467728793619 33.781606253236532 15.277894672006367 8.0441859513521177 1.199023813009261
leaf_count=96 108 41 334 100 40 6
internal_value=-6.39377e-05 -0.00622476 -0.000377357 0.00908593 0 -0.0224
internal_weight=87.4224 54.7773 43.8501 32.6451 17.3672 10.9273
internal_count=725 477 375 248 148 102
is_linear=0
shrinkage=0.03


Tree=102
num_leaves=5
num_cat=0
split_feature=3 22 18 25
split_gain=5.38635 4.32049 3.54251 2.23668
threshold=1.5000000000000002 0.040069000000000007 0.29332350000000001 0.20818250000000002
decision_type=10 8 10 2
left_child=1 3 -3 -1
right_child=-2 2 -4 -5
leaf_value=-0.018866934434337398 0.020621104323124625 -0.001074420922685397 0.017348391763235903 -0.0007527561001881497
leaf_weight=14.5276519022882 6.94892793893814 41.20652399212122 8.3172457143664342 15.612005446106194
leaf_count=131 44 422 33 89
internal_value=0 -0.00273233 0.00226259 -0.0113068
internal_weight=86.6124 79.6634 49.5238 30.1397
internal_count=719 675 455 220
is_linear=0
shrinkage=0.03


Tree=103
num_leaves=6
num_cat=0
split_feature=24 20 20 20 4
split_gain=5.97948 2.90422 1.98186 1.91483 1.01985
threshold=0.84532750000000012 0.019839500000000006 0.014325500000000003 0.49310850000000006 1.5000000000000002
decision_type=2 8 8 10 10
left_child=2 4 -1 -3 -2
right_child=1 3 -4 -5 -6
leaf_value=0.0022518428036013413 -0.015734557170605439 0.0077962850735762068 -0.019724775077939634 -0.0071163022485964764 0
leaf_weight=1.1306551843881578 5.2715728506445876 61.692058138549328 12.543275702744722 4.3443737849593154 1.3153921663761137
leaf_count=4 48 454 169 31 7
internal_value=0 0.00380849 -0.0160302 0.00611406 -0.0108566
internal_weight=86.2973 72.6234 13.6739 66.0364 6.58697
internal_count=713 540 173 485 55
is_linear=0
shrinkage=0.03


Tree=104
num_leaves=5
num_cat=0
split_feature=24 3 17 23
split_gain=5.4822 3.29319 3.21302 1.90362
threshold=0.82067500000000015 1.0000000180025095e-35 0.0089760000000000031 0.61503100000000011
decision_type=2 10 8 8
left_child=-1 2 -2 -3
right_child=1 3 -4 -5
leaf_value=-0.018822906226453731 -0.015819578215337349 0.022783909591588911 0.0038145867792070249 0
leaf_weight=6.90789034590125 5.1698544546961775 9.052423939108845 64.130755767226219 1.6938741430640227
leaf_count=96 51 52 499 9
internal_value=0.00178137 0.00453644 0.0013393 0.0181798
internal_weight=86.9548 80.0469 69.3006 10.7463
internal_count=707 611 550 61
is_linear=0
shrinkage=0.03


Tree=105
num_leaves=7
num_cat=0
split_feature=24 25 25 23 21 19
split_gain=5.3362 3.5883 4.28429 1.35589 0.987844 0.529614
threshold=0.85071050000000004 0.28514000000000006 0.033283000000000007 0.57592050000000017 0.3197020000000001 0.2856220000000001
decision_type=2 2 2 10 10 8
left_child=4 2 -2 -3 5 -1
right_child=1 3 -4 -5 -6 -7
leaf_value=-1.1654973016145326e-05 0.013521162745333649 0.013735197307702783 -0.0070117899301528688 0 0 -0.019533358130451355
leaf_weight=4.9804820641875258 8.9809148833155614 26.172574143856767 32.286997973918915 3.3732584863901129 0.86512026190757829 10.222521740943193
leaf_count=34 59 178 271 17 3 157
internal_value=0 0.00390087 -0.00125213 0.011472 -0.013891 -0.0158421
internal_weight=86.8819 70.8137 41.2679 29.5458 16.0681 15.203
internal_count=719 525 330 195 194 191
is_linear=0
shrinkage=0.03


Tree=106
num_leaves=6
num_cat=0
split_feature=2 24 9 2 24
split_gain=5.77862 3.95655 3.80289 1.5343 1.07968
threshold=0.47222200000000009 0.8008820000000002 8.6592935000000022 1.0000000180025095e-35 0.94896700000000012
decision_type=10 2 10 10 2
left_child=1 -1 4 -3 -2
right_child=2 3 -4 -5 -6
leaf_value=-0.016658658209341388 -0.020367161649360095 0.0028941678038817962 0.0097665631248919742 0.014671860828513504 0
leaf_weight=3.5810137800872317 15.466686639934784 45.293442290276289 2.2324860244989386 16.262578971683979 3.3566543981432906
leaf_count=52 123 423 12 72 25
internal_value=0 0.00459011 -0.0125107 0.00700767 -0.0175069
internal_weight=86.1929 65.137 21.0558 61.556 18.8233
internal_count=707 547 160 495 148
is_linear=0
shrinkage=0.03


Tree=107
num_leaves=4
num_cat=0
split_feature=3 24 6
split_gain=3.81497 3.07568 3.05091
threshold=1.5000000000000002 0.80843500000000013 1.0000000180025095e-35
decision_type=10 2 10
left_child=1 -1 -3
right_child=-2 2 -4
leaf_value=-0.018400575845084817 0.019396906146738807 0.0031104014889926099 -0.015113615930295714
leaf_weight=5.2247995696961871 6.1759470403194419 68.548986099660397 6.1557829603552809
leaf_count=76 41 542 53
internal_value=0.000906936 -0.000809988 0.000697114
internal_weight=86.1055 79.9296 74.7048
internal_count=712 671 595
is_linear=0
shrinkage=0.03


Tree=108
num_leaves=7
num_cat=0
split_feature=21 24 18 15 15 22
split_gain=3.76765 2.99998 3.88818 2.85335 1.75124 0.548736
threshold=0.080088500000000021 0.91177750000000013 0.06665550000000002 0.054924500000000008 0.059216000000000005 0.36700350000000009
decision_type=10 2 8 10 10 8
left_child=1 3 -3 -1 -2 -6
right_child=4 2 -4 -5 5 -7
leaf_value=-0.00030871757236855188 0 -0.008353926352294606 0.01234479010125007 -0.017080772768929317 0.019664703741680445 0
leaf_weight=27.041537947952747 3.247863568365573 9.0978388041257876 18.010179657489061 14.804371401667593 9.8982715308666194 2.1850515753030786
leaf_count=296 18 72 152 109 45 10
internal_value=0.000185447 -0.00257227 0.00426138 -0.00765704 0.0126163 0.0172609
internal_weight=84.2851 68.9539 27.108 41.8459 15.3312 12.0833
internal_count=702 629 224 405 73 55
is_linear=0
shrinkage=0.03


Tree=109
num_leaves=5
num_cat=0
split_feature=21 20 24 22
split_gain=4.78019 3.32182 2.07614 0.994358
threshold=0.11378600000000001 0.47980200000000006 0.96457100000000007 0.073427000000000006
decision_type=10 10 2 10
left_child=1 2 -1 -2
right_child=3 -3 -4 -5
leaf_value=-0.002195141432849327 0 -0.02063309523565296 0.014518636592134596 0.018495007824792589
leaf_weight=59.927504267543554 2.2856314703822127 5.3483025170862666 4.4258644990622988 10.547128506004809
leaf_count=542 14 63 33 45
internal_value=0.000125537 -0.00278635 -4.77101e-06 0.0153675
internal_weight=82.5344 69.7017 64.3534 12.8328
internal_count=697 638 575 59
is_linear=0
shrinkage=0.03


Tree=110
num_leaves=5
num_cat=0
split_feature=3 21 23 17
split_gain=5.73409 5.03418 2.23431 1.66912
threshold=1.5000000000000002 0.11378600000000001 0.014006000000000003 0.31178900000000004
decision_type=10 8 10 10
left_child=1 3 -3 -1
right_child=-2 2 -4 -5
leaf_value=-0.016577245659215645 0.018982164343673964 -0.0025021454451069208 0.011822425414908244 -5.4803843158095674e-05
leaf_weight=29.235348243266344 5.9430132284760466 29.275569770485163 10.305338546633719 11.182717107236384
leaf_count=204 40 367 41 81
internal_value=-0.00324762 -0.00588691 0.00109305 -0.0130165
internal_weight=85.942 79.999 39.5809 40.4181
internal_count=733 693 408 285
is_linear=0
shrinkage=0.03


Tree=111
num_leaves=7
num_cat=0
split_feature=4 19 25 19 9 16
split_gain=3.52335 4.94847 3.12283 1.86888 0.414327 0.0897962
threshold=1.0000000180025095e-35 0.053732500000000009 0.43336350000000007 0.24211000000000002 8.0951295000000005 0.13722500000000001
decision_type=10 8 2 8 10 8
left_child=1 5 -3 4 -2 -1
right_child=3 2 -4 -5 -6 -7
leaf_value=-0.020983329879833944 0 -0.0024650476339188056 0.011583077858452976 -0.00072316819797867734 0.021562494292681349 -0.00046514086645656709
leaf_weight=7.7430264577269527 2.575478203594681 44.438235186040401 16.532353736460209 2.3172780275344858 7.6242682859301567 3.6256659328937539
leaf_count=69 14 431 118 12 42 23
internal_value=0.000369647 -0.00198036 0.00123975 0.0136415 0.0186004 -0.0179909
internal_weight=84.8563 72.3393 60.9706 12.517 10.1997 11.3687
internal_count=709 641 549 68 56 92
is_linear=0
shrinkage=0.03


Tree=112
num_leaves=7
num_cat=0
split_feature=25 25 23 19 15 25
split_gain=3.38463 1.84449 2.28305 1.46399 1.3292 0.779329
threshold=0.16466150000000004 0.033283000000000007 0.11923600000000002 0.51173900000000005 0.053282500000000003 0.029930000000000002
decision_type=2 2 8 10 8 2
left_child=1 5 -3 4 -2 -1
right_child=3 2 -4 -5 -6 -7
leaf_value=-0.00015866944941549948 0.015281363909301701 0 -0.017190985239053661 -0.0056636704705630642 0.0026032533343702501 0.01283541450352628
leaf_weight=11.959351297467945 14.037745870649813 10.211994554847481 13.471738707274197 3.4732426144182673 30.132574938237667 1.4906524866819371
leaf_count=110 71 81 154 28 264 5
internal_value=0.000697623 -0.00544965 -0.0102677 0.00612023 0.0079841 0.00153591
internal_weight=84.7773 37.1337 23.6837 47.6436 44.1703 13.45
internal_count=713 350 235 363 335 115
is_linear=0
shrinkage=0.03


Tree=113
num_leaves=5
num_cat=0
split_feature=20 24 20 24
split_gain=3.51605 2.83035 2.21676 0.470172
threshold=0.47980200000000006 0.8008820000000002 0.10823300000000001 0.91507800000000017
decision_type=10 2 10 2
left_child=1 -1 -3 -2
right_child=3 2 -4 -5
leaf_value=-0.015984312250957852 -0.018057170315427439 0.00010495627609099955 0.011464787259578169 0
leaf_weight=3.3075730353593817 6.3977917432785025 51.521031178534031 23.281745038926601 1.1722041293978689
leaf_count=50 69 465 119 9
internal_value=0.000102983 0.0025424 0.00433194 -0.0158072
internal_weight=85.6803 78.1103 74.8028 7.57
internal_count=712 634 584 78
is_linear=0
shrinkage=0.03


Tree=114
num_leaves=6
num_cat=0
split_feature=21 25 3 25 22
split_gain=4.89859 3.84522 2.00249 1.68141 0.174899
threshold=0.12386950000000001 0.69286900000000007 2.5000000000000004 0.21754000000000004 0.026265000000000004
decision_type=10 2 10 2 10
left_child=1 2 -1 -2 -3
right_child=3 4 -4 -5 -6
leaf_value=-0.009281906031090293 0 0.015119128019647519 0.0084718164596783736 0.020791534680991902 0
leaf_weight=59.281438507139683 6.8374383449554426 3.9237392619252196 2.2120293006300917 6.7221295684576035 1.4644767194986341
leaf_count=578 31 31 15 34 7
internal_value=-0.00148076 -0.0052173 -0.00781374 0.0127441 0.0130351
internal_weight=80.4413 66.8817 61.4935 13.5596 5.38822
internal_count=696 631 593 65 38
is_linear=0
shrinkage=0.03


Tree=115
num_leaves=7
num_cat=0
split_feature=24 3 18 17 25 23
split_gain=6.09833 2.09859 3.47022 0.978126 0.731605 0.502336
threshold=0.84532750000000012 1.0000000180025095e-35 0.29332350000000001 0.17574450000000003 0.57189900000000005 0.82863950000000008
decision_type=2 10 10 8 2 10
left_child=4 2 -2 -3 5 -1
right_child=1 3 -4 -5 -6 -7
leaf_value=-0.018434850846500494 -0.00058824716845531011 0.020545727049287438 0.016317782868892208 0 0 0
leaf_weight=10.884145386517043 51.621569037437439 7.5849649161100361 9.9539332687854749 1.5929987207055099 0.77464516833424646 1.2095113173127181
leaf_count=161 437 46 40 11 5 9
internal_value=0.00137385 0.00526453 0.00231122 0.0171645 -0.0150786 -0.0168124
internal_weight=83.6218 70.7535 61.5755 9.17796 12.8683 12.0937
internal_count=709 534 477 57 175 170
is_linear=0
shrinkage=0.03


Tree=116
num_leaves=6
num_cat=0
split_feature=20 20 5 24 18
split_gain=4.76797 4.17671 1.90674 1.49149 0.066885
threshold=0.47980200000000006 0.10823300000000001 1.0000000180025095e-35 0.97283200000000003 0.58378700000000017
decision_type=10 10 10 2 10
left_child=1 3 -3 -1 -2
right_child=4 2 -4 -5 -6
leaf_value=-0.0029858043415165003 -0.020635292161306263 0 0.018842453154518265 0.012858651768192272 0
leaf_weight=50.383844796568155 5.2304582372307769 9.6874428018927592 14.761407449841498 2.5964544191956511 0.81211015209555615
leaf_count=499 62 58 70 16 6
internal_value=0.000705805 0.00332611 0.0129312 -0.00102591 -0.0195171
internal_weight=83.4717 77.4291 24.4489 52.9803 6.04257
internal_count=711 643 128 515 68
is_linear=0
shrinkage=0.03


Tree=117
num_leaves=4
num_cat=0
split_feature=20 3 7
split_gain=4.1275 2.316 5.24454
threshold=0.47980200000000006 1.5000000000000002 1.0000000180025095e-35
decision_type=10 10 10
left_child=1 2 -1
right_child=-2 -3 -4
leaf_value=0.0048035392883527331 -0.016178218627042874 0.018322539401054137 -0.016547728698638561
leaf_weight=62.440377235412598 7.8190591409802428 5.7153392359614363 9.0735557824373227
leaf_count=551 84 42 47
internal_value=0.00078604 0.00341824 0.00113476
internal_weight=85.0483 77.2293 71.5139
internal_count=724 640 598
is_linear=0
shrinkage=0.03


Tree=118
num_leaves=7
num_cat=0
split_feature=25 22 7 20 24 17
split_gain=5.44612 4.76824 2.38705 1.631 1.32138 2.28202
threshold=0.47889650000000006 0.044107500000000001 34.876909000000005 0.44652100000000006 0.92528900000000014 0.12892900000000004
decision_type=2 8 10 8 2 10
left_child=1 2 -1 -3 5 -2
right_child=4 3 -4 -5 -6 -7
leaf_value=-0.017911120910006777 -0.0082149125534772566 0.0078444323669388354 0.0048887549068290931 -0.0035459087105834302 0.018684254076189691 0.013551471186602836
leaf_weight=23.067923646420244 5.7271711751818675 15.333337798714636 1.306344911456107 24.512510977685452 8.8374261446297151 4.9942368566989899
leaf_count=198 56 72 6 318 60 21
internal_value=-0.000942407 -0.00549828 -0.0151914 0.000379448 0.0114285 0.000483968
internal_weight=83.779 64.2201 24.3743 39.8458 19.5588 10.7214
internal_count=731 594 204 390 137 77
is_linear=0
shrinkage=0.03


Tree=119
num_leaves=7
num_cat=0
split_feature=25 4 18 20 17 16
split_gain=5.52107 3.54163 4.58669 3.03312 2.02991 0.67529
threshold=0.15885200000000002 1.0000000180025095e-35 0.26533800000000002 0.47203500000000004 0.47011650000000005 0.22778050000000002
decision_type=2 10 8 10 8 10
left_child=1 2 -1 4 -2 -3
right_child=3 5 -4 -5 -6 -7
leaf_value=-0.02423360536365567 0.015109189773266305 0.013564025523268764 0 -0.0099170317396088375 0.0004857597745145489 0
leaf_weight=12.152737848460676 26.225753240287304 3.6484062373638144 17.601916443556547 4.0398255810141555 18.698706541210413 2.2218053489923477
leaf_count=115 133 16 206 36 207 12
internal_value=0.000695157 -0.00754476 -0.0120685 0.00735705 0.01006 0.00832957
internal_weight=84.5892 35.6249 29.7547 48.9643 44.9245 5.87021
internal_count=725 349 321 376 340 28
is_linear=0
shrinkage=0.03


end of trees

feature_importances:
reranker_score_bge_reranker_v2_m3=84
embedding_cosine_bge_m3=82
punct_ratio_mean_percentile_gap_abs=53
repeated_title_share_percentile_gap_abs=49
max_category_share_percentile_gap_abs=47
shared_title_count_capped=42
repeated_description_share_percentile_gap_abs=41
digit_ratio_mean_percentile_gap_abs=40
shared_description_count_capped=36
description_length_median_percentile_gap_abs=27
price_median_percentile_gap_abs=23
item_count_percentile_gap_abs=21
profile_category_jaccard=20
title_length_median_percentile_gap_abs=14
shared_description_idf_mean=12
shared_category_count_capped=4
shared_description_idf_sum=4
same_market_raw_bool=2
shared_title_idf_sum=2
shared_title_idf_mean=2

parameters:
[boosting: gbdt]
[objective: binary]
[metric: binary_logloss,auc]
[tree_learner: serial]
[device_type: cpu]
[data_sample_strategy: bagging]
[data: ]
[valid: ]
[num_iterations: 120]
[learning_rate: 0.03]
[num_leaves: 7]
[num_threads: 0]
[seed: 20260322]
[deterministic: 1]
[force_col_wise: 1]
[force_row_wise: 0]
[histogram_pool_size: -1]
[max_depth: 3]
[min_data_in_leaf: 10]
[min_sum_hessian_in_leaf: 0.001]
[bagging_fraction: 0.8]
[pos_bagging_fraction: 1]
[neg_bagging_fraction: 1]
[bagging_freq: 1]
[bagging_seed: 20260322]
[bagging_by_query: 0]
[feature_fraction: 0.6]
[feature_fraction_bynode: 1]
[feature_fraction_seed: 20260322]
[extra_trees: 0]
[extra_seed: 18836]
[early_stopping_round: 0]
[early_stopping_min_delta: 0]
[first_metric_only: 0]
[max_delta_step: 0]
[lambda_l1: 1]
[lambda_l2: 3]
[linear_lambda: 0]
[min_gain_to_split: 0.05]
[drop_rate: 0.1]
[max_drop: 50]
[skip_drop: 0.5]
[xgboost_dart_mode: 0]
[uniform_drop: 0]
[drop_seed: 22382]
[top_rate: 0.2]
[other_rate: 0.1]
[min_data_per_group: 100]
[max_cat_threshold: 32]
[cat_l2: 10]
[cat_smooth: 10]
[max_cat_to_onehot: 4]
[top_k: 20]
[monotone_constraints: ]
[monotone_constraints_method: basic]
[monotone_penalty: 0]
[feature_contri: ]
[forcedsplits_filename: ]
[refit_decay_rate: 0.9]
[cegb_tradeoff: 1]
[cegb_penalty_split: 0]
[cegb_penalty_feature_lazy: ]
[cegb_penalty_feature_coupled: ]
[path_smooth: 0]
[interaction_constraints: ]
[verbosity: -1]
[saved_feature_importance_type: 0]
[use_quantized_grad: 0]
[num_grad_quant_bins: 4]
[quant_train_renew_leaf: 0]
[stochastic_rounding: 1]
[linear_tree: 0]
[max_bin: 255]
[max_bin_by_feature: ]
[min_data_in_bin: 3]
[bin_construct_sample_cnt: 200000]
[data_random_seed: 20260322]
[is_enable_sparse: 1]
[enable_bundle: 1]
[use_missing: 1]
[zero_as_missing: 0]
[feature_pre_filter: 1]
[pre_partition: 0]
[two_round: 0]
[header: 0]
[label_column: ]
[weight_column: ]
[group_column: ]
[ignore_column: ]
[categorical_feature: ]
[forcedbins_filename: ]
[precise_float_parser: 0]
[parser_config_file: ]
[objective_seed: 31326]
[num_class: 1]
[is_unbalance: 0]
[scale_pos_weight: 1]
[sigmoid: 1]
[boost_from_average: 1]
[reg_sqrt: 0]
[alpha: 0.9]
[fair_c: 1]
[poisson_max_delta_step: 0.7]
[tweedie_variance_power: 1.5]
[lambdarank_truncation_level: 30]
[lambdarank_norm: 1]
[label_gain: ]
[lambdarank_position_bias_regularization: 0]
[eval_at: ]
[multi_error_top_k: 1]
[auc_mu_weights: ]
[num_machines: 1]
[local_listen_port: 12400]
[time_out: 120]
[machine_list_filename: ]
[machines: ]
[gpu_platform_id: -1]
[gpu_device_id: -1]
[gpu_use_dp: 0]
[num_gpu: 1]

end of parameters

pandas_categorical:null
