tree
version=v4
num_class=1
num_tree_per_iteration=1
label_index=0
max_feature_idx=25
objective=binary sigmoid:1
feature_names=same_market_raw_bool same_source_dataset_bool profile_category_jaccard shared_title_count_capped shared_description_count_capped shared_category_count_capped shared_title_idf_sum shared_description_idf_sum shared_title_idf_mean shared_description_idf_mean boilerplate_ratio_max boilerplate_ratio_gap_abs shared_boilerplate_count shared_low_df_sentence_count shared_rare_ngram_count item_count_percentile_gap_abs price_median_percentile_gap_abs title_length_median_percentile_gap_abs description_length_median_percentile_gap_abs digit_ratio_mean_percentile_gap_abs punct_ratio_mean_percentile_gap_abs repeated_title_share_percentile_gap_abs repeated_description_share_percentile_gap_abs max_category_share_percentile_gap_abs embedding_cosine_gte_multilingual_base reranker_score_gte_multilingual_reranker_base
feature_infos=[0:1] [0:1] [0:1] [0:5] [0:5] [0:5] [0:70.616864000000007] [0:79.443972000000002] [0:8.8271080000000008] [0:8.8271080000000008] [0:0.20000000000000001] [0:0.20000000000000001] [0:1] [0:9] [0:8] [0:0.70916299999999999] [0:0.96791400000000005] [0:0.92293000000000003] [0:0.88129299999999999] [0:0.90109399999999995] [0:0.93352299999999999] [0:0.78087600000000001] [0:0.625498] [0:0.98619599999999996] [0.88623300000000005:0.99833300000000003] [0.41123199999999999:0.96361600000000003]
tree_sizes=887 870 873 833 858 881 870 683 884 862 850 848 866 862 681 878 747 783 787 883 771 762 785 871 672 835 782 776 879 833 862 869 788 676 768 678 845 880 677 890 738 661 848 870 863 673 874 861 891 767 856 765 887 671 881 880 829 824 681 852 782 788 765 675 754 679 852 754 743 652 664 785 876 668 756 651 757 860 669 858 787 785 848 662 675 784 859 756 667 871 679 659 783 853 677 774 723 679 753 768 682 886 843 672

Tree=0
num_leaves=7
num_cat=0
split_feature=24 21 15 15 23 20
split_gain=62.4469 29.8113 29.5607 7.93783 7.9003 6.48214
threshold=0.97837900000000011 0.054827500000000008 0.0059935000000000014 0.34436500000000003 0.51918300000000006 1.0000000180025095e-35
decision_type=2 10 8 8 8 8
left_child=1 3 5 -1 -4 -2
right_child=2 -3 4 -5 -6 -7
leaf_value=-0.047934927773870567 -0.035931921249516691 0.016085886992031784 0.037537603169790247 -0.015145445606160443 0.01052922423841334 -2.7791848764393683e-08
leaf_weight=22.657106161117554 5.7252397537231419 10.093385219573973 31.199904501438141 18.938548937439919 23.334857285022736 7.1326943039894113
leaf_count=124 32 34 90 203 197 28
internal_value=-0.000441753 -0.0247128 0.0180074 -0.0357017 0.027654 -0.0185066
internal_weight=119.082 51.689 67.3927 41.5957 54.5348 12.8579
internal_count=708 361 347 327 287 60
is_linear=0
shrinkage=1


Tree=1
num_leaves=7
num_cat=0
split_feature=4 18 17 15 16 15
split_gain=69.9061 21.4182 8.02036 6.08023 3.13723 1.96659
threshold=1.0000000180025095e-35 0.069155500000000023 0.54411150000000019 0.17807550000000003 0.22529850000000004 0.22372350000000005
decision_type=10 8 10 10 10 10
left_child=1 3 -3 -1 -2 -6
right_child=4 2 -4 -5 5 -7
leaf_value=-0.040524664408488703 0.047740727660378665 0.0015087158185959483 -0.028995867304795357 0 0.019245246297645544 -0.003273113298702039
leaf_weight=18.649276271462444 20.857273355126384 66.907813496887684 5.6005980670452109 5.3501484245061866 3.2609805613756171 2.4396457225084305
leaf_count=99 52 498 30 22 9 11
internal_value=0.00132101 -0.0105029 -0.00150858 -0.0333788 0.0420075 0.00835452
internal_weight=123.066 96.5078 72.5084 23.9994 26.5579 5.70063
internal_count=721 649 528 121 72 20
is_linear=0
shrinkage=0.03


Tree=2
num_leaves=7
num_cat=0
split_feature=25 25 4 2 4 19
split_gain=97.7439 14.9291 13.1863 13.5799 5.06176 4.55794
threshold=0.68106350000000015 0.63103100000000012 1.0000000180025095e-35 0.32575750000000009 1.0000000180025095e-35 0.21964700000000001
decision_type=2 2 10 10 10 10
left_child=1 4 3 -2 -1 -3
right_child=2 5 -4 -5 -6 -7
leaf_value=-0.048572928391501069 0.021577543975813927 0.00077729408383754432 0.041714075765823123 -0.0088992210984791802 0 -0.02397058375154304
leaf_weight=25.801871798932556 37.219264402985573 13.054373599588873 20.070591509342194 15.876491665840147 1.3655089437961567 7.1431189477443686
leaf_count=211 247 94 53 69 5 36
internal_value=0.000150672 -0.0320383 0.0218235 0.0119411 -0.0458424 -0.00864997
internal_weight=120.531 47.3649 73.1663 53.0958 27.1674 20.1975
internal_count=715 346 369 316 216 130
is_linear=0
shrinkage=0.03


Tree=3
num_leaves=7
num_cat=0
split_feature=25 24 21 23 24 24
split_gain=85.8094 49.7637 23.5684 5.37887 4.40381 1.7238
threshold=0.63103100000000012 0.97716600000000009 0.10762700000000001 0.73399800000000004 0.91521450000000015 0.99273800000000012
decision_type=2 2 10 10 2 2
left_child=4 2 -2 -3 -1 -6
right_child=1 3 -4 -5 5 -7
leaf_value=0.0014195839126374123 -0.029546675606898158 0.032361052606089374 0.023078440676441131 0 -0.044582734114682936 0
leaf_weight=0.55892509222030895 23.235898487269882 56.730256371200085 7.6465600878000251 3.6247088909149161 28.419294640421871 1.3447599858045567
leaf_count=2 180 269 23 15 228 9
internal_value=0 0.0146721 -0.0147415 0.0301813 -0.0413375 -0.0431125
internal_weight=121.56 91.2374 30.8825 60.355 30.323 29.7641
internal_count=726 487 203 284 239 237
is_linear=0
shrinkage=0.03


Tree=4
num_leaves=7
num_cat=0
split_feature=24 15 5 7 3 24
split_gain=62.252 34.3742 9.3091 9.99636 8.68962 2.99764
threshold=0.9742360000000001 1.0000000180025095e-35 1.5000000000000002 17.510375000000007 1.0000000180025095e-35 0.99237500000000012
decision_type=2 8 10 10 10 2
left_child=2 5 3 -1 -3 -2
right_child=1 4 -4 -5 -6 -7
leaf_value=-0.03719885243076157 -0.033034137046440204 0.013279730030990419 0.0088270538693894628 0.011501011610055291 0.039720956983024414 0
leaf_weight=38.103500843048096 9.5523929446935636 45.538814414292574 2.78351767361164 1.8351843059062947 19.180987700819969 2.3105372637510291
leaf_count=299 51 299 9 5 51 9
internal_value=-0.00172561 0.0140896 -0.0297961 -0.0336152 0.0229716 -0.0272047
internal_weight=119.305 76.5827 42.7222 39.9387 64.7198 11.8629
internal_count=723 410 313 304 350 60
is_linear=0
shrinkage=0.03


Tree=5
num_leaves=7
num_cat=0
split_feature=25 24 5 4 4 20
split_gain=82.597 26.4447 24.0974 10.5558 9.34178 4.42695
threshold=0.7008795000000001 0.97663800000000012 1.5000000000000002 3.5000000000000004 1.0000000180025095e-35 0.25015000000000004
decision_type=2 2 10 10 10 10
left_child=2 4 3 -1 -2 -3
right_child=1 5 -4 -5 -6 -7
leaf_value=-0.03654818114015506 -0.02049882579001229 0.036110155453313322 0.021589370935365677 0.013737948436180245 0.022821927095315574 0.0024089479799635745
leaf_weight=48.123740442097187 13.217958733439447 42.014489449560642 5.4461303651332846 1.6529607772827137 2.8926091194152823 6.4064373522996894
leaf_count=368 97 192 16 4 7 24
internal_value=-0.000423932 0.0219182 -0.0268316 -0.0336239 -0.00878929 0.0326353
internal_weight=119.754 64.5315 55.2228 49.7767 16.1106 48.4209
internal_count=708 320 388 372 104 216
is_linear=0
shrinkage=0.03


Tree=6
num_leaves=7
num_cat=0
split_feature=25 21 4 5 16 20
split_gain=70.562 17.5366 12.4404 13.0736 6.72207 3.31162
threshold=0.68316900000000003 1.0000000180025095e-35 1.0000000180025095e-35 1.5000000000000002 0.074116500000000016 0.47035600000000005
decision_type=2 8 10 10 10 10
left_child=2 4 3 -1 -2 -3
right_child=1 5 -4 -5 -6 -7
leaf_value=-0.036891466777473236 0.0068211739144886071 0.028427864037049392 0.009682214333940271 0.011718896947395668 -0.028301837236981677 0
leaf_weight=41.971295535564423 7.2081938087940198 48.207044463604689 4.7396835237741461 3.1982216089963904 5.5831288546323776 2.0760561078786841
leaf_count=337 26 266 16 10 30 9
internal_value=-0.00141675 0.0190265 -0.0274335 -0.0323113 -0.00907375 0.0268462
internal_weight=112.984 63.0744 49.9092 45.1695 12.7913 50.2831
internal_count=694 331 363 347 56 275
is_linear=0
shrinkage=0.03


Tree=7
num_leaves=5
num_cat=0
split_feature=3 21 23 4
split_gain=56.0613 31.5979 10.4592 7.1078
threshold=1.5000000000000002 0.11378600000000001 0.014006000000000003 1.0000000180025095e-35
decision_type=10 8 10 10
left_child=1 3 -3 -1
right_child=-2 2 -4 -5
leaf_value=-0.028336422632891035 0.044577625634978989 -0.0012088405963074445 0.027200192757050563 0.00071466192539626104
leaf_weight=49.683359667658806 17.19972026348114 32.283074758946896 13.644224017858503 6.3647246807813636
leaf_count=246 42 362 41 24
internal_value=-0.000946472 -0.00996511 0.00776815 -0.0246607
internal_weight=119.175 101.975 45.9273 56.0481
internal_count=715 673 403 270
is_linear=0
shrinkage=0.03


Tree=8
num_leaves=7
num_cat=0
split_feature=25 24 21 5 7 23
split_gain=72.4517 20.5219 16.3388 15.7022 8.38002 4.71428
threshold=0.68106350000000015 0.97663800000000012 0.10762700000000001 1.5000000000000002 8.4887085000000031 0.81133400000000011
decision_type=2 2 8 10 10 10
left_child=3 2 -2 4 -1 -3
right_child=1 5 -4 -5 -6 -7
leaf_value=-0.036435983741663798 -0.033368399111601631 0.030198714554244725 0.013920720903152599 0.015523931905982417 0.0037952479835873837 -0.0017963851146469828
leaf_weight=41.656188540160656 8.0453434586524981 49.465675115585327 12.618598375469444 4.2067558765411368 3.1319734752178183 2.2535345107316962
leaf_count=340 44 233 80 13 11 10
internal_value=-6.53436e-05 0.0184897 -0.00511932 -0.02754 -0.0329333 0.0282343
internal_weight=121.378 72.3832 20.6639 48.9949 44.7882 51.7192
internal_count=731 367 124 364 351 243
is_linear=0
shrinkage=0.03


Tree=9
num_leaves=7
num_cat=0
split_feature=25 24 5 21 9 16
split_gain=70.1981 18.5048 12.2549 11.7292 7.89372 3.72191
threshold=0.68316900000000003 0.97663800000000012 1.5000000000000002 0.12386950000000001 7.9372940000000005 0.47391550000000005
decision_type=2 2 10 10 10 10
left_child=2 3 4 -2 -1 -3
right_child=1 5 -4 -5 -6 -7
leaf_value=-0.035048387671049536 -0.022645033554881972 0.02932172424344201 0.012562638245993832 0.019586471588549037 0.0038031509427684934 0
leaf_weight=40.542231641709805 11.559332780539991 50.598484601825476 3.7908216565847388 6.5947487205266944 3.1324816346168509 2.655415639281272
leaf_count=336 93 236 12 20 11 11
internal_value=0.000174093 0.0189317 -0.0268986 -0.00528358 -0.0315538 0.0275614
internal_weight=118.874 71.408 47.4655 18.1541 43.6747 53.2539
internal_count=719 360 359 113 347 247
is_linear=0
shrinkage=0.03


Tree=10
num_leaves=7
num_cat=0
split_feature=25 24 5 20 25 2
split_gain=75.1212 17.907 15.8016 8.46405 4.85413 4.32311
threshold=0.7008795000000001 0.97663800000000012 1.5000000000000002 0.25015000000000004 0.6066990000000001 0.17708350000000003
decision_type=2 2 10 10 2 10
left_child=2 5 4 -3 -1 -2
right_child=1 3 -4 -5 -6 -7
leaf_value=-0.040791497407816235 0.0044500370657926634 0.034303612618003937 0.01696543400306735 0 -0.016248979579946272 -0.023225233443223914
leaf_weight=23.443793628364801 9.62769518047571 43.881839323788881 4.6123911738395682 5.9229371547698966 27.640809539705515 4.6456107050180426
leaf_count=199 70 198 14 24 194 25
internal_value=0 0.0218133 -0.0246591 0.0300081 -0.0297046 -0.00529009
internal_weight=119.775 64.0781 55.697 49.8048 51.0846 14.2733
internal_count=724 317 407 222 393 95
is_linear=0
shrinkage=0.03


Tree=11
num_leaves=7
num_cat=0
split_feature=25 24 21 3 21 24
split_gain=60.5232 37.9191 10.8489 10.4281 2.18027 1.93399
threshold=0.63103100000000012 0.97266400000000008 0.12386950000000001 1.5000000000000002 0.062116500000000012 0.99273800000000012
decision_type=2 2 10 8 10 2
left_child=4 2 -2 -3 5 -1
right_child=1 3 -4 -5 -6 -7
leaf_value=-0.040020404416129987 -0.031714793969722141 0.0081251539846866599 0.010690080153877155 0.033563378373557634 0 0
leaf_weight=26.163922265172012 16.648232091218237 34.410472631454468 4.5400262624025336 34.063332945108414 1.8864431232213963 1.2661428526043881
leaf_count=225 137 127 15 206 8 8
internal_value=-0.000930602 0.0111739 -0.0211895 0.0220771 -0.0364802 -0.0384421
internal_weight=118.979 89.6621 21.1883 68.4738 29.3165 27.4301
internal_count=726 485 152 333 241 233
is_linear=0
shrinkage=0.03


Tree=12
num_leaves=7
num_cat=0
split_feature=25 4 25 2 21 4
split_gain=65.7186 14.9548 11.8277 9.78199 4.41513 4.37525
threshold=0.68316900000000003 1.0000000180025095e-35 0.63103100000000012 0.32575750000000009 0.10762700000000001 1.0000000180025095e-35
decision_type=2 8 2 10 10 10
left_child=2 3 5 -2 -4 -1
right_child=1 -3 4 -5 -6 -7
leaf_value=-0.039453047245085915 0.017792153936727385 0.031603619754443077 -0.011708867841970628 -0.013883776357773343 0.016687664774704059 0
leaf_weight=25.92815022170544 15.131144210696222 38.443289585411549 19.3812431357801 13.544299513101576 2.8343373388051978 1.1802773773670185
leaf_count=218 50 226 137 62 8 4
internal_value=0.000801036 0.020004 -0.0244051 0.0019856 -0.00534184 -0.0369424
internal_weight=116.443 67.1187 49.324 28.6754 22.2156 27.1084
internal_count=705 338 367 112 145 222
is_linear=0
shrinkage=0.03


Tree=13
num_leaves=7
num_cat=0
split_feature=25 24 21 3 5 21
split_gain=58.0606 29.5102 11.3848 8.11322 7.63429 0.666046
threshold=0.63103100000000012 0.97266400000000008 0.12386950000000001 1.5000000000000002 1.5000000000000002 0.16932250000000001
decision_type=2 2 10 10 10 10
left_child=4 2 -2 -3 5 -1
right_child=1 3 -4 -5 -6 -7
leaf_value=-0.039221202870868346 -0.025612565755013628 0.014204599333184062 0.014276046398224202 0.040707294851175156 0.0079178699025478846 0
leaf_weight=26.152551524341114 18.154414627701048 51.875186681747437 5.9334069043397895 16.291003793478012 1.4184798896312703 1.1181774288415898
leaf_count=227 144 285 19 41 4 5
internal_value=0.000469229 0.012393 -0.0141866 0.022409 -0.0344698 -0.0382319
internal_weight=120.943 92.254 24.0878 68.1662 28.6892 27.2707
internal_count=725 489 163 326 236 232
is_linear=0
shrinkage=0.03


Tree=14
num_leaves=5
num_cat=0
split_feature=3 24 15 2
split_gain=33.9508 24.3019 17.8342 3.67585
threshold=1.5000000000000002 0.97266400000000008 1.0000000180025095e-35 0.41428550000000003
decision_type=10 2 8 8
left_child=1 3 -3 -1
right_child=-2 2 -4 -5
leaf_value=-0.0080721189839952721 0.039155798752580871 -0.024194319565480196 0.011816331374395469 -0.033656954530553243
leaf_weight=13.986010953783987 13.859078258275984 12.606865763664244 53.57163205370307 21.539768099784851
leaf_count=65 35 67 342 209
internal_value=-0.000101588 -0.00670627 0.00377099 -0.0257762
internal_weight=115.563 101.704 66.1785 35.5258
internal_count=718 683 409 274
is_linear=0
shrinkage=0.03


Tree=15
num_leaves=7
num_cat=0
split_feature=25 20 5 15 21 5
split_gain=51.8788 11.1082 10.9974 8.45115 3.57797 1.70511
threshold=0.68316900000000003 0.26207500000000006 1.5000000000000002 0.30061300000000007 1.0000000180025095e-35 1.5000000000000002
decision_type=2 10 10 10 8 8
left_child=2 4 3 -1 -2 -3
right_child=1 5 -4 -5 -6 -7
leaf_value=-0.032671896841174407 0.00037083440944269563 -0.014308120971381006 0.014046339915804347 0.00098568672497687448 0.024901947477507593 0.0044435760264124472
leaf_weight=37.574442565441132 8.8873495012521726 8.2946684211492503 3.6031763553619376 5.8021705150604239 48.456542510539293 2.1488357037305841
leaf_count=326 35 39 11 24 268 7
internal_value=0 0.016628 -0.0232938 -0.0277504 0.0218046 -0.00808764
internal_weight=114.767 67.7874 46.9798 43.3766 57.3439 10.4435
internal_count=710 349 361 350 303 46
is_linear=0
shrinkage=0.03


Tree=16
num_leaves=6
num_cat=0
split_feature=3 24 18 15 15
split_gain=44.9255 21.3578 19.9625 5.10459 4.41958
threshold=1.0000000180025095e-35 0.97716600000000009 0.071565500000000018 0.22372350000000005 0.34436500000000003
decision_type=10 2 8 10 10
left_child=1 4 -3 -2 -1
right_child=3 2 -4 -5 -6
leaf_value=-0.026711163231602438 0.039871009066740772 -0.024061606293800754 0.015517647892591377 0 0
leaf_weight=39.39468414708972 20.364181682467464 12.820244014263151 37.077391475439072 3.5657103210687628 5.2305959463119498
leaf_count=319 53 67 244 14 22
internal_value=0.000238166 -0.00899579 0.00399349 0.0347651 -0.0234863
internal_weight=118.453 94.5229 49.8976 23.9299 44.6253
internal_count=719 652 311 67 341
is_linear=0
shrinkage=0.03


Tree=17
num_leaves=6
num_cat=0
split_feature=25 4 5 2 25
split_gain=44.3682 13.3547 12.7008 10.1999 5.52264
threshold=0.71372150000000012 1.0000000180025095e-35 1.5000000000000002 0.32575750000000009 0.6066990000000001
decision_type=2 10 10 10 2
left_child=2 3 4 -2 -1
right_child=1 -3 -4 -5 -6
leaf_value=-0.036513232358100223 0.015331383014558955 0.036465552752457567 0.015468449718731672 -0.014476395772671508 -0.012885955701230989
leaf_weight=22.042673572897911 26.330504842102528 17.202644512057304 5.1366243511438361 12.362025335431097 31.307757657021284
leaf_count=192 179 46 16 57 226
internal_value=-0.00201585 0.0163679 -0.0200142 0.00473203 -0.0246046
internal_weight=114.382 55.8952 58.4871 38.6925 53.3504
internal_count=716 282 434 236 418
is_linear=0
shrinkage=0.03


Tree=18
num_leaves=6
num_cat=0
split_feature=3 23 23 24 3
split_gain=41.4806 24.6337 9.26166 3.39982 0.464763
threshold=1.0000000180025095e-35 0.00089200000000000011 0.48434650000000007 0.98304400000000014 1.5000000000000002
decision_type=10 8 8 2 10
left_child=1 3 -3 -1 -2
right_child=4 2 -4 -5 -6
leaf_value=-0.037209654699807082 0.0081015687665793173 0.018483379621044353 -0.0043441270808994622 -0.0090595704404400745 0.039454149156509341
leaf_weight=17.334326818585399 4.9924567043781307 20.842645242810249 42.771482817828655 11.987190201878546 18.063338220119476
leaf_count=103 17 70 409 57 47
internal_value=0.0018088 -0.00709387 0.00318034 -0.0285386 0.035531
internal_weight=115.991 92.9356 63.6141 29.3215 23.0558
internal_count=703 639 479 160 64
is_linear=0
shrinkage=0.03


Tree=19
num_leaves=7
num_cat=0
split_feature=21 7 23 23 5 16
split_gain=26.942 17.1765 11.5736 8.2159 4.86378 2.69053
threshold=1.0000000180025095e-35 8.6832670000000025 0.51918300000000006 0.00089200000000000011 1.5000000000000002 0.084734000000000018
decision_type=8 10 8 10 10 10
left_child=1 4 3 -2 -1 -4
right_child=2 -3 5 -5 -6 -7
leaf_value=-0.029268262133216399 -0.00079738157191801284 0.01955869829045204 0.0016314819184768447 0.028111058955820299 0.0029496300710940911 -0.018775689028529153
leaf_weight=33.973027616739273 9.1017346829175931 5.9313189238309851 32.926210671663284 30.808982610702515 2.3170693069696418 3.6962899714708319
leaf_count=187 40 18 371 94 8 20
internal_value=0 -0.0183932 0.0106074 0.0212245 -0.0263795 -0.000936702
internal_weight=118.755 42.2214 76.5332 39.9107 36.2901 36.6225
internal_count=738 213 525 134 195 391
is_linear=0
shrinkage=0.03


Tree=20
num_leaves=6
num_cat=0
split_feature=25 24 5 3 3
split_gain=36.6374 13.8064 7.64674 6.54265 5.20906
threshold=0.68106350000000015 0.9574950000000001 1.5000000000000002 2.5000000000000004 1.5000000000000002
decision_type=2 2 10 10 10
left_child=2 -2 3 -1 -3
right_child=1 4 -4 -5 -6
leaf_value=-0.025868674509452266 -0.025608891807795995 0.012020772530083098 0.011017208027081071 0.01220439492412745 0.035428025671841779
leaf_weight=40.529715795069933 3.9207435473799697 51.979381732642651 3.7654360681772223 1.6291895508766163 12.763203918933867
leaf_count=336 33 298 12 4 34
internal_value=0.000655663 0.0145419 -0.0191116 -0.02302 0.0184427
internal_weight=114.588 68.6633 45.9243 42.1589 64.7426
internal_count=717 365 352 340 332
is_linear=0
shrinkage=0.03


Tree=21
num_leaves=6
num_cat=0
split_feature=24 21 19 20 24
split_gain=36.4486 15.2724 13.7675 9.36026 1.48961
threshold=0.97266400000000008 0.13168750000000004 0.0046685000000000008 0.25015000000000004 0.91521450000000015
decision_type=2 10 8 8 2
left_child=1 4 -2 -4 -1
right_child=2 -3 3 -5 -6
leaf_value=0 -0.021218746606774315 0.01663697209468544 0.026123758200333691 0.0031837194208800823 -0.033079607535294944
leaf_weight=1.4342102147638822 6.6279669106006613 4.3414179235696784 38.37745064496994 33.085779931396246 27.891381230205297
leaf_count=10 38 13 122 271 246
internal_value=0.000777972 -0.0237884 0.0122273 0.0164621 -0.0316897
internal_weight=111.758 33.667 78.0912 71.4632 29.3256
internal_count=700 269 431 393 256
is_linear=0
shrinkage=0.03


Tree=22
num_leaves=6
num_cat=0
split_feature=25 24 2 4 23
split_gain=41.2483 26.0912 10.1638 4.88704 4.24201
threshold=0.63103100000000012 0.97716600000000009 0.38750000000000007 1.0000000180025095e-35 0.73399800000000004
decision_type=2 2 8 10 10
left_child=3 2 -2 -1 -3
right_child=1 4 -4 -5 -6
leaf_value=-0.032644381477883004 0.0069337780487107254 0.025679615009695823 -0.024376681100671913 0.0028646473262336756 -0.0005093776031736293
leaf_weight=24.134044907987121 14.315951183438303 53.646325308829546 15.853486727923153 1.7487560957670201 3.5851705819368354
leaf_count=217 55 258 152 6 15
internal_value=0.00180258 0.0119665 -0.0093315 -0.0291582 0.0235973
internal_weight=113.284 87.4009 30.1694 25.8828 57.2315
internal_count=703 480 207 223 273
is_linear=0
shrinkage=0.03


Tree=23
num_leaves=7
num_cat=0
split_feature=25 24 20 21 7 22
split_gain=35.3381 22.9235 8.02455 6.82124 3.29277 3.07767
threshold=0.63103100000000012 0.97329700000000019 0.25015000000000004 0.10762700000000001 8.4887085000000031 0.046215500000000007
decision_type=2 2 10 8 10 10
left_child=4 3 -3 -2 5 -1
right_child=1 2 -4 -5 -6 -7
leaf_value=-0.035359881718567222 -0.027697262408796098 0.022496842481204104 -0.0036743527349188117 7.3403031308252345e-06 0.00018498405037306075 0
leaf_weight=21.97798431292177 12.384742856025698 53.073257852345705 9.729872450232504 12.306443594396113 1.1665789037942875 3.4055347740650168
leaf_count=215 70 281 41 106 4 17
internal_value=-0.00067768 0.00838389 0.0180037 -0.0143007 -0.0293743 -0.0316657
internal_weight=114.044 87.4943 62.8031 24.6912 26.5501 25.3835
internal_count=734 498 322 176 236 232
is_linear=0
shrinkage=0.03


Tree=24
num_leaves=5
num_cat=0
split_feature=3 23 21 17
split_gain=31.675 17.0787 11.2956 3.47095
threshold=1.5000000000000002 0.00089200000000000011 0.11378600000000001 0.37665100000000001
decision_type=10 8 10 10
left_child=1 3 -3 -1
right_child=-2 2 -4 -5
leaf_value=-0.030848713275038991 0.03598887898494698 -0.0042305631151971588 0.024609631221493202 -0.0018546231123411003
leaf_weight=20.829834982752804 15.65103507041931 55.846721645444632 12.263821691274641 7.6097618639469138
leaf_count=121 43 471 37 37
internal_value=0 -0.00661089 0.00135961 -0.0249621
internal_weight=112.201 96.5501 68.1105 28.4396
internal_count=709 666 508 158
is_linear=0
shrinkage=0.03


Tree=25
num_leaves=7
num_cat=0
split_feature=25 3 21 5 15 25
split_gain=43.5272 11.0008 8.86845 6.2045 5.66153 3.03863
threshold=0.68316900000000003 1.0000000180025095e-35 0.12386950000000001 1.5000000000000002 0.30061300000000007 0.7008795000000001
decision_type=2 8 10 10 10 2
left_child=3 2 -2 4 -1 -3
right_child=1 5 -4 -5 -6 -7
leaf_value=-0.029922571343917813 -0.010395890981718151 0 0.019900524260031124 0.0080680885711907173 0 0.026675082116499067
leaf_weight=37.140702556818724 20.908493071794513 2.0757308751344672 10.629508033394812 2.5717540979385367 5.4504887759685507 33.923038750886917
leaf_count=338 94 22 33 8 24 214
internal_value=-0.000865331 0.0139046 0 -0.0230656 -0.0260107 0.0245675
internal_weight=112.7 67.5368 31.538 45.1629 42.5912 35.9988
internal_count=733 363 127 370 362 236
is_linear=0
shrinkage=0.03


Tree=26
num_leaves=6
num_cat=0
split_feature=4 25 23 21 22
split_gain=32.3383 19.8171 9.21329 7.66606 1.96723
threshold=1.0000000180025095e-35 0.63103100000000012 0.71218550000000014 0.080088500000000021 0.046215500000000007
decision_type=10 2 10 8 10
left_child=1 4 -2 -3 -1
right_child=2 3 -4 -5 -6
leaf_value=-0.033387665491138432 0.036021834912280913 -0.010289495265103523 -0.0065404281465019009 0.0092381079112112668 -0.00015050801506139749
leaf_weight=21.632097072899345 19.613317817449573 31.775375187397003 3.3039182275533667 34.702840689569712 3.7207143008708945
leaf_count=212 55 147 15 292 19
internal_value=-0.000760903 -0.00909974 0.0286814 0 -0.0301
internal_weight=114.748 91.831 22.9172 66.4782 25.3528
internal_count=740 670 70 439 231
is_linear=0
shrinkage=0.03


Tree=27
num_leaves=6
num_cat=0
split_feature=4 18 23 5 22
split_gain=28.0368 19.0761 9.90973 5.836 0.373197
threshold=1.0000000180025095e-35 0.14532350000000002 0.71218550000000014 1.5000000000000002 0.189196
decision_type=10 8 10 10 10
left_child=1 4 -2 -3 -1
right_child=2 3 -4 -5 -6
leaf_value=-0.02990506663159978 0.034771594141400686 -0.0028194151800016625 -0.0086970927979831709 0.022260224220535745 -0.0034226678392532709
leaf_weight=24.977751195430759 18.645941153168682 48.943156406283379 3.4211653620004645 6.8280599117279044 4.0650220662355414
leaf_count=145 53 437 16 20 18
internal_value=-0.00110769 -0.00932121 0.0266013 0.000720174 -0.0278021
internal_weight=106.881 84.814 22.0671 55.7712 29.0428
internal_count=689 620 69 457 163
is_linear=0
shrinkage=0.03


Tree=28
num_leaves=7
num_cat=0
split_feature=25 5 24 21 7 25
split_gain=39.1327 12.1312 10.3409 10.9652 6.955 2.02032
threshold=0.68316900000000003 1.5000000000000002 0.97860250000000015 0.080088500000000021 8.4887085000000031 0.70944350000000012
decision_type=2 10 2 8 10 2
left_child=1 4 3 -2 -1 -4
right_child=2 -3 5 -5 -6 -7
leaf_value=-0.028272388106656166 -0.02729887600248419 0.016867318984502864 0.0010459829368259592 0.013133688076278264 0.0060023180437632807 0.026115748261947215
leaf_weight=38.174945268779993 6.5100468248128918 4.377762258052825 6.1255560144782057 13.198195192962883 3.4536109268665305 38.578487709164619
leaf_count=342 37 13 35 90 12 179
internal_value=0.000948633 -0.0192003 0.015999 -0.00074297 -0.0245443 0.0235913
internal_weight=110.419 46.0063 64.4123 19.7082 41.6286 44.704
internal_count=708 367 341 127 354 214
is_linear=0
shrinkage=0.03


Tree=29
num_leaves=7
num_cat=0
split_feature=25 4 2 4 20 15
split_gain=29.4626 13.4175 14.7915 2.74519 1.93271 0.788965
threshold=0.63103100000000012 1.0000000180025095e-35 0.32575750000000009 1.0000000180025095e-35 0.19634400000000005 0.26530700000000002
decision_type=2 10 10 10 10 10
left_child=3 2 -2 5 -3 -1
right_child=1 4 -4 -5 -6 -7
leaf_value=-0.032016201612229067 0.0099641171546885916 0.032012205075944926 -0.019493850376450846 0 0 0
leaf_weight=21.08431654423476 46.536859259009361 15.394245192408563 19.129124626517296 1.3279950320720662 2.5975444614887229 1.3152921348810185
leaf_count=207 329 45 97 5 10 7
internal_value=-0.000603707 0.0076338 0.000469071 -0.0283665 0.0285502 -0.0307246
internal_weight=107.385 83.6578 65.666 23.7276 17.9918 22.3996
internal_count=700 481 426 219 55 214
is_linear=0
shrinkage=0.03


Tree=30
num_leaves=7
num_cat=0
split_feature=25 24 5 21 21 20
split_gain=28.0335 13.4677 11.4285 10.6808 5.52357 3.17663
threshold=0.7008795000000001 0.97663800000000012 1.5000000000000002 0.14425450000000004 0.10762700000000001 0.23524500000000001
decision_type=2 2 10 10 10 10
left_child=2 3 4 -2 -1 -3
right_child=1 5 -4 -5 -6 -7
leaf_value=-0.022932167985621602 -0.025860090755555978 0.025860598374556603 0.01790797457776349 0.017625894276606661 0.0044184086839583001 0
leaf_weight=43.080787371844053 9.0715290494263154 37.972603973001242 5.3308966606855384 5.337389037013053 4.6898473948240271 6.2168752402067176
leaf_count=384 79 190 16 16 18 24
internal_value=0.000587494 0.0147886 -0.0145017 -0.00776711 -0.0195537 0.0228053
internal_weight=111.7 58.5984 53.1015 14.4089 47.7706 44.1895
internal_count=727 309 418 95 402 214
is_linear=0
shrinkage=0.03


Tree=31
num_leaves=7
num_cat=0
split_feature=25 20 3 7 21 21
split_gain=27.2616 13.5794 7.00034 2.6317 1.69457 1.57908
threshold=0.63103100000000012 0.27370350000000004 1.0000000180025095e-35 8.4887085000000031 0.10762700000000001 0.062116500000000012
decision_type=2 10 10 10 10 10
left_child=3 2 -2 5 -3 -1
right_child=1 4 -4 -5 -6 -7
leaf_value=-0.029218671003398488 0.0081952625682290507 -0.017122811138939383 0.030909864945658602 0.00012369906346601034 0.0005943854081190054 0
leaf_weight=20.770644053816802 54.001166090369225 13.118683010339735 17.699419751763344 1.1555292457342137 2.2962263226509085 1.7816612720489491
leaf_count=214 362 68 54 4 8 8
internal_value=0.00149519 0.00958888 0.0152202 -0.0248586 -0.0131876 -0.0271769
internal_weight=110.823 87.1155 71.7006 23.7078 15.4149 22.5523
internal_count=718 492 416 226 76 222
is_linear=0
shrinkage=0.03


Tree=32
num_leaves=6
num_cat=0
split_feature=4 25 24 23 5
split_gain=27.2476 15.0719 12.7526 7.84006 3.59937
threshold=1.0000000180025095e-35 0.63103100000000012 0.97266400000000008 0.71218550000000014 1.5000000000000002
decision_type=10 2 2 10 10
left_child=1 4 -3 -2 -1
right_child=3 2 -4 -5 -6
leaf_value=-0.030497788598694849 0.033794371904559466 -0.018395426686255361 0.0086511324932827816 -0.0055670324994549891 0.0026329866014498009
leaf_weight=21.980485878884796 18.851133853197101 20.763477928936481 42.928865000605583 3.2368343025445929 1.0037991702556599
leaf_count=223 56 162 267 15 3
internal_value=-0.00051345 -0.00848728 -0.000146983 0.0268545 -0.0277594
internal_weight=108.765 86.6766 63.6923 22.088 22.9843
internal_count=726 655 429 71 226
is_linear=0
shrinkage=0.03


Tree=33
num_leaves=5
num_cat=0
split_feature=3 24 19 22
split_gain=25.137 15.7332 11.03 8.70118
threshold=1.5000000000000002 0.9742360000000001 0.0046685000000000008 0.13270100000000004
decision_type=10 2 8 10
left_child=1 3 -3 -1
right_child=-2 2 -4 -5
leaf_value=-0.026390765248290947 0.033254035539542967 -0.024738440002498044 0.0094231856448736273 0.0061249501838581116
leaf_weight=30.739011961966753 14.913876384496687 6.833160772919654 51.875563904643059 6.4549835920333853
leaf_count=286 45 46 334 25
internal_value=0.000325675 -0.00534507 0.00395156 -0.0199653
internal_weight=110.817 95.9027 58.7087 37.194
internal_count=736 691 380 311
is_linear=0
shrinkage=0.03


Tree=34
num_leaves=6
num_cat=0
split_feature=4 23 23 5 15
split_gain=20.5659 19.3335 7.145 4.50606 3.07818
threshold=1.0000000180025095e-35 0.00089200000000000011 0.71218550000000014 1.5000000000000002 0.21584700000000004
decision_type=10 8 10 10 10
left_child=1 4 -2 -3 -1
right_child=2 3 -4 -5 -6
leaf_value=-0.032982930277085418 0.033037060213714525 -0.0011323060051026733 -0.0053398512078828824 0.017308264228488638 0
leaf_weight=17.898340493440632 16.957740679383281 47.866685587912798 3.017383635044097 11.846515998244284 3.9969046413898459
leaf_count=119 51 444 14 39 19
internal_value=0.000588893 -0.00597605 0.0259939 0.00270072 -0.0283185
internal_weight=101.584 81.6084 19.9751 59.7132 21.8952
internal_count=686 621 65 483 138
is_linear=0
shrinkage=0.03


Tree=35
num_leaves=5
num_cat=0
split_feature=3 25 24 15
split_gain=23.6093 16.1094 10.8067 4.84821
threshold=1.5000000000000002 0.68106350000000015 0.97716600000000009 0.42023000000000005
decision_type=10 2 2 10
left_child=1 3 -3 -1
right_child=-2 2 -4 -5
leaf_value=-0.022888310183067282 0.032547028602123294 -0.012754868960531943 0.013739679346918549 0.0071915549677402085
leaf_weight=37.261482235044241 13.734222590923308 17.815048661082983 35.934925451874733 2.4472572058439246
leaf_count=331 42 130 203 9
internal_value=-7.47203e-05 -0.00604282 0.00421956 -0.0199571
internal_weight=107.193 93.4587 53.75 39.7087
internal_count=715 673 333 340
is_linear=0
shrinkage=0.03


Tree=36
num_leaves=7
num_cat=0
split_feature=25 20 23 5 2 22
split_gain=23.3061 11.06 5.92342 5.56971 1.33443 1.31917
threshold=0.63103100000000012 0.27370350000000004 0.81133400000000011 1.5000000000000002 0.32575750000000009 0.13270100000000004
decision_type=2 10 10 10 10 10
left_child=3 2 -2 5 -3 -1
right_child=1 4 -4 -5 -6 -7
leaf_value=-0.030223297026786142 0.017017053139015574 0 -0.011871883647982289 0.0097595852167543708 -0.017975748787247472 0
leaf_weight=18.632543973624713 63.590148027986288 6.5237506926059714 3.7150724381208411 1.2218232452869404 8.0851537436246854 0.98773454129695792
leaf_count=203 388 28 20 3 45 5
internal_value=0.00171832 0.00928809 0.0145572 -0.0241995 -0.0116281 -0.0286544
internal_weight=102.756 81.9141 67.3052 20.8421 14.6089 19.6203
internal_count=692 481 408 211 73 208
is_linear=0
shrinkage=0.03


Tree=37
num_leaves=7
num_cat=0
split_feature=25 24 5 7 3 22
split_gain=29.4237 10.374 6.35182 5.81472 1.8343 1.13249
threshold=0.68106350000000015 0.97148200000000007 1.5000000000000002 8.4887085000000031 1.0000000180025095e-35 0.059115000000000008
decision_type=2 2 10 10 8 8
left_child=2 4 3 -1 -2 -3
right_child=1 5 -4 -5 -6 -7
leaf_value=-0.025161101921143156 -0.016045252265681605 0.0098359848562049011 0.011268769192424104 0.0082564299305033593 0.0014896734494056034 0.024588978391732786
leaf_weight=33.344342190772295 7.1024076938629124 23.258613988757133 2.9548251181840888 2.4700604528188697 4.8730451017618188 30.924583952873945
leaf_count=319 38 87 9 8 49 188
internal_value=0.00185203 0.0140558 -0.017769 -0.0216234 -0.00803765 0.019629
internal_weight=104.928 66.1587 38.7692 35.8144 11.9755 54.1832
internal_count=698 362 336 327 87 275
is_linear=0
shrinkage=0.03


Tree=38
num_leaves=5
num_cat=0
split_feature=3 25 24 5
split_gain=24.9793 13.9141 10.9118 3.21718
threshold=1.5000000000000002 0.63103100000000012 0.9729635000000002 1.5000000000000002
decision_type=10 2 2 10
left_child=1 3 -3 -1
right_child=-2 2 -4 -5
leaf_value=-0.028189758554041888 0.032529923137619668 -0.015662671186117492 0.0085533653764462165 0.0025369919714820061
leaf_weight=20.478802245110277 15.145388156175612 21.513966597616673 49.234050113707781 1.0029550045728672
leaf_count=214 48 166 289 3
internal_value=1.25436e-05 -0.00586879 0.000445066 -0.0253947
internal_weight=107.375 92.2298 70.748 21.4818
internal_count=720 672 455 217
is_linear=0
shrinkage=0.03


Tree=39
num_leaves=7
num_cat=0
split_feature=24 25 21 20 15 20
split_gain=21.0194 12.1503 9.55452 6.44298 3.91628 1.47051
threshold=0.97927450000000016 0.61782200000000009 0.054827500000000008 0.25015000000000004 0.32105100000000003 0.065236500000000017
decision_type=2 2 10 10 8 10
left_child=2 -2 4 -3 -1 -4
right_child=1 3 5 -5 -6 -7
leaf_value=-0.030435869212345572 -0.019069331553965209 0.021444734918439165 -0.0016953793631409423 -0.0038909370191629439 -0.0067709288933742269 0.015545716083236367
leaf_weight=17.997104801237583 6.3583492189645758 46.640342779457569 2.344841927289961 7.7020144015550605 17.938542272895575 6.7093624919652939
leaf_count=121 66 246 11 33 219 22
internal_value=0.000786311 0.0123142 -0.0139396 0.017315 -0.0208251 0.0092812
internal_weight=105.691 60.7007 44.9899 54.3424 35.9356 9.0542
internal_count=718 345 373 279 340 33
is_linear=0
shrinkage=0.03


Tree=40
num_leaves=6
num_cat=0
split_feature=4 18 24 21 17
split_gain=21.7689 17.021 13.2275 4.90365 1.58365
threshold=1.0000000180025095e-35 0.069155500000000023 0.97148200000000007 0.13168750000000004 0.18442750000000002
decision_type=10 8 2 10 10
left_child=1 3 -3 -1 -2
right_child=4 2 -4 -5 -6
leaf_value=-0.035488094603994831 0.029258368155648241 -0.017961117293653402 0.010214529758194658 0 0
leaf_weight=15.890391647815706 16.785304069519047 19.205212783068419 42.649794716387987 3.0624726861715308 3.4285782873630515
leaf_count=110 54 190 305 12 14
internal_value=0 -0.00697736 0.000577608 -0.0297099 0.0258499
internal_weight=101.022 80.8079 61.855 18.9529 20.2139
internal_count=685 617 495 122 68
is_linear=0
shrinkage=0.03


Tree=41
num_leaves=5
num_cat=0
split_feature=3 25 24 24
split_gain=18.8975 13.0973 6.79449 1.83423
threshold=1.5000000000000002 0.63103100000000012 0.97266400000000008 0.99339400000000011
decision_type=10 2 2 2
left_child=1 3 -3 -1
right_child=-2 2 -4 -5
leaf_value=-0.025619905052879761 0.030591881086125934 -0.012055414009825134 0.0073904641460821553 0
leaf_weight=21.488590687513355 12.28316158056259 20.206612136214972 48.486940156668425 0.91257964819669624
leaf_count=234 40 157 287 6
internal_value=-6.57089e-05 -0.00536194 0.000986798 -0.0238287
internal_weight=103.378 91.0947 68.6936 22.4012
internal_count=724 684 444 240
is_linear=0
shrinkage=0.03


Tree=42
num_leaves=7
num_cat=0
split_feature=21 20 23 6 19 15
split_gain=14.2928 7.6351 5.81926 3.94115 2.12316 0.650377
threshold=0.046415500000000005 0.25015000000000004 1.0000000180025095e-35 8.4887085000000031 0.049789500000000007 0.037960000000000008
decision_type=10 10 10 10 10 10
left_child=1 3 -2 -1 -3 -4
right_child=2 4 5 -5 -6 -7
leaf_value=-0.0034885081237651556 -0.0073595461122268925 0 0 0.018338785857242402 -0.026242997456401455 0.026829222279925301
leaf_weight=55.935192734003067 3.3090990185737637 2.6290500089526203 2.7946208119392422 5.4344757348299018 14.062791310250757 18.351566642522812
leaf_count=505 17 12 11 19 91 58
internal_value=0 -0.00605852 0.0189777 -0.000324964 -0.0223542 0.0247438
internal_weight=102.517 78.0615 24.4553 61.3697 16.6918 21.1462
internal_count=713 627 86 524 103 69
is_linear=0
shrinkage=0.03


Tree=43
num_leaves=7
num_cat=0
split_feature=25 20 4 4 17 16
split_gain=19.8085 8.37699 6.32593 3.74245 1.1115 0.317168
threshold=0.68106350000000015 0.26207500000000006 1.0000000180025095e-35 1.0000000180025095e-35 0.40096650000000006 0.18833900000000001
decision_type=2 10 10 10 8 8
left_child=2 3 5 -2 -3 -1
right_child=1 4 -4 -5 -6 -7
leaf_value=-0.029160375790478414 0.0067993344386762774 -0.017285304611893166 0.0099410819726305204 0.026427777523504278 0 -0.012697458413321741
leaf_weight=13.848622657358645 39.278922624886036 7.278831318020818 3.5577193349599829 13.917025640606878 2.6293490678071985 22.469680171459913
leaf_count=99 266 37 12 48 12 254
internal_value=-0.00140089 0.00863872 -0.0174811 0.013605 -0.0126658 -0.0214839
internal_weight=102.98 63.1041 39.876 53.1959 9.90818 36.3183
internal_count=728 363 365 314 49 353
is_linear=0
shrinkage=0.03


Tree=44
num_leaves=7
num_cat=0
split_feature=25 24 5 21 4 15
split_gain=19.0252 13.8243 8.17772 4.42662 3.82813 2.77747
threshold=0.7008795000000001 0.97663800000000012 1.5000000000000002 0.10762700000000001 1.0000000180025095e-35 0.0059935000000000014
decision_type=2 2 10 10 10 8
left_child=2 4 3 -1 -2 -3
right_child=1 5 -4 -5 -6 -7
leaf_value=-0.019711384330497152 -0.017535255542227898 0 0.015103287346077307 0.005158403960603534 0.011457648950146063 0.024166731340207064
leaf_weight=38.374335557222366 11.444737054407595 4.4564530402421942 5.4295888096094123 4.2147591263055793 2.0499680638313285 37.77717699483037
leaf_count=375 92 18 17 16 6 193
internal_value=0.00155019 0.013392 -0.0115843 -0.0164146 -0.0100294 0.0217078
internal_weight=103.747 55.7283 48.0187 42.5891 13.4947 42.2336
internal_count=717 309 408 391 98 211
is_linear=0
shrinkage=0.03


Tree=45
num_leaves=5
num_cat=0
split_feature=3 22 23 24
split_gain=16.2132 13.6108 5.44485 5.19805
threshold=1.5000000000000002 0.040699500000000007 1.0000000180025095e-35 0.98177350000000008
decision_type=10 8 8 2
left_child=1 3 -3 -1
right_child=-2 2 -4 -5
leaf_value=-0.027882710772319904 0.029542737121092531 -0.021169262570259341 0.0082522196273177029 -0.0025995198992041259
leaf_weight=19.432345099747181 11.528409689664839 3.0433752387762061 47.846540555357933 16.151756286621094
leaf_count=133 39 20 423 77
internal_value=0 -0.00462254 0.00485551 -0.0182785
internal_weight=98.0024 86.474 50.8899 35.5841
internal_count=692 653 443 210
is_linear=0
shrinkage=0.03


Tree=46
num_leaves=7
num_cat=0
split_feature=21 2 8 2 19 15
split_gain=17.6691 7.08397 5.78816 5.58118 3.81114 2.17789
threshold=1.0000000180025095e-35 1.0000000180025095e-35 8.2880465000000019 0.64583350000000006 0.14940300000000004 0.32105100000000003
decision_type=8 10 10 10 10 10
left_child=2 4 5 -3 -2 -1
right_child=1 3 -4 -5 -6 -7
leaf_value=-0.024852631740588018 0.0054482217554190533 0.028169020633190142 0.0096749343505195574 -0.0043354352424806722 -0.013184538167955218 0
leaf_weight=26.628405235707763 38.226494897156954 16.570099696516994 2.8301226198673239 3.3664761036634436 9.7698348015546781 2.851628601551055
leaf_count=178 397 52 10 16 52 14
internal_value=-0.000602322 0.00775262 -0.0181846 0.0215232 0.000514678 -0.0224294
internal_weight=100.243 67.9329 32.3102 19.9366 47.9963 29.48
internal_count=719 517 202 68 449 192
is_linear=0
shrinkage=0.03


Tree=47
num_leaves=7
num_cat=0
split_feature=25 5 24 3 21 20
split_gain=17.7109 10.4167 6.62701 5.56489 4.27053 1.72884
threshold=0.71372150000000012 1.5000000000000002 0.97854950000000007 2.5000000000000004 0.14425450000000004 0.25015000000000004
decision_type=2 10 2 10 8 10
left_child=1 3 4 -1 -2 -4
right_child=2 -3 5 -5 -6 -7
leaf_value=-0.018465553851894641 -0.017207992398033004 0.01844889464585861 0.023172453387255244 0.013159851916609644 0.0097418307719192333 0
leaf_weight=42.889783769845963 6.0929703116416905 6.4206733405590048 31.247988514602184 2.35141497850418 9.1638690568506718 3.4959230571985236
leaf_count=408 34 20 166 7 65 14
internal_value=0.00177692 -0.00993664 0.0143231 -0.0154838 -0.000436736 0.0211188
internal_weight=101.663 51.6619 50.0008 45.2412 15.2568 34.7439
internal_count=714 435 279 415 99 180
is_linear=0
shrinkage=0.03


Tree=48
num_leaves=7
num_cat=0
split_feature=25 3 18 4 23 25
split_gain=18.4328 7.16287 7.15965 3.3951 2.41734 1.95567
threshold=0.68106350000000015 1.0000000180025095e-35 0.26234300000000005 1.0000000180025095e-35 0.76460150000000004 0.64340700000000006
decision_type=2 8 10 10 8 2
left_child=3 2 -2 5 -3 -1
right_child=1 4 -4 -5 -6 -7
leaf_value=-0.026373722015062908 -0.013583772722637812 0.029188057402307 0.014126122385467718 0.0024063934403853464 0.0073413188130261684 -0.0053700686411128871
leaf_weight=19.877996630966663 16.404026374220852 11.724118888378145 11.484965234994887 3.6321332007646552 18.136627662926912 12.122606597840784
leaf_count=229 78 41 42 14 182 98
internal_value=-0.000857544 0.0091519 -0.000937664 -0.0173073 0.0187135 -0.0204164
internal_weight=93.3825 57.7497 27.889 35.6327 29.8607 32.0006
internal_count=684 343 120 341 223 327
is_linear=0
shrinkage=0.03


Tree=49
num_leaves=6
num_cat=0
split_feature=25 4 21 4 15
split_gain=20.1198 7.00008 4.35808 2.69895 2.04705
threshold=0.63103100000000012 1.0000000180025095e-35 0.10762700000000001 1.0000000180025095e-35 0.23158100000000001
decision_type=2 10 8 10 10
left_child=3 2 -2 -1 -3
right_child=1 4 -4 -5 -6
leaf_value=-0.025642146035824487 -0.0046097022090000996 0.02806706651039188 0.010496315103328603 0.0020457206319216049 0
leaf_weight=19.15791225805879 28.763327941298485 14.463279694318773 31.351267095655203 0.95587378740310569 2.5027817338705054
leaf_count=224 137 51 272 3 11
internal_value=0.00141519 0.00876464 0.00291759 -0.0229337 0.0244282
internal_weight=97.1944 77.0807 60.1146 20.1138 16.9661
internal_count=698 471 409 227 62
is_linear=0
shrinkage=0.03


Tree=50
num_leaves=7
num_cat=0
split_feature=25 21 3 23 4 25
split_gain=20.3503 9.20761 4.1083 1.48432 1.39569 0.218446
threshold=0.71534050000000005 0.062116500000000012 1.0000000180025095e-35 0.0097775000000000015 3.5000000000000004 0.64869200000000016
decision_type=2 10 8 10 8 2
left_child=1 4 3 -2 -1 -3
right_child=2 5 -4 -5 -6 -7
leaf_value=-0.02268003839039763 -0.0054170640324749256 0 0.021147309253297875 0.0079018727925953321 -0.0058770155683016559 0.015406014455935138
leaf_weight=28.924361124634743 7.8405369371175793 3.1054394245147696 25.72315002605319 15.13808688521385 14.796976145356892 4.39947609603405
leaf_count=198 36 14 184 57 219 14
internal_value=0 -0.0129207 0.0133848 0.00210177 -0.0183779 0.0121847
internal_weight=99.928 51.2263 48.7018 22.9786 43.7213 7.50492
internal_count=722 445 277 93 417 28
is_linear=0
shrinkage=0.03


Tree=51
num_leaves=6
num_cat=0
split_feature=25 3 18 4 18
split_gain=14.6568 8.41671 5.47466 2.00501 2.37151
threshold=0.63103100000000012 1.5000000000000002 0.12633200000000003 1.0000000180025095e-35 0.3261150000000001
decision_type=2 10 8 10 10
left_child=3 2 -2 4 -1
right_child=1 -3 -4 -5 -6
leaf_value=-0.026247936776945688 -0.0091786979012332785 0.028233996738607717 0.0083993115988452733 0.00047748322503995765 0
leaf_weight=15.304062254726892 19.949906162917614 11.932831913232802 44.891130477190018 1.1044913232326496 3.3020446673035613
leaf_count=196 96 45 334 4 21
internal_value=0.00140133 0.00768693 0.00238207 -0.0195418 -0.0220199
internal_weight=96.4845 76.7739 64.841 19.7106 18.6061
internal_count=696 475 430 221 217
is_linear=0
shrinkage=0.03


Tree=52
num_leaves=7
num_cat=0
split_feature=25 3 5 9 22 25
split_gain=15.4513 9.75441 7.34462 3.94687 3.48595 1.92047
threshold=0.68316900000000003 1.0000000180025095e-35 1.5000000000000002 8.4592630000000018 0.16110350000000004 0.77888600000000008
decision_type=2 8 10 10 10 2
left_child=2 4 3 -1 -2 -3
right_child=1 5 -4 -5 -6 -7
leaf_value=-0.024455503957478839 -0.012248437913095524 0.0047711138992815004 0.011331909046971849 0.0051649326099338522 0.0077455697425590176 0.02529435356175927
leaf_weight=30.710818815976381 17.975613534450535 12.637089084833862 4.0595193058252326 1.7205445915460575 8.1491568833589536 16.907413810491562
leaf_count=336 87 112 13 6 30 112
internal_value=-0.00202234 0.00745858 -0.0167136 -0.0217331 -0.0048262 0.0186868
internal_weight=92.1602 55.6693 36.4909 32.4314 26.1248 29.5445
internal_count=696 341 355 342 117 224
is_linear=0
shrinkage=0.03


Tree=53
num_leaves=5
num_cat=0
split_feature=3 24 22 22
split_gain=13.3618 9.4545 5.42186 4.65488
threshold=1.5000000000000002 0.97148200000000007 0.040699500000000007 0.13270100000000004
decision_type=10 2 8 10
left_child=1 3 -3 -1
right_child=-2 2 -4 -5
leaf_value=-0.023492109178327315 0.027881881720975183 -0.0070580120704024822 0.009552112831651095 0.0029956549972619188
leaf_weight=21.750128757208589 10.748176127672194 27.043940342962742 37.466197706758976 4.5652444660663596
leaf_count=236 40 142 304 19
internal_value=0 -0.00377597 0.00214023 -0.0180373
internal_weight=101.574 90.8255 64.5101 26.3154
internal_count=741 701 446 255
is_linear=0
shrinkage=0.03


Tree=54
num_leaves=7
num_cat=0
split_feature=24 22 19 16 15 2
split_gain=12.0796 7.59764 6.24153 2.58084 2.34348 1.82417
threshold=0.97837900000000011 0.090430500000000011 0.0046685000000000008 0.46484200000000003 0.32105100000000003 0.21363650000000003
decision_type=2 10 8 10 8 10
left_child=1 4 -2 -4 -1 -3
right_child=2 5 3 -5 -6 -7
leaf_value=-0.027426248893884148 -0.01442324842413936 0.013118749466133176 0.014689920115395787 -0.0052076172323029628 -0.0058195016516143141 -0.0061359779596582677
leaf_weight=15.313702248036863 5.2850561216473571 8.7238975241780263 47.6594960950315 2.752335973083972 14.473096471279858 2.4176888391375533
leaf_count=117 41 33 300 14 195 15
internal_value=0 -0.0116872 0.00911003 0.0128104 -0.0193359 0.00640381
internal_weight=96.6253 40.9284 55.6969 50.4118 29.7868 11.1416
internal_count=715 360 355 314 312 48
is_linear=0
shrinkage=0.03


Tree=55
num_leaves=7
num_cat=0
split_feature=25 5 24 2 24 24
split_gain=16.6486 8.41669 6.08697 5.39224 4.54866 3.09345
threshold=0.71372150000000012 1.5000000000000002 0.9925655000000001 0.32575750000000009 0.97854950000000007 0.9574950000000001
decision_type=2 10 2 10 2 2
left_child=1 2 -1 5 -5 -2
right_child=3 -3 -4 4 -6 -7
leaf_value=-0.020203777405207627 -0.0064308223837201148 0.014760760941280099 0.010545599256616543 -0.021889954437644094 0.0072779803333007835 0.020716654894341102
leaf_weight=40.08172032982111 1.064333215355872 5.8059052526950827 3.4453105740249148 3.8623330742120769 12.287384092807768 32.604830719530582
leaf_count=409 12 19 21 25 49 201
internal_value=5.78991e-07 -0.0117032 -0.016602 0.0121646 -0.000467625 0.0185844
internal_weight=99.1518 49.3329 43.527 49.8189 16.1497 33.6692
internal_count=736 449 430 287 74 213
is_linear=0
shrinkage=0.03


Tree=56
num_leaves=7
num_cat=0
split_feature=25 24 22 23 15 7
split_gain=17.0341 10.8059 3.50697 2.87288 1.26068 0.433615
threshold=0.63103100000000012 0.97148200000000007 0.11690700000000001 0.73399800000000004 0.32105100000000003 8.2941500000000019
decision_type=2 2 8 10 10 10
left_child=4 2 -2 -3 5 -1
right_child=1 3 -4 -5 -6 -7
leaf_value=-0.024523293211269906 -0.02176583207009546 0.015989767859594901 0 -0.0013505181800033414 0 0
leaf_weight=16.858203191310174 8.3035520464181918 56.635294813662767 10.885544184595345 5.9036393016576758 0.85594131797552009 0.83394476771354575
leaf_count=214 58 330 94 26 5 4
internal_value=0.00151877 0.00779727 -0.00995458 0.0139082 -0.0219878 -0.0236283
internal_weight=100.276 81.728 19.1891 62.5389 18.5481 17.6921
internal_count=731 508 152 356 223 218
is_linear=0
shrinkage=0.03


Tree=57
num_leaves=7
num_cat=0
split_feature=25 24 2 20 9 24
split_gain=15.6599 12.8083 3.44778 2.66818 2.37732 1.00054
threshold=0.63103100000000012 0.97266400000000008 0.34848450000000003 0.25015000000000004 7.9372940000000005 0.94014500000000012
decision_type=2 2 8 10 10 2
left_child=4 2 -2 -3 5 -1
right_child=1 3 -4 -5 -6 -7
leaf_value=0 0 0.016978102345720246 -0.021089869627320894 0 0.0014420712970499793 -0.025846373839644502
leaf_weight=1.2312815673649371 9.3161537200212496 49.52906945720315 10.932950612157581 10.786253005266188 0.96945571899413963 16.359244428575039
leaf_count=13 43 290 122 45 3 211
internal_value=0.00105673 0.00717934 -0.0115363 0.0141853 -0.0214295 -0.0241734
internal_weight=99.1244 80.5644 20.2491 60.3153 18.56 17.5905
internal_count=727 500 165 335 227 224
is_linear=0
shrinkage=0.03


Tree=58
num_leaves=5
num_cat=0
split_feature=3 21 15 19
split_gain=11.483 8.16656 5.13056 3.46029
threshold=1.5000000000000002 0.11378600000000001 0.10075000000000002 0.42144850000000006
decision_type=10 8 10 10
left_child=1 3 -3 -1
right_child=-2 2 -4 -5
leaf_value=-0.0052306557826383394 0.026763952424219209 -0.00029909645194847961 0.020260569119771629 -0.026335528741925563
leaf_weight=34.770966410636902 10.476152852177618 29.419101264327765 12.141121208667753 9.3538280948996526
leaf_count=191 42 378 40 75
internal_value=0.000754679 -0.00288482 0.00599349 -0.0117329
internal_weight=96.1612 85.685 41.5602 44.1248
internal_count=726 684 418 266
is_linear=0
shrinkage=0.03


Tree=59
num_leaves=7
num_cat=0
split_feature=25 21 22 19 15 21
split_gain=11.4943 6.27789 4.37744 3.90542 1.0209 0.939039
threshold=0.63103100000000012 0.080088500000000021 0.43257100000000004 0.24449600000000002 0.32105100000000003 0.062116500000000012
decision_type=2 8 8 10 10 10
left_child=4 3 -3 -2 5 -1
right_child=1 2 -4 -5 -6 -7
leaf_value=-0.024812470142764203 0.0024686462443970635 0.023686880320565932 0.0018388194085595568 -0.01558733376850022 0 0
leaf_weight=14.993961732834583 22.624762445688248 14.723508000373839 22.892969723790884 13.784360490739344 0.98375000059604545 1.8355185389518727
leaf_count=206 99 51 251 79 6 9
internal_value=-0.00117285 0.00388263 0.0122469 -0.00427223 -0.0211545 -0.0227167
internal_weight=91.8388 74.0256 37.6165 36.4091 17.8132 16.8295
internal_count=701 480 302 178 221 215
is_linear=0
shrinkage=0.03


Tree=60
num_leaves=6
num_cat=0
split_feature=4 23 23 24 24
split_gain=11.5982 9.63888 7.64633 4.01257 1.66492
threshold=1.0000000180025095e-35 0.73399800000000004 0.0097775000000000015 0.96572050000000009 0.98304400000000014
decision_type=10 10 8 2 2
left_child=2 -2 4 -4 -1
right_child=1 -3 3 -5 -6
leaf_value=-0.027534753086927773 0.028431638373534282 -0.016752919695824122 -0.014621389076646672 0.0041048638409868976 -0.0042836460401994535
leaf_weight=12.013350784778597 14.836569979786875 2.5007281154394141 10.259245999157427 43.094303347170353 9.3458643555641157
leaf_count=102 57 14 119 351 53
internal_value=-0.00090439 0.0189292 -0.00644594 0 -0.0203732
internal_weight=92.0501 17.3373 74.7128 53.3535 21.3592
internal_count=696 71 625 470 155
is_linear=0
shrinkage=0.03


Tree=61
num_leaves=6
num_cat=0
split_feature=4 15 5 23 24
split_gain=12.7863 12.7529 7.00458 5.33492 5.08582
threshold=1.0000000180025095e-35 0.21584700000000004 1.5000000000000002 0.73399800000000004 0.97329700000000019
decision_type=10 8 10 10 2
left_child=1 2 -1 -2 -3
right_child=3 4 -4 -5 -6
leaf_value=-0.026958242874508882 0.027639340900069913 -0.0073020835274416407 0.00024125818214257064 -0.0056120829153524154 0.01230017486232675
leaf_weight=24.255839824676514 14.345137953758242 15.52509720250964 9.2170023173093778 2.7915757298469535 26.393958073109388
leaf_count=181 55 186 36 14 244
internal_value=-0.000299781 -0.00606623 -0.0192423 0.0207037 0.00436962
internal_weight=92.5286 75.3919 33.4728 17.1367 41.9191
internal_count=716 647 217 69 430
is_linear=0
shrinkage=0.03


Tree=62
num_leaves=6
num_cat=0
split_feature=25 4 15 23 15
split_gain=10.3553 6.04355 7.6708 5.61568 1.54034
threshold=0.58490200000000014 1.0000000180025095e-35 0.17807550000000003 0.68669650000000015 0.32105100000000003
decision_type=2 10 8 8 10
left_child=4 2 -2 -3 -1
right_child=1 3 -4 -5 -6
leaf_value=-0.025053695231247199 -0.010477426617164932 0.028543353249083636 0.0091464201981644993 -0.0070065755329069444 0
leaf_weight=10.382346518337723 27.125413320958614 12.497057765722271 40.44635409116745 2.3997522294521341 0.71924582123756486
leaf_count=148 144 48 359 12 4
internal_value=0.00115726 0.00533817 0.00073318 0.0209258 -0.0223017
internal_weight=93.5702 82.4686 67.5718 14.8968 11.1016
internal_count=715 563 503 60 152
is_linear=0
shrinkage=0.03


Tree=63
num_leaves=5
num_cat=0
split_feature=3 24 22 17
split_gain=11.2644 8.12283 6.53579 5.5936
threshold=1.5000000000000002 0.97148200000000007 0.13270100000000004 0.11739550000000001
decision_type=10 2 10 8
left_child=1 2 -1 -3
right_child=-2 3 -4 -5
leaf_value=-0.024758714604359189 0.026308629433941307 -0.010371898154393032 0.0056689112107493733 0.0083560153690078846
leaf_weight=19.033835425972942 10.30269245803356 17.016445718705654 5.5681908279657355 43.30211329087615
leaf_count=229 44 97 23 334
internal_value=0.000328956 -0.00327187 -0.0169175 0.0023578
internal_weight=95.2233 84.9206 24.602 60.3186
internal_count=727 683 252 431
is_linear=0
shrinkage=0.03


Tree=64
num_leaves=6
num_cat=0
split_feature=4 18 24 23 24
split_gain=9.19629 10.2289 10.6407 6.26157 0.14774
threshold=1.0000000180025095e-35 0.071565500000000018 0.97931000000000012 0.73399800000000004 0.9913050000000001
decision_type=10 8 2 10 2
left_child=1 4 -3 -2 -1
right_child=3 2 -4 -5 -6
leaf_value=-0.02565215568115958 0.026401811623628424 -0.010665257240622788 0.013376948185504467 -0.0088882356411090994 0
leaf_weight=13.443099856376646 14.050716727972032 29.535831559449434 30.243630729615688 2.983346313238143 2.2449346035718909
leaf_count=102 56 295 221 15 14
internal_value=0 -0.00445034 0.0010783 0.0183182 -0.0239138
internal_weight=92.5016 75.4675 59.7795 17.0341 15.688
internal_count=703 632 516 71 116
is_linear=0
shrinkage=0.03


Tree=65
num_leaves=5
num_cat=0
split_feature=3 22 24 24
split_gain=13.9651 8.84003 5.37516 4.37477
threshold=1.5000000000000002 0.039685500000000005 0.95943100000000014 0.98926850000000022
decision_type=10 8 2 2
left_child=1 3 -3 -1
right_child=-2 2 -4 -5
leaf_value=-0.021630957042087159 0.02680572014506594 -0.018871344385187207 0.0068167638574368966 0.00032580408156933555
leaf_weight=26.814134046435356 11.209578678011892 5.405573431402444 43.543431386351585 7.5250014886260024
leaf_count=189 49 72 387 41
internal_value=-0.000430062 -0.00524786 0.00247649 -0.0163764
internal_weight=94.4977 83.2881 48.949 34.3391
internal_count=738 689 459 230
is_linear=0
shrinkage=0.03


Tree=66
num_leaves=7
num_cat=0
split_feature=24 25 2 23 20 24
split_gain=8.71737 6.74209 6.49696 4.43562 2.49506 1.25667
threshold=0.97837900000000011 0.65221600000000013 0.47222200000000009 0.0074560000000000008 0.25015000000000004 0.99070000000000014
decision_type=2 2 10 10 10 2
left_child=2 5 3 -1 -3 -2
right_child=1 4 -4 -5 -6 -7
leaf_value=-0.010935971286704456 -0.018851854255664404 0.015802324628446215 -0.027795780950154687 0.010206089995733048 0 0
leaf_weight=16.649232927709821 4.8499619811773282 40.131907619535923 9.4297593608498556 12.913392074406145 7.5895505249500266 3.2340111695230007
leaf_count=235 55 242 83 57 32 31
internal_value=0.000654549 0.0083662 -0.00947707 -0.000690053 0.0129644 -0.0122335
internal_weight=94.7978 55.8054 38.9924 29.5626 47.7215 8.08397
internal_count=735 360 375 292 274 86
is_linear=0
shrinkage=0.03


Tree=67
num_leaves=6
num_cat=0
split_feature=4 5 16 19 19
split_gain=10.2924 6.1371 2.77279 2.61009 0.515319
threshold=1.0000000180025095e-35 1.5000000000000002 0.13781750000000001 0.31259500000000007 0.24449600000000002
decision_type=10 8 10 8 10
left_child=1 4 -3 -2 -1
right_child=3 2 -4 -5 -6
leaf_value=-0.0065819125738537888 0.024551638790623932 -0.00021963056425933065 0.018211805855596414 0 -0.019166640100487263
leaf_weight=23.3031245470047 12.991497717797753 31.162796061486006 5.5928674042224875 2.0707414746284494 14.596827290952204
leaf_count=141 54 384 18 11 111
internal_value=0 -0.00504031 0.00299299 0.0200903 -0.0132127
internal_weight=89.7179 74.6556 36.7557 15.0622 37.9
internal_count=719 654 402 65 252
is_linear=0
shrinkage=0.03


Tree=68
num_leaves=6
num_cat=0
split_feature=25 24 20 25 24
split_gain=10.2192 6.72534 5.6401 1.59351 0.125442
threshold=0.58490200000000014 0.95943100000000014 0.26207500000000006 0.64869200000000016 0.95018650000000016
decision_type=2 2 10 2 2
left_child=4 3 -3 -2 -1
right_child=1 2 -4 -5 -6
leaf_value=0 0 0.012580983892537713 -0.0064693454558051667 -0.02171814892000266 -0.024542408404630362
leaf_weight=0.62415887787938018 1.5812728740274895 61.119955904781818 13.58320043236017 6.0421207100152969 8.6058985441923124
leaf_count=11 16 417 75 60 136
internal_value=0.00154373 0.00546131 0.00861496 -0.0163239 -0.0237141
internal_weight=91.5566 82.3265 74.7032 7.62339 9.23006
internal_count=715 568 492 76 147
is_linear=0
shrinkage=0.03


Tree=69
num_leaves=5
num_cat=0
split_feature=3 23 24 17
split_gain=10.4257 7.6452 6.1356 2.80245
threshold=1.5000000000000002 0.00089200000000000011 0.97148200000000007 0.37665100000000001
decision_type=10 8 2 10
left_child=1 3 -3 -1
right_child=-2 2 -4 -5
leaf_value=-0.024316296528922341 0.025412405354047568 -0.012341854099206649 0.0071716103381930709 0
leaf_weight=14.748194023966791 9.7010869979858381 17.106119643896818 46.561527263373137 5.1186672970652571
leaf_count=123 44 194 347 35
internal_value=0 -0.00369414 0.00115932 -0.0186715
internal_weight=93.2356 83.5345 63.6676 19.8669
internal_count=743 699 541 158
is_linear=0
shrinkage=0.03


Tree=70
num_leaves=5
num_cat=0
split_feature=3 21 7 15
split_gain=9.75708 8.41973 5.0953 2.22139
threshold=1.5000000000000002 0.00092500000000000015 1.0000000180025095e-35 0.26530700000000002
decision_type=10 8 8 10
left_child=1 3 -3 -1
right_child=-2 2 -4 -5
leaf_value=-0.022833645149374651 0.024273644204363381 0.011765028727033146 -0.0055813325956782173 0
leaf_weight=19.068449735641483 8.6452592313289625 22.807592771947384 32.615571919828653 5.9176237359642974
leaf_count=154 40 97 392 32
internal_value=-0.00106771 -0.00492704 0.00128108 -0.0184308
internal_weight=89.0545 80.4092 55.4232 24.9861
internal_count=715 675 489 186
is_linear=0
shrinkage=0.03


Tree=71
num_leaves=6
num_cat=0
split_feature=4 18 24 23 17
split_gain=7.44059 9.61566 6.42751 4.87956 1.40253
threshold=1.0000000180025095e-35 0.12633200000000003 0.96572050000000009 0.73399800000000004 0.14959500000000003
decision_type=10 8 2 10 10
left_child=1 4 -3 -2 -1
right_child=3 2 -4 -5 -6
leaf_value=-0.0224813003747736 0.027504990561504336 -0.010880886898101615 0.011900798781489729 -0.0050960973506829271 -0.002798279815602771
leaf_weight=11.741860821843149 13.214700043201445 10.84314016625285 42.930467821657658 2.5365193635225287 10.612783804535864
leaf_count=91 56 134 355 13 64
internal_value=0.00373364 -4.45475e-05 0.00644637 0.0206798 -0.0157568
internal_weight=91.8795 76.1283 53.7736 15.7512 22.3546
internal_count=713 644 489 69 155
is_linear=0
shrinkage=0.03


Tree=72
num_leaves=7
num_cat=0
split_feature=25 4 22 2 4 20
split_gain=9.45545 5.42719 3.49445 3.36184 2.12446 0.732961
threshold=0.7008795000000001 1.0000000180025095e-35 0.039685500000000005 0.32575750000000009 3.5000000000000004 0.41488350000000007
decision_type=2 8 10 10 10 8
left_child=2 3 4 -2 -1 -4
right_child=1 -3 5 -5 -6 -7
leaf_value=-0.017338621532486113 0.0074917907151062285 0.017379207679179918 0.0075472532861551771 -0.012549470155474009 0.0040498174272724525 -0.004408747412070319
leaf_weight=28.24417577683926 13.136286646127703 26.512970238924026 7.8631749451160404 10.548198528587816 1.1838280260562886 2.302338384091855
leaf_count=344 51 216 33 56 4 18
internal_value=0 0.00871807 -0.0102404 -0.00071701 -0.015258 0.00217314
internal_weight=89.791 50.1975 39.5935 23.6845 29.428 10.1655
internal_count=722 323 399 107 348 51
is_linear=0
shrinkage=0.03


Tree=73
num_leaves=5
num_cat=0
split_feature=3 24 25 22
split_gain=8.38353 5.32441 5.10024 3.38715
threshold=1.5000000000000002 0.97148200000000007 0.58490200000000014 0.13270100000000004
decision_type=10 2 2 10
left_child=1 3 -3 -1
right_child=-2 2 -4 -5
leaf_value=-0.020375643996245963 0.023768306478680685 -0.019956600125516043 0.0048610730516238133 0.001147572462853273
leaf_weight=18.235430348664526 8.4822335094213468 5.4756230264902106 51.428386505693197 5.4837413355708113
leaf_count=227 41 80 339 25
internal_value=0 -0.00355779 0.00109234 -0.0147067
internal_weight=89.1054 80.6232 56.904 23.7192
internal_count=712 671 419 252
is_linear=0
shrinkage=0.03


Tree=74
num_leaves=6
num_cat=0
split_feature=4 18 2 23 23
split_gain=7.29059 9.55939 5.20256 4.0145 0.360834
threshold=1.0000000180025095e-35 0.12633200000000003 0.47222200000000009 0.73399800000000004 0.82762200000000008
decision_type=10 8 8 8 10
left_child=1 4 -3 -2 -1
right_child=3 2 -4 -5 -6
leaf_value=-0.020169908721609901 0.024650589180686085 0.015214775487850682 -0.0032254933445696509 -0.0047227508232021362 0
leaf_weight=20.466728411614898 11.702641703188416 17.711359970271587 34.133167419582605 2.5306841135025033 2.6095090731978408
leaf_count=145 51 74 423 13 18
internal_value=0 -0.0037864 0.00301481 0.0177742 -0.0188058
internal_weight=89.1541 74.9208 51.8445 14.2333 23.0762
internal_count=724 660 497 64 163
is_linear=0
shrinkage=0.03


Tree=75
num_leaves=5
num_cat=0
split_feature=3 25 23 22
split_gain=9.03588 5.96433 2.82214 1.68099
threshold=1.5000000000000002 0.63103100000000012 0.81133400000000011 0.054184000000000003
decision_type=10 2 10 10
left_child=1 3 -3 -1
right_child=-2 2 -4 -5
leaf_value=-0.023099168897627611 0.023512264425032261 0.0019109308907959556 -0.016711875812715566 0
leaf_weight=13.679917510598896 8.2866728454828245 55.365973602980375 5.3312067389488211 2.1588217392563811
leaf_count=217 41 401 34 16
internal_value=-0.00119976 -0.0050385 0 -0.019802
internal_weight=84.8226 76.5359 60.6972 15.8387
internal_count=709 668 435 233
is_linear=0
shrinkage=0.03


Tree=76
num_leaves=6
num_cat=0
split_feature=25 3 2 4 15
split_gain=8.5644 4.77828 3.14229 2.00904 1.3081
threshold=0.64340700000000006 1.5000000000000002 0.32575750000000009 1.0000000180025095e-35 0.32105100000000003
decision_type=2 10 10 10 10
left_child=3 2 -2 4 -1
right_child=1 -3 -4 -5 -6
leaf_value=-0.022765189090521293 0.0047581070276965509 0.022242604770958487 -0.009324479667035571 0.00039613448663791944 0
leaf_weight=16.293894413858659 40.736173417419195 7.4081034660339347 18.138387247920036 1.5069590657949437 0.80602246522903342
leaf_count=241 314 38 102 6 5
internal_value=-0.00132901 0.00350016 0 -0.0180177 -0.0209499
internal_weight=84.8895 66.2827 58.8746 18.6069 17.0999
internal_count=706 454 416 252 246
is_linear=0
shrinkage=0.03


Tree=77
num_leaves=7
num_cat=0
split_feature=25 20 25 2 5 7
split_gain=9.73215 4.61169 4.64264 2.24 1.60009 0.947414
threshold=0.78167200000000014 0.27370350000000004 0.60031250000000014 0.32575750000000009 1.5000000000000002 8.6832670000000025
decision_type=2 8 2 10 10 10
left_child=1 2 -1 -2 -3 -5
right_child=3 4 -4 5 -6 -7
leaf_value=-0.018186019764115876 0.019547384692117597 -0.015723010556878483 0.0078467540617359159 -0.0057598243273760882 0.00089452544428162859 0.010411382312597476
leaf_weight=4.73163974285126 18.239778045564893 30.11567547172308 24.294032119214535 5.5299599096179 1.9144547432661045 2.2555572688579559
leaf_count=57 124 381 112 28 7 11
internal_value=0 -0.00644314 0.00136022 0.0144966 -0.0138818 0
internal_weight=87.0811 61.0558 29.0257 26.0253 32.0301 7.78552
internal_count=720 557 169 163 388 39
is_linear=0
shrinkage=0.03


Tree=78
num_leaves=5
num_cat=0
split_feature=3 25 19 5
split_gain=7.51452 4.84483 2.41882 1.73933
threshold=1.5000000000000002 0.61782200000000009 0.49862050000000008 1.5000000000000002
decision_type=10 2 10 10
left_child=1 3 -3 -1
right_child=-2 2 -4 -5
leaf_value=-0.020528302569985987 0.0229465031368206 0.0024756478058880599 -0.014835655967557933 0.00050710297887963224
leaf_weight=13.210335012525317 8.1227117478847486 58.303359359502792 5.1837954670190802 0.96443079411983568
leaf_count=203 43 423 39 3
internal_value=0 -0.00335235 5.31761e-06 -0.0175118
internal_weight=85.7846 77.6619 63.4872 14.1748
internal_count=711 668 462 206
is_linear=0
shrinkage=0.03


Tree=79
num_leaves=7
num_cat=0
split_feature=25 20 20 18 18 18
split_gain=7.37216 5.27441 3.31397 1.27728 1.2709 0.853117
threshold=0.63103100000000012 0.27370350000000004 0.087964500000000015 0.19956300000000002 0.3261150000000001 0.36597200000000008
decision_type=2 10 10 8 10 10
left_child=4 2 -2 -3 -1 -6
right_child=1 3 -4 -5 5 -7
leaf_value=-0.019486034278113046 0.0034087507001309214 -0.01615059393153459 0.019757644163730922 0 0.0096043582217293939 -0.0084075273179886195
leaf_weight=11.809006024152039 40.855753775686026 6.5028746873140308 17.876581147313118 7.225765898823739 1.5552973449230187 1.9175959303975103
leaf_count=194 346 42 74 38 7 20
internal_value=0.0010655 0.00547103 0.00958923 -0.00891381 -0.0156528 0
internal_weight=87.7429 72.461 58.7323 13.7286 15.2819 3.47289
internal_count=721 500 420 80 221 27
is_linear=0
shrinkage=0.03


Tree=80
num_leaves=6
num_cat=0
split_feature=4 18 23 5 16
split_gain=7.46305 11.2074 5.76918 2.14944 0.743085
threshold=1.0000000180025095e-35 0.14532350000000002 0.73399800000000004 1.5000000000000002 0.18833900000000001
decision_type=10 8 8 10 10
left_child=1 4 -2 -3 -1
right_child=2 3 -4 -5 -6
leaf_value=-0.02760471900639843 0.024025929632253872 -0.0002241210157348638 -0.0098162869134214327 0.014972586154077651 -0.0060338690060779574
leaf_weight=13.462900873273613 12.661422982811924 42.091063294559717 2.9988377392292032 6.5280481129884711 8.4730072915554029
leaf_count=109 59 452 16 23 58
internal_value=-0.00116272 -0.00572533 0.0154014 0.00198674 -0.0222041
internal_weight=86.2153 70.555 15.6603 48.6191 21.9359
internal_count=717 642 75 475 167
is_linear=0
shrinkage=0.03


Tree=81
num_leaves=6
num_cat=0
split_feature=4 18 2 23 15
split_gain=6.33171 7.95012 6.25469 5.67521 1.18351
threshold=1.0000000180025095e-35 0.12633200000000003 0.47222200000000009 0.73399800000000004 0.019100000000000002
decision_type=10 8 8 8 10
left_child=1 4 -3 -2 -1
right_child=3 2 -4 -5 -6
leaf_value=-0.0020776392716686091 0.025310476578431686 0.017097464017787712 -0.0030754347857498399 -0.0097852118330003061 -0.021401931474455876
leaf_weight=8.932195648550989 12.909856885671612 18.298355579376221 32.656322166323662 2.3807553946971902 13.460716165602205
leaf_count=78 61 79 412 13 88
internal_value=0.00149983 -0.00199866 0.0041607 0.0174972 -0.0160313
internal_weight=88.6382 73.3476 50.9547 15.2906 22.3929
internal_count=731 657 491 74 166
is_linear=0
shrinkage=0.03


Tree=82
num_leaves=7
num_cat=0
split_feature=21 24 18 15 15 24
split_gain=8.09235 8.60177 4.8433 3.48119 1.92576 0.0992164
threshold=0.11378600000000001 0.98177350000000008 0.11929350000000001 0.32105100000000003 0.095195500000000016 0.98630350000000011
decision_type=10 2 8 8 10 2
left_child=1 3 -3 -1 -2 -6
right_child=4 2 -4 -5 5 -7
leaf_value=-0.022315590009062573 0 -0.0061416042780636981 0.014204156869704975 -0.0017930118475317296 0.02399214417842473 0
leaf_weight=18.535519290715456 3.6342744529247311 13.554412752389906 21.795407876372337 17.61544094607234 10.767426468431948 2.0493445545434943
leaf_count=158 18 88 171 239 38 10
internal_value=0.000192526 -0.00398673 0.00575041 -0.0139854 0.0177124 0.0222575
internal_weight=87.9518 71.5008 35.3498 36.151 16.451 12.8168
internal_count=722 656 259 397 66 48
is_linear=0
shrinkage=0.03


Tree=83
num_leaves=5
num_cat=0
split_feature=25 24 21 15
split_gain=8.36382 6.76786 3.96435 1.02972
threshold=0.58490200000000014 0.97148200000000007 0.13168750000000004 0.021924500000000003
decision_type=2 2 10 8
left_child=-1 2 -2 -3
right_child=1 3 -4 -5
leaf_value=-0.023208695825817267 -0.016672838240390089 0 0.0091186940064532547 0.011632096859629759
leaf_weight=8.1320388019084913 14.865648664534094 12.259340815246103 3.7776046246290198 46.063990268856287
leaf_count=141 169 64 14 316
internal_value=0.000765161 0.00444898 -0.00952113 0.0096511
internal_weight=85.0986 76.9666 18.6433 58.3233
internal_count=704 563 183 380
is_linear=0
shrinkage=0.03


Tree=84
num_leaves=5
num_cat=0
split_feature=3 24 7 21
split_gain=6.7767 5.65102 3.67866 2.73373
threshold=1.5000000000000002 0.97148200000000007 1.0000000180025095e-35 0.30858750000000007
decision_type=10 2 10 10
left_child=1 3 -3 -1
right_child=-2 2 -4 -5
leaf_value=-0.017086786796241576 0.023148250692742029 0.0067296263498169921 -0.01159443340862603 0.0053363838928220109
leaf_weight=20.71448622643948 8.3334126174449903 50.470527365803719 8.3460292965173704 2.33514180779457
leaf_count=253 45 401 41 8
internal_value=0.00122211 -0.0013957 0.00320765 -0.0133105
internal_weight=90.1996 81.8662 58.8166 23.0496
internal_count=748 703 442 261
is_linear=0
shrinkage=0.03


Tree=85
num_leaves=6
num_cat=0
split_feature=25 24 21 23 24
split_gain=6.51462 5.45805 3.06607 2.42719 2.08611
threshold=0.58490200000000014 0.97148200000000007 0.12386950000000001 0.73399800000000004 0.93836150000000007
decision_type=2 2 10 10 2
left_child=4 2 -2 -3 -1
right_child=1 3 -4 -5 -6
leaf_value=0.0015849089543474399 -0.013928649057982845 0.01149771524676645 0.0078396810853762627 -0.004331462678364149 -0.023174622835653386
leaf_weight=0.83991206809878249 15.223783779889347 54.832642190158367 4.3326760977506629 5.6504503265023223 8.2244774438440782
leaf_count=9 177 370 16 28 148
internal_value=0.001597 0.00483056 -0.00737469 0.00941155 -0.0185701
internal_weight=89.1039 80.0396 19.5565 60.4831 9.06439
internal_count=748 591 193 398 157
is_linear=0
shrinkage=0.03


Tree=86
num_leaves=7
num_cat=0
split_feature=25 21 24 24 4 24
split_gain=6.12058 3.96634 4.98739 2.62052 2.01258 1.44738
threshold=0.63103100000000012 0.10762700000000001 0.98177350000000008 0.95943100000000014 1.0000000180025095e-35 0.94324300000000016
decision_type=2 8 2 2 10 2
left_child=4 2 -2 -3 5 -1
right_child=1 3 -4 -5 -6 -7
leaf_value=0 -0.01463822840928136 -0.0064009010748028276 0.0062438960070941244 0.013614066947771248 0.0018929906267338751 -0.022230079206840503
leaf_weight=1.3720676191151131 15.014639392495154 3.008039701730012 19.277396142482758 32.710591558367014 1.5025760531425465 12.034438781440256
leaf_count=18 96 41 86 269 6 200
internal_value=0 0.00401455 -0.00253686 0.0107883 -0.0155525 -0.0193249
internal_weight=84.9197 70.0107 34.292 35.7186 14.9091 13.4065
internal_count=716 492 182 310 224 218
is_linear=0
shrinkage=0.03


Tree=87
num_leaves=6
num_cat=0
split_feature=4 18 23 15 15
split_gain=6.37159 8.38035 4.03385 3.4169 0.889172
threshold=1.0000000180025095e-35 0.12633200000000003 0.73399800000000004 0.21584700000000004 0.51415250000000012
decision_type=10 8 8 10 10
left_child=1 4 -2 -3 -1
right_child=2 3 -4 -5 -6
leaf_value=-0.020084069804981453 0.023860703139025125 -0.00093250350587921872 -0.0057712071387035621 0.01652855151360336 0
leaf_weight=19.340949639678005 11.315143086016175 38.843727353960276 2.4087662547826776 9.461470775306223 1.1910777240991581
leaf_count=158 55 440 12 42 5
internal_value=0 -0.00379511 0.0167637 0.00266933 -0.0186801
internal_weight=82.5611 68.8372 13.7239 48.3052 20.532
internal_count=712 645 67 482 163
is_linear=0
shrinkage=0.03


Tree=88
num_leaves=5
num_cat=0
split_feature=3 25 24 5
split_gain=5.62802 4.14823 3.88485 3.05595
threshold=1.5000000000000002 0.63103100000000012 0.97663800000000012 1.5000000000000002
decision_type=10 2 2 10
left_child=1 3 -3 -1
right_child=-2 2 -4 -5
leaf_value=-0.020413239797701908 0.02138976436312107 -0.0080485007393419714 0.0067911002431668239 0.0066994334600327353
leaf_weight=13.251857237890361 6.9496049880981436 22.37849386036396 37.793413013219833 1.3602508753538121
leaf_count=221 39 196 239 4
internal_value=0 -0.00256825 0.000677094 -0.0154747
internal_weight=81.7336 74.784 60.1719 14.6121
internal_count=699 660 435 225
is_linear=0
shrinkage=0.03


Tree=89
num_leaves=7
num_cat=0
split_feature=23 4 23 18 17 25
split_gain=6.92174 4.04166 3.78608 4.36845 3.66873 3.45764
threshold=0.00089200000000000011 1.0000000180025095e-35 0.51918300000000006 0.29332350000000001 0.37665100000000001 0.71534050000000005
decision_type=8 10 8 10 10 2
left_child=1 4 3 -2 -1 -4
right_child=2 -3 5 -5 -6 -7
leaf_value=-0.027994093196597569 0.00075721189084409482 0.0069675051555320132 -0.0088071843506581284 0.026867239766300913 0 0.0074335220589842937
leaf_weight=11.676865894347435 16.373696416616443 2.8912764489650717 21.980699580162764 9.0375302284955961 5.0529481694102278 18.608377177268267
leaf_count=113 78 16 285 30 38 172
internal_value=0 -0.0146401 0.00447392 0.0129556 -0.0203866 -0.000674097
internal_weight=85.6214 19.6211 66.0003 25.4112 16.7298 40.5891
internal_count=732 167 565 108 151 457
is_linear=0
shrinkage=0.03


Tree=90
num_leaves=5
num_cat=0
split_feature=3 2 24 7
split_gain=6.06049 4.82028 8.98766 3.98762
threshold=1.5000000000000002 0.47222200000000009 0.98605000000000009 1.0000000180025095e-35
decision_type=10 10 2 10
left_child=1 3 -3 -1
right_child=-2 2 -4 -5
leaf_value=0.0044885096471970797 0.02128418613007213 -0.02981506730467718 0.0050427284453654873 -0.016118858271252211
leaf_weight=50.17334801517427 7.0922754853963843 11.600300770252945 8.5988531038165075 6.8495242148637763
leaf_count=491 42 106 50 36
internal_value=-0.000253191 -0.00332718 -0.0149496 0.00083145
internal_weight=84.3143 77.222 20.1992 57.0229
internal_count=725 683 156 527
is_linear=0
shrinkage=0.03


Tree=91
num_leaves=5
num_cat=0
split_feature=3 20 18 19
split_gain=6.15622 3.06263 3.1244 1.4463
threshold=1.5000000000000002 0.26207500000000006 0.29332350000000001 0.035985500000000011
decision_type=10 10 10 10
left_child=1 2 -1 -3
right_child=-2 3 -4 -5
leaf_value=-0.0016151277360609783 0.022169556053343677 0 0.014708328721280776 -0.016277818114699777
leaf_weight=50.97525729238987 7.9059599041938773 3.5388096533715752 9.6990538164973241 12.936661873012779
leaf_count=517 48 18 42 103
internal_value=0.000827573 -0.0017331 0.00109314 -0.0122468
internal_weight=85.0557 77.1498 60.6743 16.4755
internal_count=728 680 559 121
is_linear=0
shrinkage=0.03


Tree=92
num_leaves=6
num_cat=0
split_feature=25 24 25 21 5
split_gain=6.9799 3.62498 2.26009 2.12135 1.75362
threshold=0.61782200000000009 0.96572050000000009 0.64587800000000006 0.090908500000000017 1.5000000000000002
decision_type=2 2 2 8 10
left_child=4 2 -2 -3 -1
right_child=1 3 -4 -5 -6
leaf_value=-0.02166145381429856 0.006938983838467104 0.00044860337080984794 -0.015502843625993381 0.012693992123140903 4.2565351375553528e-05
leaf_weight=10.73859820142388 1.8385783210396756 29.320202380418777 9.0159321874380094 31.139215435832739 0.95252619683742601
leaf_count=197 19 147 92 261 3
internal_value=0.000322374 0.00437543 -0.00885678 0.0075302 -0.0182035
internal_weight=83.0051 71.3139 10.8545 60.4594 11.6911
internal_count=719 519 111 408 200
is_linear=0
shrinkage=0.03


Tree=93
num_leaves=7
num_cat=0
split_feature=20 20 2 19 25 21
split_gain=5.18597 4.29198 3.31094 0.982694 0.452093 0.877315
threshold=0.27370350000000004 0.087964500000000015 0.32575750000000009 0.39423050000000004 0.71764050000000013 0.059233000000000008
decision_type=10 10 10 10 2 8
left_child=1 2 -1 -3 5 -2
right_child=4 3 -4 -5 -6 -7
leaf_value=0.0014973429677997358 -0.022427171445900285 0.015095146938681494 -0.015526665997339503 0 -0.00099976818785641039 0
leaf_weight=35.604883056133986 8.1271841339766944 18.193807687610391 10.155108284205197 2.2917981818318358 5.6788610219955435 1.0306557491421706
leaf_count=409 82 88 82 15 28 5
internal_value=-0.0011001 0.00228073 -0.00238823 0.0129603 -0.0157221 -0.0198845
internal_weight=81.0823 66.2456 45.76 20.4856 14.8367 9.15784
internal_count=709 594 491 103 115 87
is_linear=0
shrinkage=0.03


Tree=94
num_leaves=5
num_cat=0
split_feature=3 18 2 4
split_gain=4.66015 5.54353 3.78136 2.89515
threshold=1.5000000000000002 0.12633200000000003 0.47222200000000009 1.0000000180025095e-35
decision_type=10 8 8 10
left_child=1 3 -3 -1
right_child=-2 2 -4 -5
leaf_value=-0.017544877317121673 0.020386815086810367 0.012663175842031122 -0.0024280746260391135 0.0036111118013578986
leaf_weight=19.931903883814815 6.6398331597447386 21.02828723192215 31.509663408622146 3.737306334078311
leaf_count=160 42 94 413 15
internal_value=0.000454292 -0.00161003 0.00342977 -0.0130491
internal_weight=82.847 76.2072 52.538 23.6692
internal_count=724 682 507 175
is_linear=0
shrinkage=0.03


Tree=95
num_leaves=6
num_cat=0
split_feature=25 5 24 23 24
split_gain=7.71776 5.42786 4.50516 2.74713 2.19933
threshold=0.68106350000000015 1.5000000000000002 0.95943100000000014 0.82762200000000008 0.94014500000000012
decision_type=2 10 2 10 2
left_child=1 4 -2 -4 -1
right_child=2 -3 3 -5 -6
leaf_value=0.00021703945503888147 -0.017104263698868007 0.013045788661056558 0.011924061431022792 -0.0086833322806060664 -0.020275307800242601
leaf_weight=2.2679111547768178 2.8873534724116316 3.0150893181562415 44.633258186280727 2.7318749502301207 22.265450028702617
leaf_count=28 32 9 304 16 314
internal_value=0 -0.0121986 0.00671351 0.00969341 -0.0174741
internal_weight=77.8009 27.5485 50.2525 47.3651 24.5334
internal_count=703 351 352 320 342
is_linear=0
shrinkage=0.03


Tree=96
num_leaves=6
num_cat=0
split_feature=21 19 19 20 15
split_gain=6.1036 3.52506 2.8591 1.98684 0.50883
threshold=0.12386950000000001 0.24449600000000002 0.20051800000000003 0.14597250000000003 0.095195500000000016
decision_type=10 10 10 10 10
left_child=1 2 -1 -3 -2
right_child=4 3 -4 -5 -6
leaf_value=0 0 0 0.020795944973968729 -0.019492714796382718 0.021777874247891207
leaf_weight=49.265698613598943 2.5710100233554831 5.0027382485568515 3.5745239295065394 9.5616438090801221 10.391515351831911
leaf_count=512 14 31 15 86 42
internal_value=0.00240567 -0.00108172 0.00219932 -0.013036 0.0192145
internal_weight=80.3671 67.4046 52.8402 14.5644 12.9625
internal_count=700 644 527 117 56
is_linear=0
shrinkage=0.03


Tree=97
num_leaves=5
num_cat=0
split_feature=3 15 5 7
split_gain=4.68651 4.56794 4.23117 2.56031
threshold=1.5000000000000002 0.20060950000000002 1.5000000000000002 1.0000000180025095e-35
decision_type=10 8 10 8
left_child=1 2 -1 -3
right_child=-2 3 -4 -5
leaf_value=-0.016842567698616886 0.019761797696289204 0.012771564632803148 0.003413158579020777 -0.0012559250471023567
leaf_weight=24.875632349401712 6.2133576646447173 13.828749310225247 9.3393020182847959 27.316507030278444
leaf_count=205 39 67 37 372
internal_value=-9.99665e-05 -0.00281427 -0.010678 0.00332661
internal_weight=81.5735 75.3602 34.2149 41.1453
internal_count=720 681 242 439
is_linear=0
shrinkage=0.03


Tree=98
num_leaves=6
num_cat=0
split_feature=21 18 9 23 20
split_gain=3.8772 1.97269 3.8435 2.10262 1.05669
threshold=0.10762700000000001 0.12633200000000003 8.3048650000000013 0.73399800000000004 0.032888500000000008
decision_type=10 8 10 8 10
left_child=1 2 -1 -3 -2
right_child=4 3 -4 -5 -6
leaf_value=-0.01612473907320262 0 0.0088513355079002168 0.0081101492437635429 -0.00379427520302337 0.015985645959960049
leaf_weight=17.800468578934673 2.6164021641015998 15.000885084271429 4.2550949752330771 30.491401782259345 11.829321436583994
leaf_count=151 14 84 23 401 53
internal_value=0 -0.00303774 -0.00984062 4.65286e-05 0.0127555
internal_weight=81.9936 67.5479 22.0556 45.4923 14.4457
internal_count=726 659 174 485 67
is_linear=0
shrinkage=0.03


Tree=99
num_leaves=6
num_cat=0
split_feature=4 24 22 17 16
split_gain=5.99709 4.16374 6.03744 4.69804 0.349187
threshold=1.0000000180025095e-35 0.98177350000000008 0.13270100000000004 0.11739550000000001 0.28554300000000005
decision_type=10 2 8 8 10
left_child=1 2 -1 -3 -2
right_child=4 3 -4 -5 -6
leaf_value=-0.02015175650201011 0.020851753421410889 -0.0096559747693910521 0.0013620601674776006 0.012802859993437927 0
leaf_weight=17.331377159804106 10.148708552122114 8.3369078040123004 21.492981275543571 22.977435227483511 2.2243643477559081
leaf_count=167 55 54 247 186 10
internal_value=0.00157826 -0.00168496 -0.00828111 0.00562787 0.0187468
internal_weight=82.5118 70.1387 38.8244 31.3143 12.3731
internal_count=719 654 414 240 65
is_linear=0
shrinkage=0.03


Tree=100
num_leaves=5
num_cat=0
split_feature=3 15 4 19
split_gain=5.04883 5.11688 4.04536 2.38919
threshold=1.5000000000000002 0.20060950000000002 1.0000000180025095e-35 0.24449600000000002
decision_type=10 8 10 8
left_child=1 2 -1 -3
right_child=-2 3 -4 -5
leaf_value=-0.015813638490986923 0.020223429093316744 0.014332307921394486 0.007911975649039971 -4.616032191939591e-05
leaf_weight=28.559122681617737 6.5238577574491492 10.117260225117205 4.325447589159011 31.820228781551123
leaf_count=217 42 44 18 404
internal_value=-2.49856e-05 -0.00288752 -0.0114563 0.00348024
internal_weight=81.3459 74.8221 32.8846 41.9375
internal_count=725 683 235 448
is_linear=0
shrinkage=0.03


Tree=101
num_leaves=7
num_cat=0
split_feature=24 21 19 16 24 19
split_gain=5.176 4.00146 2.94418 2.44329 1.48452 1.1082
threshold=0.9742360000000001 0.12386950000000001 0.0046685000000000008 0.45824950000000003 0.90790150000000014 0.13086600000000004
decision_type=2 10 8 10 2 10
left_child=1 4 -2 -4 -1 -3
right_child=2 5 3 -5 -6 -7
leaf_value=0.00086426919194075309 -0.010469898778734795 -0.00017668612029360405 0.01096860891584142 -0.0081809551371328261 -0.017627136721704309 0.015431408628952004
leaf_weight=0.8309176079928936 4.2729609459638587 2.62850697338581 46.039025366306305 2.8019226118922225 19.324067663401365 3.119692787528038
leaf_count=7 46 14 354 16 267 10
internal_value=0.000701317 -0.00922934 0.00631354 0.00888149 -0.015556 0.00725189
internal_weight=79.0171 25.9032 53.1139 48.8409 20.155 5.7482
internal_count=714 298 416 370 274 24
is_linear=0
shrinkage=0.03


Tree=102
num_leaves=7
num_cat=0
split_feature=25 21 24 2 24 3
split_gain=7.02696 4.89947 3.26058 1.52905 1.22752 0.633179
threshold=0.78167200000000014 0.062116500000000012 0.98573450000000007 0.32575750000000009 0.98839550000000009 1.0000000180025095e-35
decision_type=2 10 2 10 2 10
left_child=1 2 -1 4 -2 -5
right_child=3 -3 -4 5 -6 -7
leaf_value=-0.015648317374515587 0.020214384992646578 0.00902477786149798 0 -0.0057813087461550585 0 0.007971136756630505
leaf_weight=31.76667264290154 12.975506722927099 10.618229776620863 13.621226958930491 4.3643901199102393 3.9557311199605456 2.0947788208723068
leaf_count=386 93 46 122 22 36 14
internal_value=-0.000119606 -0.00621396 -0.0107375 0.0123835 0.0164953 0
internal_weight=79.3965 56.0061 45.3879 23.3904 16.9312 6.45917
internal_count=719 554 508 165 129 36
is_linear=0
shrinkage=0.03


Tree=103
num_leaves=5
num_cat=0
split_feature=3 0 19 19
split_gain=5.38523 3.04997 3.54802 1.81461
threshold=1.5000000000000002 1.0000000180025095e-35 0.11450050000000002 0.019694500000000004
decision_type=10 8 8 10
left_child=1 3 -3 -1
right_child=-2 2 -4 -5
leaf_value=0.00016520237447573727 0.020328512132504604 -0.011682617319033571 0.0038584817509052178 -0.01939724786866933
leaf_weight=1.9496057182550419 6.6449612975120536 15.012747239321468 46.353858608752489 10.960361659526823
leaf_count=8 44 108 506 69
internal_value=-0.000404095 -0.00336428 0 -0.0150833
internal_weight=80.9215 74.2766 61.3666 12.91
internal_count=735 691 614 77
is_linear=0
shrinkage=0.03


end of trees

feature_importances:
embedding_cosine_gte_multilingual_base=77
reranker_score_gte_multilingual_reranker_base=71
repeated_title_share_percentile_gap_abs=46
shared_description_count_capped=44
shared_title_count_capped=43
max_category_share_percentile_gap_abs=40
item_count_percentile_gap_abs=36
shared_category_count_capped=34
punct_ratio_mean_percentile_gap_abs=28
profile_category_jaccard=23
description_length_median_percentile_gap_abs=21
digit_ratio_mean_percentile_gap_abs=20
repeated_description_share_percentile_gap_abs=19
shared_description_idf_sum=13
price_median_percentile_gap_abs=10
title_length_median_percentile_gap_abs=9
shared_description_idf_mean=4
same_market_raw_bool=1
shared_title_idf_sum=1
shared_title_idf_mean=1

parameters:
[boosting: gbdt]
[objective: binary]
[metric: binary_logloss,auc]
[tree_learner: serial]
[device_type: cpu]
[data_sample_strategy: bagging]
[data: ]
[valid: ]
[num_iterations: 120]
[learning_rate: 0.03]
[num_leaves: 7]
[num_threads: 0]
[seed: 20260320]
[deterministic: 1]
[force_col_wise: 1]
[force_row_wise: 0]
[histogram_pool_size: -1]
[max_depth: 3]
[min_data_in_leaf: 10]
[min_sum_hessian_in_leaf: 0.001]
[bagging_fraction: 0.8]
[pos_bagging_fraction: 1]
[neg_bagging_fraction: 1]
[bagging_freq: 1]
[bagging_seed: 20260320]
[bagging_by_query: 0]
[feature_fraction: 0.6]
[feature_fraction_bynode: 1]
[feature_fraction_seed: 20260320]
[extra_trees: 0]
[extra_seed: 10983]
[early_stopping_round: 0]
[early_stopping_min_delta: 0]
[first_metric_only: 0]
[max_delta_step: 0]
[lambda_l1: 1]
[lambda_l2: 3]
[linear_lambda: 0]
[min_gain_to_split: 0.05]
[drop_rate: 0.1]
[max_drop: 50]
[skip_drop: 0.5]
[xgboost_dart_mode: 0]
[uniform_drop: 0]
[drop_seed: 19421]
[top_rate: 0.2]
[other_rate: 0.1]
[min_data_per_group: 100]
[max_cat_threshold: 32]
[cat_l2: 10]
[cat_smooth: 10]
[max_cat_to_onehot: 4]
[top_k: 20]
[monotone_constraints: ]
[monotone_constraints_method: basic]
[monotone_penalty: 0]
[feature_contri: ]
[forcedsplits_filename: ]
[refit_decay_rate: 0.9]
[cegb_tradeoff: 1]
[cegb_penalty_split: 0]
[cegb_penalty_feature_lazy: ]
[cegb_penalty_feature_coupled: ]
[path_smooth: 0]
[interaction_constraints: ]
[verbosity: -1]
[saved_feature_importance_type: 0]
[use_quantized_grad: 0]
[num_grad_quant_bins: 4]
[quant_train_renew_leaf: 0]
[stochastic_rounding: 1]
[linear_tree: 0]
[max_bin: 255]
[max_bin_by_feature: ]
[min_data_in_bin: 3]
[bin_construct_sample_cnt: 200000]
[data_random_seed: 20260320]
[is_enable_sparse: 1]
[enable_bundle: 1]
[use_missing: 1]
[zero_as_missing: 0]
[feature_pre_filter: 1]
[pre_partition: 0]
[two_round: 0]
[header: 0]
[label_column: ]
[weight_column: ]
[group_column: ]
[ignore_column: ]
[categorical_feature: ]
[forcedbins_filename: ]
[precise_float_parser: 0]
[parser_config_file: ]
[objective_seed: 10697]
[num_class: 1]
[is_unbalance: 0]
[scale_pos_weight: 1]
[sigmoid: 1]
[boost_from_average: 1]
[reg_sqrt: 0]
[alpha: 0.9]
[fair_c: 1]
[poisson_max_delta_step: 0.7]
[tweedie_variance_power: 1.5]
[lambdarank_truncation_level: 30]
[lambdarank_norm: 1]
[label_gain: ]
[lambdarank_position_bias_regularization: 0]
[eval_at: ]
[multi_error_top_k: 1]
[auc_mu_weights: ]
[num_machines: 1]
[local_listen_port: 12400]
[time_out: 120]
[machine_list_filename: ]
[machines: ]
[gpu_platform_id: -1]
[gpu_device_id: -1]
[gpu_use_dp: 0]
[num_gpu: 1]

end of parameters

pandas_categorical:null
