experiment_name,pair_uid,data_bucket,split_name,review_label,y_true,prob_positive,pred_positive,review_stratum,source_seller_raw_left,source_seller_raw_right
core_few_shot_multilingual_e5_large_plus_gte_reranker_lr_l2_20pct_seed_20260322,market_item.xlsx|茶马古道|seller_raw:/shop/454497||market_item.xlsx|茶马古道|seller_raw:/shop/454507,zh_target_strict,test,positive,1,0.267906,0,identifier_plus_text,/shop/454497,/shop/454507
core_few_shot_multilingual_e5_large_plus_gte_reranker_lr_l2_20pct_seed_20260322,market_item.xlsx|中文暗网交易市场|seller_raw:564088||market_item.xlsx|茶马古道|seller_raw:/shop/9636,zh_target_strict,test,positive,1,0.119993,0,identifier_plus_text,564088,/shop/9636
core_few_shot_multilingual_e5_large_plus_gte_reranker_lr_l2_20pct_seed_20260322,market_item.xlsx|茶马古道|seller_raw:/shop/444530||market_item.xlsx|茶马古道|seller_raw:/shop/461246,zh_target_strict,test,positive,1,0.370689,0,identifier_primary,/shop/444530,/shop/461246
core_few_shot_multilingual_e5_large_plus_gte_reranker_lr_l2_20pct_seed_20260322,market_item.xlsx|茶马古道|seller_raw:/shop/402037||market_item.xlsx|茶马古道|seller_raw:/shop/6332,zh_target_strict,test,positive,1,0.124669,0,identifier_plus_text,/shop/402037,/shop/6332
core_few_shot_multilingual_e5_large_plus_gte_reranker_lr_l2_20pct_seed_20260322,market_item.xlsx|茶马古道|seller_raw:/shop/428039||market_item.xlsx|茶马古道|seller_raw:/shop/436689,zh_target_strict,test,positive,1,0.337264,0,identifier_primary,/shop/428039,/shop/436689
core_few_shot_multilingual_e5_large_plus_gte_reranker_lr_l2_20pct_seed_20260322,market_item.xlsx|茶马古道|seller_raw:/shop/410559||market_item.xlsx|茶马古道|seller_raw:/shop/413373,zh_target_strict,test,positive,1,0.934333,1,identifier_plus_text,/shop/410559,/shop/413373
core_few_shot_multilingual_e5_large_plus_gte_reranker_lr_l2_20pct_seed_20260322,market_item.xlsx|茶马古道|seller_raw:/shop/440109||market_item.xlsx|茶马古道|seller_raw:/shop/458500,zh_target_strict,test,positive,1,0.367998,0,identifier_primary,/shop/440109,/shop/458500
core_few_shot_multilingual_e5_large_plus_gte_reranker_lr_l2_20pct_seed_20260322,market_item.xlsx|茶马古道|seller_raw:/shop/452097||market_item.xlsx|茶马古道|seller_raw:/shop/452596,zh_target_strict,test,positive,1,0.624928,1,identifier_plus_text,/shop/452097,/shop/452596
core_few_shot_multilingual_e5_large_plus_gte_reranker_lr_l2_20pct_seed_20260322,market_item.xlsx|中文暗网交易市场|seller_raw:342919||market_item.xlsx|茶马古道|seller_raw:/shop/398325,zh_target_strict,test,positive,1,0.958977,1,text_clone_primary,342919,/shop/398325
core_few_shot_multilingual_e5_large_plus_gte_reranker_lr_l2_20pct_seed_20260322,market_item.xlsx|茶马古道|seller_raw:/shop/457836||market_item.xlsx|茶马古道|seller_raw:/shop/458601,zh_target_strict,test,positive,1,0.240481,0,identifier_primary,/shop/457836,/shop/458601
core_few_shot_multilingual_e5_large_plus_gte_reranker_lr_l2_20pct_seed_20260322,market_item.xlsx|中文暗网交易市场|seller_raw:564091||market_item.xlsx|茶马古道|seller_raw:/shop/9484,zh_target_strict,test,positive,1,0.528999,1,identifier_plus_text,564091,/shop/9484
core_few_shot_multilingual_e5_large_plus_gte_reranker_lr_l2_20pct_seed_20260322,market_item.xlsx|中文暗网交易市场|seller_raw:564091||market_item.xlsx|茶马古道|seller_raw:/shop/3501,zh_target_strict,test,positive,1,0.527187,1,identifier_plus_text,564091,/shop/3501
core_few_shot_multilingual_e5_large_plus_gte_reranker_lr_l2_20pct_seed_20260322,market_item.xlsx|茶马古道|seller_raw:/shop/445108||market_item.xlsx|茶马古道|seller_raw:/shop/448185,zh_target_strict,test,positive,1,0.215243,0,identifier_primary,/shop/445108,/shop/448185
core_few_shot_multilingual_e5_large_plus_gte_reranker_lr_l2_20pct_seed_20260322,market_item.xlsx|茶马古道|seller_raw:/shop/3501||market_item.xlsx|茶马古道|seller_raw:/shop/9484,zh_target_strict,test,positive,1,0.300654,0,identifier_plus_text,/shop/3501,/shop/9484
core_few_shot_multilingual_e5_large_plus_gte_reranker_lr_l2_20pct_seed_20260322,market_item.xlsx|茶马古道|seller_raw:/shop/430880||market_item.xlsx|茶马古道|seller_raw:/shop/439807,zh_target_strict,test,positive,1,0.303625,0,identifier_primary,/shop/430880,/shop/439807
core_few_shot_multilingual_e5_large_plus_gte_reranker_lr_l2_20pct_seed_20260322,market_item.xlsx|中文暗网交易市场|seller_raw:24304||market_item.xlsx|茶马古道|seller_raw:/shop/442,zh_target_strict,test,negative,0,0.107195,0,semantic_only,24304,/shop/442
core_few_shot_multilingual_e5_large_plus_gte_reranker_lr_l2_20pct_seed_20260322,market_item.xlsx|中文暗网交易市场|seller_raw:595229||market_item.xlsx|茶马古道|seller_raw:/shop/9636,zh_target_strict,test,positive,1,0.044092,0,identifier_plus_text,595229,/shop/9636
core_few_shot_multilingual_e5_large_plus_gte_reranker_lr_l2_20pct_seed_20260322,market_item.xlsx|茶马古道|seller_raw:/shop/421728||market_item.xlsx|茶马古道|seller_raw:/shop/434089,zh_target_strict,test,positive,1,0.309341,0,identifier_primary,/shop/421728,/shop/434089
core_few_shot_multilingual_e5_large_plus_gte_reranker_lr_l2_20pct_seed_20260322,market_item.xlsx|茶马古道|seller_raw:/shop/463317||market_item.xlsx|茶马古道|seller_raw:/shop/463398,zh_target_strict,test,positive,1,0.380959,1,text_clone_primary,/shop/463317,/shop/463398
core_few_shot_multilingual_e5_large_plus_gte_reranker_lr_l2_20pct_seed_20260322,market_item.xlsx|茶马古道|seller_raw:/shop/403756||market_item.xlsx|茶马古道|seller_raw:/shop/753,zh_target_strict,test,negative,0,0.376651,0,semantic_structural,/shop/403756,/shop/753
core_few_shot_multilingual_e5_large_plus_gte_reranker_lr_l2_20pct_seed_20260322,market_item.xlsx|中文暗网交易市场|seller_raw:24304||market_item.xlsx|茶马古道|seller_raw:/shop/405939,zh_target_strict,test,negative,0,0.126085,0,semantic_only,24304,/shop/405939
core_few_shot_multilingual_e5_large_plus_gte_reranker_lr_l2_20pct_seed_20260322,market_item.xlsx|中文暗网交易市场|seller_raw:345233||market_item.xlsx|茶马古道|seller_raw:/shop/7810,zh_target_strict,test,positive,1,0.716962,1,text_clone_primary,345233,/shop/7810
core_few_shot_multilingual_e5_large_plus_gte_reranker_lr_l2_20pct_seed_20260322,market_item.xlsx|中文暗网交易市场|seller_raw:509079||market_item.xlsx|茶马古道|seller_raw:/shop/464484,zh_target_strict,test,positive,1,0.484314,1,text_clone_primary,509079,/shop/464484
core_few_shot_multilingual_e5_large_plus_gte_reranker_lr_l2_20pct_seed_20260322,market_item.xlsx|中文暗网交易市场|seller_raw:58517||market_item.xlsx|中文暗网交易市场|seller_raw:61132,zh_target_strict,test,negative,0,0.343787,0,semantic_structural,58517,61132
core_few_shot_multilingual_e5_large_plus_gte_reranker_lr_l2_20pct_seed_20260322,market_item.xlsx|茶马古道|seller_raw:/shop/7359||market_item.xlsx|茶马古道|seller_raw:/shop/740,zh_target_strict,test,negative,0,0.300113,0,semantic_structural,/shop/7359,/shop/740
core_few_shot_multilingual_e5_large_plus_gte_reranker_lr_l2_20pct_seed_20260322,market_item.xlsx|茶马古道|seller_raw:/shop/427129||market_item.xlsx|茶马古道|seller_raw:/shop/428431,zh_target_strict,test,negative,0,0.381679,1,semantic_structural,/shop/427129,/shop/428431
core_few_shot_multilingual_e5_large_plus_gte_reranker_lr_l2_20pct_seed_20260322,market_item.xlsx|茶马古道|seller_raw:/shop/427639||market_item.xlsx|茶马古道|seller_raw:/shop/449500,zh_target_strict,test,negative,0,0.115945,0,semantic_only,/shop/427639,/shop/449500
core_few_shot_multilingual_e5_large_plus_gte_reranker_lr_l2_20pct_seed_20260322,market_item.xlsx|茶马古道|seller_raw:/shop/414687||market_item.xlsx|茶马古道|seller_raw:/shop/415669,zh_target_strict,test,negative,0,0.184229,0,semantic_only,/shop/414687,/shop/415669
core_few_shot_multilingual_e5_large_plus_gte_reranker_lr_l2_20pct_seed_20260322,market_item.xlsx|茶马古道|seller_raw:/shop/424569||market_item.xlsx|茶马古道|seller_raw:/shop/433338,zh_target_strict,test,positive,1,0.492084,1,semantic_structural,/shop/424569,/shop/433338
core_few_shot_multilingual_e5_large_plus_gte_reranker_lr_l2_20pct_seed_20260322,market_item.xlsx|茶马古道|seller_raw:/shop/753||market_item.xlsx|茶马古道|seller_raw:/shop/816,zh_target_strict,test,negative,0,0.138007,0,semantic_only,/shop/753,/shop/816
core_few_shot_multilingual_e5_large_plus_gte_reranker_lr_l2_20pct_seed_20260322,market_item.xlsx|茶马古道|seller_raw:/shop/395912||market_item.xlsx|茶马古道|seller_raw:/shop/446131,zh_target_strict,test,negative,0,0.375577,0,semantic_structural,/shop/395912,/shop/446131
core_few_shot_multilingual_e5_large_plus_gte_reranker_lr_l2_20pct_seed_20260322,market_item.xlsx|茶马古道|seller_raw:/shop/437900||market_item.xlsx|茶马古道|seller_raw:/shop/447235,zh_target_strict,test,negative,0,0.232877,0,semantic_only,/shop/437900,/shop/447235
core_few_shot_multilingual_e5_large_plus_gte_reranker_lr_l2_20pct_seed_20260322,market_item.xlsx|茶马古道|seller_raw:/shop/438208||market_item.xlsx|茶马古道|seller_raw:/shop/441741,zh_target_strict,test,negative,0,0.195683,0,semantic_structural,/shop/438208,/shop/441741
core_few_shot_multilingual_e5_large_plus_gte_reranker_lr_l2_20pct_seed_20260322,market_item.xlsx|茶马古道|seller_raw:/shop/432919||market_item.xlsx|茶马古道|seller_raw:/shop/8466,zh_target_strict,test,positive,1,0.313082,0,semantic_structural,/shop/432919,/shop/8466
core_few_shot_multilingual_e5_large_plus_gte_reranker_lr_l2_20pct_seed_20260322,market_item.xlsx|茶马古道|seller_raw:/shop/403756||market_item.xlsx|茶马古道|seller_raw:/shop/816,zh_target_strict,test,negative,0,0.154455,0,semantic_only,/shop/403756,/shop/816
core_few_shot_multilingual_e5_large_plus_gte_reranker_lr_l2_20pct_seed_20260322,market_item.xlsx|茶马古道|seller_raw:/shop/459998||market_item.xlsx|茶马古道|seller_raw:/shop/465800,zh_target_strict,test,negative,0,0.244049,0,semantic_only,/shop/459998,/shop/465800
core_few_shot_multilingual_e5_large_plus_gte_reranker_lr_l2_20pct_seed_20260322,market_item.xlsx|中文暗网交易市场|seller_raw:24304||market_item.xlsx|茶马古道|seller_raw:/shop/436848,zh_target_strict,test,negative,0,0.092325,0,semantic_only,24304,/shop/436848
core_few_shot_multilingual_e5_large_plus_gte_reranker_lr_l2_20pct_seed_20260322,market_item.xlsx|茶马古道|seller_raw:/shop/7275||market_item.xlsx|茶马古道|seller_raw:/shop/7449,zh_target_strict,test,positive,1,0.284626,0,semantic_structural,/shop/7275,/shop/7449
core_few_shot_multilingual_e5_large_plus_gte_reranker_lr_l2_20pct_seed_20260322,market_item.xlsx|茶马古道|seller_raw:/shop/415759||market_item.xlsx|茶马古道|seller_raw:/shop/421078,zh_target_strict,test,positive,1,0.434081,1,semantic_structural,/shop/415759,/shop/421078
core_few_shot_multilingual_e5_large_plus_gte_reranker_lr_l2_20pct_seed_20260322,market_item.xlsx|中文暗网交易市场|seller_raw:24304||market_item.xlsx|茶马古道|seller_raw:/shop/434275,zh_target_strict,test,negative,0,0.193274,0,semantic_only,24304,/shop/434275
core_few_shot_multilingual_e5_large_plus_gte_reranker_lr_l2_20pct_seed_20260322,market_item.xlsx|中文暗网交易市场|seller_raw:27792||market_item.xlsx|中文暗网交易市场|seller_raw:70467,zh_target_strict,test,negative,0,0.495994,1,semantic_structural,27792,70467
core_few_shot_multilingual_e5_large_plus_gte_reranker_lr_l2_20pct_seed_20260322,market_item.xlsx|茶马古道|seller_raw:/shop/422163||market_item.xlsx|茶马古道|seller_raw:/shop/5950,zh_target_strict,test,positive,1,0.292483,0,semantic_structural,/shop/422163,/shop/5950
core_few_shot_multilingual_e5_large_plus_gte_reranker_lr_l2_20pct_seed_20260322,market_item.xlsx|茶马古道|seller_raw:/shop/400324||market_item.xlsx|茶马古道|seller_raw:/shop/400380,zh_target_strict,test,positive,1,0.29413,0,semantic_only,/shop/400324,/shop/400380
core_few_shot_multilingual_e5_large_plus_gte_reranker_lr_l2_20pct_seed_20260322,market_item.xlsx|茶马古道|seller_raw:/shop/414476||market_item.xlsx|茶马古道|seller_raw:/shop/437655,zh_target_strict,test,positive,1,0.293047,0,semantic_structural,/shop/414476,/shop/437655
core_few_shot_multilingual_e5_large_plus_gte_reranker_lr_l2_20pct_seed_20260322,market_item.xlsx|茶马古道|seller_raw:/shop/448519||market_item.xlsx|茶马古道|seller_raw:/shop/9644,zh_target_strict,test,negative,0,0.210366,0,semantic_structural,/shop/448519,/shop/9644
core_few_shot_multilingual_e5_large_plus_gte_reranker_lr_l2_20pct_seed_20260322,market_item.xlsx|中文暗网交易市场|seller_raw:562811||market_item.xlsx|茶马古道|seller_raw:/shop/398502,zh_target_strict,test,negative,0,0.358586,0,text_clone_primary,562811,/shop/398502
core_few_shot_multilingual_e5_large_plus_gte_reranker_lr_l2_20pct_seed_20260322,market_item.xlsx|茶马古道|seller_raw:/shop/406698||market_item.xlsx|茶马古道|seller_raw:/shop/590,zh_target_strict,test,negative,0,0.18688,0,semantic_only,/shop/406698,/shop/590
core_few_shot_multilingual_e5_large_plus_gte_reranker_lr_l2_20pct_seed_20260322,market_item.xlsx|茶马古道|seller_raw:/shop/395024||market_item.xlsx|茶马古道|seller_raw:/shop/407096,zh_target_strict,test,negative,0,0.226916,0,semantic_only,/shop/395024,/shop/407096
core_few_shot_multilingual_e5_large_plus_gte_reranker_lr_l2_20pct_seed_20260322,market_item.xlsx|茶马古道|seller_raw:/shop/438232||market_item.xlsx|茶马古道|seller_raw:/shop/469170,zh_target_strict,test,negative,0,0.133976,0,semantic_only,/shop/438232,/shop/469170
core_few_shot_multilingual_e5_large_plus_gte_reranker_lr_l2_20pct_seed_20260322,market_item.xlsx|茶马古道|seller_raw:/shop/394332||market_item.xlsx|茶马古道|seller_raw:/shop/418024,zh_target_strict,test,negative,0,0.153699,0,semantic_only,/shop/394332,/shop/418024
core_few_shot_multilingual_e5_large_plus_gte_reranker_lr_l2_20pct_seed_20260322,market_item.xlsx|茶马古道|seller_raw:/shop/421560||market_item.xlsx|茶马古道|seller_raw:/shop/458931,zh_target_strict,test,positive,1,0.418561,1,semantic_only,/shop/421560,/shop/458931
core_few_shot_multilingual_e5_large_plus_gte_reranker_lr_l2_20pct_seed_20260322,market_item.xlsx|茶马古道|seller_raw:/shop/425485||market_item.xlsx|茶马古道|seller_raw:/shop/451071,zh_target_strict,test,negative,0,0.232211,0,semantic_only,/shop/425485,/shop/451071
core_few_shot_multilingual_e5_large_plus_gte_reranker_lr_l2_20pct_seed_20260322,market_item.xlsx|茶马古道|seller_raw:/shop/435860||market_item.xlsx|茶马古道|seller_raw:/shop/449500,zh_target_strict,test,negative,0,0.128963,0,semantic_only,/shop/435860,/shop/449500
core_few_shot_multilingual_e5_large_plus_gte_reranker_lr_l2_20pct_seed_20260322,market_item.xlsx|茶马古道|seller_raw:/shop/460561||market_item.xlsx|茶马古道|seller_raw:/shop/468677,zh_target_strict,test,positive,1,0.527316,1,semantic_structural,/shop/460561,/shop/468677
core_few_shot_multilingual_e5_large_plus_gte_reranker_lr_l2_20pct_seed_20260322,market_item.xlsx|中文暗网交易市场|seller_raw:45288||market_item.xlsx|中文暗网交易市场|seller_raw:536887,zh_target_strict,test,negative,0,0.356864,0,semantic_only,45288,536887
core_few_shot_multilingual_e5_large_plus_gte_reranker_lr_l2_20pct_seed_20260322,market_item.xlsx|茶马古道|seller_raw:/shop/436008||market_item.xlsx|茶马古道|seller_raw:/shop/454245,zh_target_strict,test,positive,1,0.396339,1,semantic_only,/shop/436008,/shop/454245
core_few_shot_multilingual_e5_large_plus_gte_reranker_lr_l2_20pct_seed_20260322,market_item.xlsx|茶马古道|seller_raw:/shop/271||market_item.xlsx|茶马古道|seller_raw:/shop/406589,zh_target_strict,test,negative,0,0.174437,0,semantic_only,/shop/271,/shop/406589
core_few_shot_multilingual_e5_large_plus_gte_reranker_lr_l2_20pct_seed_20260322,market_item.xlsx|茶马古道|seller_raw:/shop/418396||market_item.xlsx|茶马古道|seller_raw:/shop/437662,zh_target_strict,test,negative,0,0.251925,0,semantic_only,/shop/418396,/shop/437662
core_few_shot_multilingual_e5_large_plus_gte_reranker_lr_l2_20pct_seed_20260322,market_item.xlsx|中文暗网交易市场|seller_raw:586118||market_item.xlsx|茶马古道|seller_raw:/shop/403136,zh_target_strict,test,negative,0,0.120189,0,text_clone_primary,586118,/shop/403136
core_few_shot_multilingual_e5_large_plus_gte_reranker_lr_l2_20pct_seed_20260322,market_item.xlsx|中文暗网交易市场|seller_raw:514938||market_item.xlsx|茶马古道|seller_raw:/shop/449500,zh_target_strict,test,negative,0,0.089425,0,semantic_only,514938,/shop/449500
core_few_shot_multilingual_e5_large_plus_gte_reranker_lr_l2_20pct_seed_20260322,market_item.xlsx|茶马古道|seller_raw:/shop/418181||market_item.xlsx|茶马古道|seller_raw:/shop/438380,zh_target_strict,test,negative,0,0.267046,0,semantic_only,/shop/418181,/shop/438380
core_few_shot_multilingual_e5_large_plus_gte_reranker_lr_l2_20pct_seed_20260322,market_item.xlsx|茶马古道|seller_raw:/shop/448586||market_item.xlsx|茶马古道|seller_raw:/shop/449500,zh_target_strict,test,negative,0,0.192973,0,semantic_only,/shop/448586,/shop/449500
core_few_shot_multilingual_e5_large_plus_gte_reranker_lr_l2_20pct_seed_20260322,market_item.xlsx|中文暗网交易市场|seller_raw:60395||market_item.xlsx|茶马古道|seller_raw:/shop/438114,zh_target_strict,test,negative,0,0.19982,0,semantic_only,60395,/shop/438114
core_few_shot_multilingual_e5_large_plus_gte_reranker_lr_l2_20pct_seed_20260322,market_item.xlsx|中文暗网交易市场|seller_raw:70179||market_item.xlsx|茶马古道|seller_raw:/shop/434444,zh_target_strict,test,negative,0,0.134715,0,semantic_only,70179,/shop/434444
core_few_shot_multilingual_e5_large_plus_gte_reranker_lr_l2_20pct_seed_20260322,market_item.xlsx|茶马古道|seller_raw:/shop/412286||market_item.xlsx|茶马古道|seller_raw:/shop/415109,zh_target_strict,test,negative,0,0.405234,1,semantic_only,/shop/412286,/shop/415109
core_few_shot_multilingual_e5_large_plus_gte_reranker_lr_l2_20pct_seed_20260322,market_item.xlsx|中文暗网交易市场|seller_raw:67829||market_item.xlsx|茶马古道|seller_raw:/shop/267,zh_target_strict,test,negative,0,0.077719,0,semantic_only,67829,/shop/267
core_few_shot_multilingual_e5_large_plus_gte_reranker_lr_l2_20pct_seed_20260322,market_item.xlsx|茶马古道|seller_raw:/shop/406486||market_item.xlsx|茶马古道|seller_raw:/shop/407157,zh_target_strict,test,positive,1,0.485522,1,semantic_only,/shop/406486,/shop/407157
core_few_shot_multilingual_e5_large_plus_gte_reranker_lr_l2_20pct_seed_20260322,market_item.xlsx|中文暗网交易市场|seller_raw:46164||market_item.xlsx|茶马古道|seller_raw:/shop/442,zh_target_strict,test,negative,0,0.179938,0,semantic_only,46164,/shop/442
core_few_shot_multilingual_e5_large_plus_gte_reranker_lr_l2_20pct_seed_20260322,market_item.xlsx|茶马古道|seller_raw:/shop/416187||market_item.xlsx|茶马古道|seller_raw:/shop/419918,zh_target_strict,test,positive,1,0.332231,0,semantic_only,/shop/416187,/shop/419918
core_few_shot_multilingual_e5_large_plus_gte_reranker_lr_l2_20pct_seed_20260322,market_item.xlsx|茶马古道|seller_raw:/shop/2569||market_item.xlsx|茶马古道|seller_raw:/shop/609,zh_target_strict,test,negative,0,0.134059,0,semantic_only,/shop/2569,/shop/609
core_few_shot_multilingual_e5_large_plus_gte_reranker_lr_l2_20pct_seed_20260322,market_item.xlsx|中文暗网交易市场|seller_raw:640668||market_item.xlsx|茶马古道|seller_raw:/shop/228,zh_target_strict,test,negative,0,0.144741,0,semantic_only,640668,/shop/228
core_few_shot_multilingual_e5_large_plus_gte_reranker_lr_l2_20pct_seed_20260322,market_item.xlsx|中文暗网交易市场|seller_raw:595227||market_item.xlsx|茶马古道|seller_raw:/shop/9636,zh_target_strict,test,positive,1,0.214529,0,semantic_only,595227,/shop/9636
core_few_shot_multilingual_e5_large_plus_gte_reranker_lr_l2_20pct_seed_20260322,market_item.xlsx|茶马古道|seller_raw:/shop/456155||market_item.xlsx|茶马古道|seller_raw:/shop/457737,zh_target_strict,test,negative,0,0.280682,0,semantic_only,/shop/456155,/shop/457737
core_few_shot_multilingual_e5_large_plus_gte_reranker_lr_l2_20pct_seed_20260322,market_item.xlsx|中文暗网交易市场|seller_raw:549434||market_item.xlsx|茶马古道|seller_raw:/shop/403136,zh_target_strict,test,negative,0,0.17022,0,text_clone_primary,549434,/shop/403136
core_few_shot_multilingual_e5_large_plus_gte_reranker_lr_l2_20pct_seed_20260322,market_item.xlsx|中文暗网交易市场|seller_raw:436034||market_item.xlsx|中文暗网交易市场|seller_raw:52938,zh_target_strict,test,negative,0,0.430541,1,semantic_only,436034,52938
core_few_shot_multilingual_e5_large_plus_gte_reranker_lr_l2_20pct_seed_20260322,market_item.xlsx|中文暗网交易市场|seller_raw:415649||market_item.xlsx|茶马古道|seller_raw:/shop/441122,zh_target_strict,test,negative,0,0.402803,1,text_clone_primary,415649,/shop/441122
core_few_shot_multilingual_e5_large_plus_gte_reranker_lr_l2_20pct_seed_20260322,market_item.xlsx|茶马古道|seller_raw:/shop/444945||market_item.xlsx|茶马古道|seller_raw:/shop/8633,zh_target_strict,test,negative,0,0.438801,1,semantic_only,/shop/444945,/shop/8633
core_few_shot_multilingual_e5_large_plus_gte_reranker_lr_l2_20pct_seed_20260322,market_item.xlsx|茶马古道|seller_raw:/shop/411660||market_item.xlsx|茶马古道|seller_raw:/shop/427466,zh_target_strict,test,negative,0,0.225999,0,semantic_only,/shop/411660,/shop/427466
core_few_shot_multilingual_e5_large_plus_gte_reranker_lr_l2_20pct_seed_20260322,market_item.xlsx|茶马古道|seller_raw:/shop/414641||market_item.xlsx|茶马古道|seller_raw:/shop/420427,zh_target_strict,test,negative,0,0.479232,1,semantic_only,/shop/414641,/shop/420427
core_few_shot_multilingual_e5_large_plus_gte_reranker_lr_l2_20pct_seed_20260322,market_item.xlsx|中文暗网交易市场|seller_raw:18936||market_item.xlsx|中文暗网交易市场|seller_raw:24304,zh_target_strict,test,negative,0,0.348812,0,semantic_only,18936,24304
core_few_shot_multilingual_e5_large_plus_gte_reranker_lr_l2_20pct_seed_20260322,market_item.xlsx|茶马古道|seller_raw:/shop/394618||market_item.xlsx|茶马古道|seller_raw:/shop/429331,zh_target_strict,test,negative,0,0.139548,0,semantic_only,/shop/394618,/shop/429331
core_few_shot_multilingual_e5_large_plus_gte_reranker_lr_l2_20pct_seed_20260322,market_item.xlsx|中文暗网交易市场|seller_raw:56216||market_item.xlsx|茶马古道|seller_raw:/shop/530,zh_target_strict,test,negative,0,0.125102,0,semantic_only,56216,/shop/530
core_few_shot_multilingual_e5_large_plus_gte_reranker_lr_l2_20pct_seed_20260322,market_item.xlsx|中文暗网交易市场|seller_raw:415649||market_item.xlsx|茶马古道|seller_raw:/shop/427108,zh_target_strict,test,negative,0,0.204133,0,text_clone_primary,415649,/shop/427108
core_few_shot_multilingual_e5_large_plus_gte_reranker_lr_l2_20pct_seed_20260322,market_item.xlsx|茶马古道|seller_raw:/shop/441020||market_item.xlsx|茶马古道|seller_raw:/shop/451007,zh_target_strict,test,negative,0,0.289613,0,semantic_only,/shop/441020,/shop/451007
core_few_shot_multilingual_e5_large_plus_gte_reranker_lr_l2_20pct_seed_20260322,market_item.xlsx|中文暗网交易市场|seller_raw:59293||market_item.xlsx|茶马古道|seller_raw:/shop/467746,zh_target_strict,test,negative,0,0.315424,0,semantic_only,59293,/shop/467746
core_few_shot_multilingual_e5_large_plus_gte_reranker_lr_l2_20pct_seed_20260322,market_item.xlsx|茶马古道|seller_raw:/shop/441741||market_item.xlsx|茶马古道|seller_raw:/shop/458166,zh_target_strict,test,negative,0,0.361494,0,semantic_structural,/shop/441741,/shop/458166
core_few_shot_multilingual_e5_large_plus_gte_reranker_lr_l2_20pct_seed_20260322,market_item.xlsx|中文暗网交易市场|seller_raw:32875||market_item.xlsx|中文暗网交易市场|seller_raw:35465,zh_target_strict,test,negative,0,0.194956,0,semantic_only,32875,35465
core_few_shot_multilingual_e5_large_plus_gte_reranker_lr_l2_20pct_seed_20260322,market_item.xlsx|茶马古道|seller_raw:/shop/438208||market_item.xlsx|茶马古道|seller_raw:/shop/458166,zh_target_strict,test,negative,0,0.18706,0,semantic_only,/shop/438208,/shop/458166
core_few_shot_multilingual_e5_large_plus_gte_reranker_lr_l2_20pct_seed_20260322,market_item.xlsx|茶马古道|seller_raw:/shop/440178||market_item.xlsx|茶马古道|seller_raw:/shop/441616,zh_target_strict,test,negative,0,0.148051,0,text_clone_primary,/shop/440178,/shop/441616
core_few_shot_multilingual_e5_large_plus_gte_reranker_lr_l2_20pct_seed_20260322,market_item.xlsx|中文暗网交易市场|seller_raw:24304||market_item.xlsx|中文暗网交易市场|seller_raw:46164,zh_target_strict,test,negative,0,0.126359,0,semantic_only,24304,46164
core_few_shot_multilingual_e5_large_plus_gte_reranker_lr_l2_20pct_seed_20260322,market_item.xlsx|茶马古道|seller_raw:/shop/414476||market_item.xlsx|茶马古道|seller_raw:/shop/466869,zh_target_strict,test,positive,1,0.240232,0,semantic_structural,/shop/414476,/shop/466869
core_few_shot_multilingual_e5_large_plus_gte_reranker_lr_l2_20pct_seed_20260322,market_item.xlsx|茶马古道|seller_raw:/shop/433600||market_item.xlsx|茶马古道|seller_raw:/shop/439425,zh_target_strict,test,negative,0,0.334645,0,text_clone_primary,/shop/433600,/shop/439425
core_few_shot_multilingual_e5_large_plus_gte_reranker_lr_l2_20pct_seed_20260322,market_item.xlsx|茶马古道|seller_raw:/shop/461297||market_item.xlsx|茶马古道|seller_raw:/shop/8466,zh_target_strict,test,positive,1,0.136639,0,semantic_only,/shop/461297,/shop/8466
core_few_shot_multilingual_e5_large_plus_gte_reranker_lr_l2_20pct_seed_20260322,market_item.xlsx|中文暗网交易市场|seller_raw:35465||market_item.xlsx|茶马古道|seller_raw:/shop/444280,zh_target_strict,test,negative,0,0.095095,0,semantic_only,35465,/shop/444280
core_few_shot_multilingual_e5_large_plus_gte_reranker_lr_l2_20pct_seed_20260322,market_item.xlsx|茶马古道|seller_raw:/shop/452993||market_item.xlsx|茶马古道|seller_raw:/shop/458726,zh_target_strict,test,negative,0,0.31261,0,semantic_only,/shop/452993,/shop/458726
core_few_shot_multilingual_e5_large_plus_gte_reranker_lr_l2_20pct_seed_20260322,market_item.xlsx|中文暗网交易市场|seller_raw:171918||market_item.xlsx|茶马古道|seller_raw:/shop/395891,zh_target_strict,test,positive,1,0.170718,0,semantic_only,171918,/shop/395891
core_few_shot_multilingual_e5_large_plus_gte_reranker_lr_l2_20pct_seed_20260322,market_item.xlsx|茶马古道|seller_raw:/shop/414445||market_item.xlsx|茶马古道|seller_raw:/shop/419918,zh_target_strict,test,negative,0,0.269489,0,semantic_only,/shop/414445,/shop/419918
core_few_shot_multilingual_e5_large_plus_gte_reranker_lr_l2_20pct_seed_20260322,market_item.xlsx|中文暗网交易市场|seller_raw:58725||market_item.xlsx|中文暗网交易市场|seller_raw:70335,zh_target_strict,test,negative,0,0.494558,1,text_clone_primary,58725,70335
core_few_shot_multilingual_e5_large_plus_gte_reranker_lr_l2_20pct_seed_20260322,market_item.xlsx|中文暗网交易市场|seller_raw:54824||market_item.xlsx|中文暗网交易市场|seller_raw:58725,zh_target_strict,test,negative,0,0.473542,1,text_clone_primary,54824,58725
core_few_shot_multilingual_e5_large_plus_gte_reranker_lr_l2_20pct_seed_20260322,market_item.xlsx|茶马古道|seller_raw:/shop/414692||market_item.xlsx|茶马古道|seller_raw:/shop/466869,zh_target_strict,test,positive,1,0.300349,0,semantic_structural,/shop/414692,/shop/466869
core_few_shot_multilingual_e5_large_plus_gte_reranker_lr_l2_20pct_seed_20260322,market_item.xlsx|中文暗网交易市场|seller_raw:177827||market_item.xlsx|中文暗网交易市场|seller_raw:499799,zh_target_strict,test,negative,0,0.15583,0,semantic_only,177827,499799
core_few_shot_multilingual_e5_large_plus_gte_reranker_lr_l2_20pct_seed_20260322,market_item.xlsx|中文暗网交易市场|seller_raw:37633||market_item.xlsx|中文暗网交易市场|seller_raw:39400,zh_target_strict,test,negative,0,0.304996,0,semantic_only,37633,39400
core_few_shot_multilingual_e5_large_plus_gte_reranker_lr_l2_20pct_seed_20260322,market_item.xlsx|茶马古道|seller_raw:/shop/442464||market_item.xlsx|茶马古道|seller_raw:/shop/445,zh_target_strict,test,negative,0,0.398888,1,semantic_only,/shop/442464,/shop/445
core_few_shot_multilingual_e5_large_plus_gte_reranker_lr_l2_20pct_seed_20260322,market_item.xlsx|茶马古道|seller_raw:/shop/422791||market_item.xlsx|茶马古道|seller_raw:/shop/445671,zh_target_strict,test,negative,0,0.279311,0,semantic_only,/shop/422791,/shop/445671
core_few_shot_multilingual_e5_large_plus_gte_reranker_lr_l2_20pct_seed_20260322,market_item.xlsx|茶马古道|seller_raw:/shop/427108||market_item.xlsx|茶马古道|seller_raw:/shop/441122,zh_target_strict,test,negative,0,0.583204,1,text_clone_primary,/shop/427108,/shop/441122
core_few_shot_multilingual_e5_large_plus_gte_reranker_lr_l2_20pct_seed_20260322,market_item.xlsx|茶马古道|seller_raw:/shop/438208||market_item.xlsx|茶马古道|seller_raw:/shop/438537,zh_target_strict,test,positive,1,0.211041,0,semantic_structural,/shop/438208,/shop/438537
core_few_shot_multilingual_e5_large_plus_gte_reranker_lr_l2_20pct_seed_20260322,market_item.xlsx|茶马古道|seller_raw:/shop/428039||market_item.xlsx|茶马古道|seller_raw:/shop/438208,zh_target_strict,test,positive,1,0.390812,1,semantic_only,/shop/428039,/shop/438208
core_few_shot_multilingual_e5_large_plus_gte_reranker_lr_l2_20pct_seed_20260322,market_item.xlsx|中文暗网交易市场|seller_raw:612390||market_item.xlsx|中文暗网交易市场|seller_raw:64195,zh_target_strict,test,negative,0,0.118356,0,semantic_structural,612390,64195
core_few_shot_multilingual_e5_large_plus_gte_reranker_lr_l2_20pct_seed_20260322,market_item.xlsx|中文暗网交易市场|seller_raw:460062||market_item.xlsx|茶马古道|seller_raw:/shop/10158,zh_target_strict,test,negative,0,0.073932,0,semantic_only,460062,/shop/10158
core_few_shot_multilingual_e5_large_plus_gte_reranker_lr_l2_20pct_seed_20260322,market_item.xlsx|中文暗网交易市场|seller_raw:499799||market_item.xlsx|茶马古道|seller_raw:/shop/393574,zh_target_strict,test,negative,0,0.102991,0,semantic_only,499799,/shop/393574
core_few_shot_multilingual_e5_large_plus_gte_reranker_lr_l2_20pct_seed_20260322,market_item.xlsx|中文暗网交易市场|seller_raw:29778||market_item.xlsx|中文暗网交易市场|seller_raw:52938,zh_target_strict,test,negative,0,0.440303,1,semantic_only,29778,52938
core_few_shot_multilingual_e5_large_plus_gte_reranker_lr_l2_20pct_seed_20260322,market_item.xlsx|中文暗网交易市场|seller_raw:54824||market_item.xlsx|中文暗网交易市场|seller_raw:70335,zh_target_strict,test,negative,0,0.3481,0,text_clone_primary,54824,70335
core_few_shot_multilingual_e5_large_plus_gte_reranker_lr_l2_20pct_seed_20260322,market_item.xlsx|中文暗网交易市场|seller_raw:311141||market_item.xlsx|茶马古道|seller_raw:/shop/427472,zh_target_strict,test,positive,1,0.316622,0,semantic_only,311141,/shop/427472
core_few_shot_multilingual_e5_large_plus_gte_reranker_lr_l2_20pct_seed_20260322,market_item.xlsx|中文暗网交易市场|seller_raw:35465||market_item.xlsx|中文暗网交易市场|seller_raw:36740,zh_target_strict,test,negative,0,0.117942,0,semantic_only,35465,36740
core_few_shot_multilingual_e5_large_plus_gte_reranker_lr_l2_20pct_seed_20260322,market_item.xlsx|茶马古道|seller_raw:/shop/427847||market_item.xlsx|茶马古道|seller_raw:/shop/466436,zh_target_strict,test,negative,0,0.158949,0,semantic_structural,/shop/427847,/shop/466436
core_few_shot_multilingual_e5_large_plus_gte_reranker_lr_l2_20pct_seed_20260322,market_item.xlsx|中文暗网交易市场|seller_raw:188608||market_item.xlsx|茶马古道|seller_raw:/shop/433600,zh_target_strict,test,negative,0,0.315152,0,text_clone_primary,188608,/shop/433600
core_few_shot_multilingual_e5_large_plus_gte_reranker_lr_l2_20pct_seed_20260322,market_item.xlsx|中文暗网交易市场|seller_raw:526222||market_item.xlsx|中文暗网交易市场|seller_raw:565793,zh_target_strict,test,negative,0,0.635053,1,text_clone_primary,526222,565793
core_few_shot_multilingual_e5_large_plus_gte_reranker_lr_l2_20pct_seed_20260322,market_item.xlsx|中文暗网交易市场|seller_raw:37633||market_item.xlsx|茶马古道|seller_raw:/shop/453513,zh_target_strict,test,negative,0,0.086046,0,semantic_only,37633,/shop/453513
core_few_shot_multilingual_e5_large_plus_gte_reranker_lr_l2_20pct_seed_20260322,market_item.xlsx|中文暗网交易市场|seller_raw:206750||market_item.xlsx|茶马古道|seller_raw:/shop/7343,zh_target_strict,test,negative,0,0.141687,0,semantic_only,206750,/shop/7343
core_few_shot_multilingual_e5_large_plus_gte_reranker_lr_l2_20pct_seed_20260322,market_item.xlsx|中文暗网交易市场|seller_raw:24304||market_item.xlsx|茶马古道|seller_raw:/shop/405626,zh_target_strict,test,negative,0,0.090442,0,semantic_only,24304,/shop/405626
core_few_shot_multilingual_e5_large_plus_gte_reranker_lr_l2_20pct_seed_20260322,market_item.xlsx|中文暗网交易市场|seller_raw:188608||market_item.xlsx|茶马古道|seller_raw:/shop/439425,zh_target_strict,test,negative,0,0.202847,0,text_clone_primary,188608,/shop/439425
core_few_shot_multilingual_e5_large_plus_gte_reranker_lr_l2_20pct_seed_20260322,market_item.xlsx|茶马古道|seller_raw:/shop/405043||market_item.xlsx|茶马古道|seller_raw:/shop/417919,zh_target_strict,test,negative,0,0.181238,0,semantic_only,/shop/405043,/shop/417919
core_few_shot_multilingual_e5_large_plus_gte_reranker_lr_l2_20pct_seed_20260322,market_item.xlsx|茶马古道|seller_raw:/shop/440032||market_item.xlsx|茶马古道|seller_raw:/shop/441741,zh_target_strict,test,negative,0,0.26237,0,semantic_only,/shop/440032,/shop/441741
core_few_shot_multilingual_e5_large_plus_gte_reranker_lr_l2_20pct_seed_20260322,market_item.xlsx|中文暗网交易市场|seller_raw:11870||market_item.xlsx|中文暗网交易市场|seller_raw:311141,zh_target_strict,test,positive,1,0.275625,0,semantic_only,11870,311141
core_few_shot_multilingual_e5_large_plus_gte_reranker_lr_l2_20pct_seed_20260322,market_item.xlsx|中文暗网交易市场|seller_raw:68595||market_item.xlsx|茶马古道|seller_raw:/shop/441893,zh_target_strict,test,negative,0,0.126475,0,semantic_only,68595,/shop/441893
core_few_shot_multilingual_e5_large_plus_gte_reranker_lr_l2_20pct_seed_20260322,market_item.xlsx|茶马古道|seller_raw:/shop/421090||market_item.xlsx|茶马古道|seller_raw:/shop/464047,zh_target_strict,test,negative,0,0.14037,0,text_clone_primary,/shop/421090,/shop/464047
core_few_shot_multilingual_e5_large_plus_gte_reranker_lr_l2_20pct_seed_20260322,market_item.xlsx|茶马古道|seller_raw:/shop/411999||market_item.xlsx|茶马古道|seller_raw:/shop/414476,zh_target_strict,test,negative,0,0.230531,0,semantic_only,/shop/411999,/shop/414476
core_few_shot_multilingual_e5_large_plus_gte_reranker_lr_l2_20pct_seed_20260322,market_item.xlsx|茶马古道|seller_raw:/shop/414692||market_item.xlsx|茶马古道|seller_raw:/shop/457737,zh_target_strict,test,negative,0,0.290082,0,semantic_only,/shop/414692,/shop/457737
core_few_shot_multilingual_e5_large_plus_gte_reranker_lr_l2_20pct_seed_20260322,market_item.xlsx|中文暗网交易市场|seller_raw:46164||market_item.xlsx|茶马古道|seller_raw:/shop/436848,zh_target_strict,test,negative,0,0.122384,0,semantic_only,46164,/shop/436848
core_few_shot_multilingual_e5_large_plus_gte_reranker_lr_l2_20pct_seed_20260322,market_item.xlsx|茶马古道|seller_raw:/shop/425001||market_item.xlsx|茶马古道|seller_raw:/shop/460340,zh_target_strict,test,negative,0,0.44485,1,semantic_structural,/shop/425001,/shop/460340
core_few_shot_multilingual_e5_large_plus_gte_reranker_lr_l2_20pct_seed_20260322,market_item.xlsx|茶马古道|seller_raw:/shop/434799||market_item.xlsx|茶马古道|seller_raw:/shop/475,zh_target_strict,test,negative,0,0.45834,1,semantic_only,/shop/434799,/shop/475
core_few_shot_multilingual_e5_large_plus_gte_reranker_lr_l2_20pct_seed_20260322,market_item.xlsx|中文暗网交易市场|seller_raw:206750||market_item.xlsx|中文暗网交易市场|seller_raw:604165,zh_target_strict,test,negative,0,0.424688,1,semantic_only,206750,604165
core_few_shot_multilingual_e5_large_plus_gte_reranker_lr_l2_20pct_seed_20260322,market_item.xlsx|中文暗网交易市场|seller_raw:490054||market_item.xlsx|中文暗网交易市场|seller_raw:565793,zh_target_strict,test,positive,1,0.453935,1,semantic_only,490054,565793
core_few_shot_multilingual_e5_large_plus_gte_reranker_lr_l2_20pct_seed_20260322,market_item.xlsx|茶马古道|seller_raw:/shop/399387||market_item.xlsx|茶马古道|seller_raw:/shop/419463,zh_target_strict,test,negative,0,0.219609,0,semantic_structural,/shop/399387,/shop/419463
core_few_shot_multilingual_e5_large_plus_gte_reranker_lr_l2_20pct_seed_20260322,market_item.xlsx|茶马古道|seller_raw:/shop/411658||market_item.xlsx|茶马古道|seller_raw:/shop/463206,zh_target_strict,test,negative,0,0.340854,0,semantic_only,/shop/411658,/shop/463206
core_few_shot_multilingual_e5_large_plus_gte_reranker_lr_l2_20pct_seed_20260322,market_item.xlsx|茶马古道|seller_raw:/shop/426271||market_item.xlsx|茶马古道|seller_raw:/shop/452669,zh_target_strict,test,negative,0,0.164936,0,semantic_only,/shop/426271,/shop/452669
core_few_shot_multilingual_e5_large_plus_gte_reranker_lr_l2_20pct_seed_20260322,market_item.xlsx|中文暗网交易市场|seller_raw:459528||market_item.xlsx|茶马古道|seller_raw:/shop/447291,zh_target_strict,test,positive,1,0.265433,0,semantic_only,459528,/shop/447291
core_few_shot_multilingual_e5_large_plus_gte_reranker_lr_l2_20pct_seed_20260322,market_item.xlsx|中文暗网交易市场|seller_raw:63870||market_item.xlsx|中文暗网交易市场|seller_raw:65870,zh_target_strict,test,negative,0,0.156162,0,semantic_only,63870,65870
core_few_shot_multilingual_e5_large_plus_gte_reranker_lr_l2_20pct_seed_20260322,market_item.xlsx|中文暗网交易市场|seller_raw:459528||market_item.xlsx|茶马古道|seller_raw:/shop/6982,zh_target_strict,test,negative,0,0.095925,0,text_clone_primary,459528,/shop/6982
core_few_shot_multilingual_e5_large_plus_gte_reranker_lr_l2_20pct_seed_20260322,market_item.xlsx|茶马古道|seller_raw:/shop/422845||market_item.xlsx|茶马古道|seller_raw:/shop/438232,zh_target_strict,test,negative,0,0.156454,0,semantic_only,/shop/422845,/shop/438232
core_few_shot_multilingual_e5_large_plus_gte_reranker_lr_l2_20pct_seed_20260322,market_item.xlsx|茶马古道|seller_raw:/shop/426822||market_item.xlsx|茶马古道|seller_raw:/shop/428039,zh_target_strict,test,negative,0,0.276243,0,semantic_only,/shop/426822,/shop/428039
core_few_shot_multilingual_e5_large_plus_gte_reranker_lr_l2_20pct_seed_20260322,market_item.xlsx|茶马古道|seller_raw:/shop/408872||market_item.xlsx|茶马古道|seller_raw:/shop/439508,zh_target_strict,test,negative,0,0.34873,0,semantic_structural,/shop/408872,/shop/439508
core_few_shot_multilingual_e5_large_plus_gte_reranker_lr_l2_20pct_seed_20260322,market_item.xlsx|中文暗网交易市场|seller_raw:54884||market_item.xlsx|茶马古道|seller_raw:/shop/434742,zh_target_strict,test,negative,0,0.315054,0,semantic_only,54884,/shop/434742
core_few_shot_multilingual_e5_large_plus_gte_reranker_lr_l2_20pct_seed_20260322,market_item.xlsx|中文暗网交易市场|seller_raw:84963||market_item.xlsx|茶马古道|seller_raw:/shop/397981,zh_target_strict,test,negative,0,0.482721,1,semantic_only,84963,/shop/397981
core_few_shot_multilingual_e5_large_plus_gte_reranker_lr_l2_20pct_seed_20260322,market_item.xlsx|茶马古道|seller_raw:/shop/412925||market_item.xlsx|茶马古道|seller_raw:/shop/448219,zh_target_strict,test,negative,0,0.134266,0,semantic_structural,/shop/412925,/shop/448219
core_few_shot_multilingual_e5_large_plus_gte_reranker_lr_l2_20pct_seed_20260322,market_item.xlsx|茶马古道|seller_raw:/shop/400128||market_item.xlsx|茶马古道|seller_raw:/shop/441741,zh_target_strict,test,negative,0,0.448475,1,semantic_structural,/shop/400128,/shop/441741
core_few_shot_multilingual_e5_large_plus_gte_reranker_lr_l2_20pct_seed_20260322,market_item.xlsx|茶马古道|seller_raw:/shop/414687||market_item.xlsx|茶马古道|seller_raw:/shop/441741,zh_target_strict,test,negative,0,0.375601,0,semantic_structural,/shop/414687,/shop/441741
core_few_shot_multilingual_e5_large_plus_gte_reranker_lr_l2_20pct_seed_20260322,market_item.xlsx|茶马古道|seller_raw:/shop/425306||market_item.xlsx|茶马古道|seller_raw:/shop/431483,zh_target_strict,test,negative,0,0.41583,1,semantic_structural,/shop/425306,/shop/431483
core_few_shot_multilingual_e5_large_plus_gte_reranker_lr_l2_20pct_seed_20260322,market_item.xlsx|茶马古道|seller_raw:/shop/436689||market_item.xlsx|茶马古道|seller_raw:/shop/438537,zh_target_strict,test,positive,1,0.440716,1,semantic_structural,/shop/436689,/shop/438537
core_few_shot_multilingual_e5_large_plus_gte_reranker_lr_l2_20pct_seed_20260322,market_item.xlsx|茶马古道|seller_raw:/shop/435883||market_item.xlsx|茶马古道|seller_raw:/shop/462656,zh_target_strict,test,negative,0,0.535688,1,semantic_structural,/shop/435883,/shop/462656
core_few_shot_multilingual_e5_large_plus_gte_reranker_lr_l2_20pct_seed_20260322,market_item.xlsx|茶马古道|seller_raw:/shop/434211||market_item.xlsx|茶马古道|seller_raw:/shop/452236,zh_target_strict,test,negative,0,0.221639,0,semantic_structural,/shop/434211,/shop/452236
core_few_shot_multilingual_e5_large_plus_gte_reranker_lr_l2_20pct_seed_20260322,market_item.xlsx|茶马古道|seller_raw:/shop/417948||market_item.xlsx|茶马古道|seller_raw:/shop/443512,zh_target_strict,test,negative,0,0.316117,0,semantic_structural,/shop/417948,/shop/443512
core_few_shot_multilingual_e5_large_plus_gte_reranker_lr_l2_20pct_seed_20260322,market_item.xlsx|茶马古道|seller_raw:/shop/393736||market_item.xlsx|茶马古道|seller_raw:/shop/8843,zh_target_strict,test,negative,0,0.157102,0,semantic_structural,/shop/393736,/shop/8843
core_few_shot_multilingual_e5_large_plus_gte_reranker_lr_l2_20pct_seed_20260322,market_item.xlsx|茶马古道|seller_raw:/shop/419443||market_item.xlsx|茶马古道|seller_raw:/shop/452666,zh_target_strict,test,negative,0,0.348885,0,semantic_structural,/shop/419443,/shop/452666
core_few_shot_multilingual_e5_large_plus_gte_reranker_lr_l2_20pct_seed_20260322,market_item.xlsx|茶马古道|seller_raw:/shop/441640||market_item.xlsx|茶马古道|seller_raw:/shop/443464,zh_target_strict,test,negative,0,0.132251,0,semantic_structural,/shop/441640,/shop/443464
core_few_shot_multilingual_e5_large_plus_gte_reranker_lr_l2_20pct_seed_20260322,market_item.xlsx|茶马古道|seller_raw:/shop/440516||market_item.xlsx|茶马古道|seller_raw:/shop/453552,zh_target_strict,test,negative,0,0.494418,1,semantic_structural,/shop/440516,/shop/453552
core_few_shot_multilingual_e5_large_plus_gte_reranker_lr_l2_20pct_seed_20260322,market_item.xlsx|茶马古道|seller_raw:/shop/403489||market_item.xlsx|茶马古道|seller_raw:/shop/431483,zh_target_strict,test,negative,0,0.449036,1,semantic_structural,/shop/403489,/shop/431483
core_few_shot_multilingual_e5_large_plus_gte_reranker_lr_l2_20pct_seed_20260322,market_item.xlsx|茶马古道|seller_raw:/shop/424813||market_item.xlsx|茶马古道|seller_raw:/shop/463820,zh_target_strict,test,negative,0,0.18886,0,semantic_structural,/shop/424813,/shop/463820
core_few_shot_multilingual_e5_large_plus_gte_reranker_lr_l2_20pct_seed_20260322,market_item.xlsx|茶马古道|seller_raw:/shop/437655||market_item.xlsx|茶马古道|seller_raw:/shop/466869,zh_target_strict,test,positive,1,0.243436,0,semantic_structural,/shop/437655,/shop/466869
core_few_shot_multilingual_e5_large_plus_gte_reranker_lr_l2_20pct_seed_20260322,market_item.xlsx|茶马古道|seller_raw:/shop/403748||market_item.xlsx|茶马古道|seller_raw:/shop/9644,zh_target_strict,test,negative,0,0.501634,1,semantic_structural,/shop/403748,/shop/9644
core_few_shot_multilingual_e5_large_plus_gte_reranker_lr_l2_20pct_seed_20260322,market_item.xlsx|茶马古道|seller_raw:/shop/411999||market_item.xlsx|茶马古道|seller_raw:/shop/414692,zh_target_strict,test,negative,0,0.407955,1,semantic_structural,/shop/411999,/shop/414692
core_few_shot_multilingual_e5_large_plus_gte_reranker_lr_l2_20pct_seed_20260322,market_item.xlsx|中文暗网交易市场|seller_raw:26765||market_item.xlsx|中文暗网交易市场|seller_raw:36628,zh_target_strict,test,negative,0,0.257782,0,semantic_structural,26765,36628
core_few_shot_multilingual_e5_large_plus_gte_reranker_lr_l2_20pct_seed_20260322,market_item.xlsx|茶马古道|seller_raw:/shop/402000||market_item.xlsx|茶马古道|seller_raw:/shop/432726,zh_target_strict,test,negative,0,0.180663,0,semantic_structural,/shop/402000,/shop/432726
core_few_shot_multilingual_e5_large_plus_gte_reranker_lr_l2_20pct_seed_20260322,market_item.xlsx|茶马古道|seller_raw:/shop/448219||market_item.xlsx|茶马古道|seller_raw:/shop/458691,zh_target_strict,test,negative,0,0.133187,0,semantic_structural,/shop/448219,/shop/458691
core_few_shot_multilingual_e5_large_plus_gte_reranker_lr_l2_20pct_seed_20260322,market_item.xlsx|茶马古道|seller_raw:/shop/459998||market_item.xlsx|茶马古道|seller_raw:/shop/461358,zh_target_strict,test,negative,0,0.414749,1,semantic_structural,/shop/459998,/shop/461358
core_few_shot_multilingual_e5_large_plus_gte_reranker_lr_l2_20pct_seed_20260322,market_item.xlsx|茶马古道|seller_raw:/shop/10158||market_item.xlsx|茶马古道|seller_raw:/shop/448519,zh_target_strict,test,negative,0,0.18418,0,semantic_structural,/shop/10158,/shop/448519
core_few_shot_multilingual_e5_large_plus_gte_reranker_lr_l2_20pct_seed_20260322,market_item.xlsx|茶马古道|seller_raw:/shop/331||market_item.xlsx|茶马古道|seller_raw:/shop/446583,zh_target_strict,test,negative,0,0.579416,1,semantic_structural,/shop/331,/shop/446583
core_few_shot_multilingual_e5_large_plus_gte_reranker_lr_l2_20pct_seed_20260322,market_item.xlsx|茶马古道|seller_raw:/shop/465089||market_item.xlsx|茶马古道|seller_raw:/shop/6167,zh_target_strict,test,negative,0,0.219025,0,semantic_structural,/shop/465089,/shop/6167
core_few_shot_multilingual_e5_large_plus_gte_reranker_lr_l2_20pct_seed_20260322,market_item.xlsx|茶马古道|seller_raw:/shop/461475||market_item.xlsx|茶马古道|seller_raw:/shop/530,zh_target_strict,test,negative,0,0.191053,0,semantic_structural,/shop/461475,/shop/530
core_few_shot_multilingual_e5_large_plus_gte_reranker_lr_l2_20pct_seed_20260322,market_item.xlsx|中文暗网交易市场|seller_raw:42982||market_item.xlsx|茶马古道|seller_raw:/shop/456121,zh_target_strict,test,negative,0,0.112921,0,semantic_structural,42982,/shop/456121
core_few_shot_multilingual_e5_large_plus_gte_reranker_lr_l2_20pct_seed_20260322,market_item.xlsx|中文暗网交易市场|seller_raw:15581||market_item.xlsx|中文暗网交易市场|seller_raw:582366,zh_target_strict,test,negative,0,0.218467,0,semantic_structural,15581,582366
core_few_shot_multilingual_e5_large_plus_gte_reranker_lr_l2_20pct_seed_20260322,market_item.xlsx|茶马古道|seller_raw:/shop/453789||market_item.xlsx|茶马古道|seller_raw:/shop/463206,zh_target_strict,test,negative,0,0.52876,1,semantic_structural,/shop/453789,/shop/463206
core_few_shot_multilingual_e5_large_plus_gte_reranker_lr_l2_20pct_seed_20260322,market_item.xlsx|茶马古道|seller_raw:/shop/431241||market_item.xlsx|茶马古道|seller_raw:/shop/456224,zh_target_strict,test,negative,0,0.368976,0,semantic_structural,/shop/431241,/shop/456224
core_few_shot_multilingual_e5_large_plus_gte_reranker_lr_l2_20pct_seed_20260322,market_item.xlsx|茶马古道|seller_raw:/shop/404383||market_item.xlsx|茶马古道|seller_raw:/shop/408919,zh_target_strict,test,negative,0,0.109724,0,semantic_structural,/shop/404383,/shop/408919
core_few_shot_multilingual_e5_large_plus_gte_reranker_lr_l2_20pct_seed_20260322,market_item.xlsx|茶马古道|seller_raw:/shop/411999||market_item.xlsx|茶马古道|seller_raw:/shop/440846,zh_target_strict,test,negative,0,0.334879,0,semantic_structural,/shop/411999,/shop/440846
core_few_shot_multilingual_e5_large_plus_gte_reranker_lr_l2_20pct_seed_20260322,market_item.xlsx|中文暗网交易市场|seller_raw:436939||market_item.xlsx|茶马古道|seller_raw:/shop/456121,zh_target_strict,test,negative,0,0.139221,0,semantic_structural,436939,/shop/456121
core_few_shot_multilingual_e5_large_plus_gte_reranker_lr_l2_20pct_seed_20260322,market_item.xlsx|中文暗网交易市场|seller_raw:156043||market_item.xlsx|中文暗网交易市场|seller_raw:33465,zh_target_strict,test,negative,0,0.240764,0,semantic_structural,156043,33465
core_few_shot_multilingual_e5_large_plus_gte_reranker_lr_l2_20pct_seed_20260322,market_item.xlsx|茶马古道|seller_raw:/shop/394040||market_item.xlsx|茶马古道|seller_raw:/shop/418181,zh_target_strict,test,negative,0,0.357918,0,semantic_structural,/shop/394040,/shop/418181
core_few_shot_multilingual_e5_large_plus_gte_reranker_lr_l2_20pct_seed_20260322,market_item.xlsx|中文暗网交易市场|seller_raw:29778||market_item.xlsx|中文暗网交易市场|seller_raw:436034,zh_target_strict,test,negative,0,0.286306,0,semantic_structural,29778,436034
core_few_shot_multilingual_e5_large_plus_gte_reranker_lr_l2_20pct_seed_20260322,market_item.xlsx|中文暗网交易市场|seller_raw:56071||market_item.xlsx|中文暗网交易市场|seller_raw:84963,zh_target_strict,test,negative,0,0.472492,1,semantic_structural,56071,84963
core_few_shot_multilingual_e5_large_plus_gte_reranker_lr_l2_20pct_seed_20260322,market_item.xlsx|茶马古道|seller_raw:/shop/419606||market_item.xlsx|茶马古道|seller_raw:/shop/456412,zh_target_strict,test,negative,0,0.327669,0,semantic_structural,/shop/419606,/shop/456412
core_few_shot_multilingual_e5_large_plus_gte_reranker_lr_l2_20pct_seed_20260322,market_item.xlsx|茶马古道|seller_raw:/shop/399554||market_item.xlsx|茶马古道|seller_raw:/shop/446568,zh_target_strict,test,negative,0,0.303587,0,semantic_structural,/shop/399554,/shop/446568
core_few_shot_multilingual_e5_large_plus_gte_reranker_lr_l2_20pct_seed_20260322,market_item.xlsx|茶马古道|seller_raw:/shop/434814||market_item.xlsx|茶马古道|seller_raw:/shop/457427,zh_target_strict,test,negative,0,0.243527,0,semantic_structural,/shop/434814,/shop/457427
core_few_shot_multilingual_e5_large_plus_gte_reranker_lr_l2_20pct_seed_20260322,market_item.xlsx|茶马古道|seller_raw:/shop/338||market_item.xlsx|茶马古道|seller_raw:/shop/445058,zh_target_strict,test,negative,0,0.320903,0,semantic_structural,/shop/338,/shop/445058
core_few_shot_multilingual_e5_large_plus_gte_reranker_lr_l2_20pct_seed_20260322,market_item.xlsx|茶马古道|seller_raw:/shop/402000||market_item.xlsx|茶马古道|seller_raw:/shop/424080,zh_target_strict,test,negative,0,0.422127,1,semantic_structural,/shop/402000,/shop/424080
core_few_shot_multilingual_e5_large_plus_gte_reranker_lr_l2_20pct_seed_20260322,market_item.xlsx|茶马古道|seller_raw:/shop/428787||market_item.xlsx|茶马古道|seller_raw:/shop/7157,zh_target_strict,test,negative,0,0.416929,1,semantic_structural,/shop/428787,/shop/7157
core_few_shot_multilingual_e5_large_plus_gte_reranker_lr_l2_20pct_seed_20260322,market_item.xlsx|茶马古道|seller_raw:/shop/422845||market_item.xlsx|茶马古道|seller_raw:/shop/882,zh_target_strict,test,negative,0,0.202493,0,semantic_structural,/shop/422845,/shop/882
core_few_shot_multilingual_e5_large_plus_gte_reranker_lr_l2_20pct_seed_20260322,market_item.xlsx|中文暗网交易市场|seller_raw:352597||market_item.xlsx|中文暗网交易市场|seller_raw:582366,zh_target_strict,test,negative,0,0.334515,0,semantic_structural,352597,582366
core_few_shot_multilingual_e5_large_plus_gte_reranker_lr_l2_20pct_seed_20260322,market_item.xlsx|中文暗网交易市场|seller_raw:438470||market_item.xlsx|中文暗网交易市场|seller_raw:45288,zh_target_strict,test,negative,0,0.224944,0,semantic_structural,438470,45288
core_few_shot_multilingual_e5_large_plus_gte_reranker_lr_l2_20pct_seed_20260322,market_item.xlsx|中文暗网交易市场|seller_raw:596055||market_item.xlsx|中文暗网交易市场|seller_raw:7689,zh_target_strict,test,negative,0,0.185336,0,semantic_structural,596055,7689
core_few_shot_multilingual_e5_large_plus_gte_reranker_lr_l2_20pct_seed_20260322,market_item.xlsx|茶马古道|seller_raw:/shop/447033||market_item.xlsx|茶马古道|seller_raw:/shop/451926,zh_target_strict,test,negative,0,0.254912,0,semantic_structural,/shop/447033,/shop/451926
core_few_shot_multilingual_e5_large_plus_gte_reranker_lr_l2_20pct_seed_20260322,market_item.xlsx|中文暗网交易市场|seller_raw:178257||market_item.xlsx|中文暗网交易市场|seller_raw:8641,zh_target_strict,test,negative,0,0.173184,0,semantic_structural,178257,8641
core_few_shot_multilingual_e5_large_plus_gte_reranker_lr_l2_20pct_seed_20260322,market_item.xlsx|茶马古道|seller_raw:/shop/463920||market_item.xlsx|茶马古道|seller_raw:/shop/593,zh_target_strict,test,negative,0,0.175255,0,semantic_structural,/shop/463920,/shop/593
core_few_shot_multilingual_e5_large_plus_gte_reranker_lr_l2_20pct_seed_20260322,market_item.xlsx|茶马古道|seller_raw:/shop/393682||market_item.xlsx|茶马古道|seller_raw:/shop/7106,zh_target_strict,test,negative,0,0.372994,0,semantic_structural,/shop/393682,/shop/7106
core_few_shot_multilingual_e5_large_plus_gte_reranker_lr_l2_20pct_seed_20260322,market_item.xlsx|中文暗网交易市场|seller_raw:24225||market_item.xlsx|茶马古道|seller_raw:/shop/425839,zh_target_strict,test,negative,0,0.086992,0,semantic_structural,24225,/shop/425839
core_few_shot_multilingual_e5_large_plus_gte_reranker_lr_l2_20pct_seed_20260322,market_item.xlsx|茶马古道|seller_raw:/shop/428039||market_item.xlsx|茶马古道|seller_raw:/shop/441741,zh_target_strict,test,positive,1,0.398241,1,identifier_primary,/shop/428039,/shop/441741
core_few_shot_multilingual_e5_large_plus_gte_reranker_lr_l2_20pct_seed_20260322,market_item.xlsx|茶马古道|seller_raw:/shop/428039||market_item.xlsx|茶马古道|seller_raw:/shop/438537,zh_target_strict,test,positive,1,0.319793,0,identifier_primary,/shop/428039,/shop/438537
core_few_shot_multilingual_e5_large_plus_gte_reranker_lr_l2_20pct_seed_20260322,market_item.xlsx|茶马古道|seller_raw:/shop/421728||market_item.xlsx|茶马古道|seller_raw:/shop/437791,zh_target_strict,test,positive,1,0.169531,0,identifier_primary,/shop/421728,/shop/437791
core_few_shot_multilingual_e5_large_plus_gte_reranker_lr_l2_20pct_seed_20260322,market_item.xlsx|茶马古道|seller_raw:/shop/439380||market_item.xlsx|茶马古道|seller_raw:/shop/461801,zh_target_strict,test,positive,1,0.135254,0,identifier_primary,/shop/439380,/shop/461801
core_few_shot_multilingual_e5_large_plus_gte_reranker_lr_l2_20pct_seed_20260322,market_item.xlsx|茶马古道|seller_raw:/shop/428560||market_item.xlsx|茶马古道|seller_raw:/shop/428784,zh_target_strict,test,positive,1,0.11464,0,identifier_primary,/shop/428560,/shop/428784
