tree
version=v4
num_class=1
num_tree_per_iteration=1
label_index=0
max_feature_idx=29
objective=binary sigmoid:1
feature_names=same_market_raw_bool same_source_dataset_bool profile_category_jaccard shared_title_count_capped shared_description_count_capped shared_category_count_capped shared_title_idf_sum shared_description_idf_sum shared_title_idf_mean shared_description_idf_mean boilerplate_ratio_max boilerplate_ratio_gap_abs shared_boilerplate_count shared_low_df_sentence_count shared_rare_ngram_count item_count_percentile_gap_abs price_median_percentile_gap_abs title_length_median_percentile_gap_abs description_length_median_percentile_gap_abs digit_ratio_mean_percentile_gap_abs punct_ratio_mean_percentile_gap_abs repeated_title_share_percentile_gap_abs repeated_description_share_percentile_gap_abs max_category_share_percentile_gap_abs has_shared_contact_exact has_shared_pgp_fingerprint shared_contact_count_capped shared_pgp_fingerprint_count_capped embedding_cosine_gte_multilingual_base reranker_score_gte_multilingual_reranker_base
feature_infos=[0:1] [0:1] [0:1] [0:5] [0:5] [0:5] [0:70.616864000000007] [0:79.443972000000002] [0:8.8271080000000008] [0:8.8271080000000008] [0:0.20000000000000001] [0:0.20000000000000001] [0:1] [0:9] [0:8] [0:0.70916299999999999] [0:0.96791400000000005] [0:0.92293000000000003] [0:0.88129299999999999] [0:0.90190499999999996] [0:0.93838699999999997] [0:0.78087600000000001] [0:0.625498] [0:0.99695599999999995] [0:1] [0:0] [0:4] [0:0] [0.88623300000000005:0.99833300000000003] [0.41123199999999999:0.96361600000000003]
tree_sizes=783 787 861 883 869 884 782 875 889 860 868 786 750 887 851 866 864 561 865 888 785 890 575 859 771 882 574 765 577 775 677 666 783 848 892 766 771 576 573 683 683 565 841 660 560 779 889 894 765 574 567 894 750 766 864 868 576 578 837 884 874 661 661 766 871 554 567 869 566 892 677 871 680 890 847 867 772 688 868 872 855 883 768 853 752 743 566 573 653 765 744 786 770 841 668 575 865 857 661 579 684

Tree=0
num_leaves=6
num_cat=0
split_feature=28 19 21 19 24
split_gain=124.169 33.6136 26.1721 15.9527 5.72192
threshold=0.97266400000000008 0.0041160000000000007 0.12386950000000001 0.57113900000000017 1.0000000180025095e-35
decision_type=2 8 10 10 10
left_child=2 -2 4 -3 -1
right_child=1 3 -4 -5 -6
leaf_value=-0.042626935989392351 -0.030660933386412161 0.027660190839451752 0.017709548683689697 -0.015672226638774749 0.0011775734003828802
leaf_weight=49.552008971571922 7.9459708333015433 94.564582876861095 5.3664182424545279 5.4984385371208182 1.268632411956786
leaf_count=405 43 472 16 27 4
internal_value=0.000675332 0.0195466 -0.0342463 0.0246011 -0.0409714
internal_weight=164.196 108.009 56.1871 100.063 50.8206
internal_count=967 542 425 499 409
is_linear=0
shrinkage=1


Tree=1
num_leaves=6
num_cat=0
split_feature=29 24 3 24 3
split_gain=125.928 43.0438 23.8272 26.3233 22.8131
threshold=0.68316900000000003 1.0000000180025095e-35 1.0000000180025095e-35 1.0000000180025095e-35 2.5000000000000004
decision_type=2 10 10 8 10
left_child=1 4 3 -2 -1
right_child=2 -3 -4 -5 -6
leaf_value=-0.04165078544584086 -0.0045867869991501392 0.031101487089829988 0.045988160351683259 0.029309740152470318 0.023285977702133389
leaf_weight=63.854930207133293 40.771912902593613 6.5331058651208869 23.422957524657249 35.072689734399319 2.7781352400779715
leaf_count=508 170 16 55 260 6
internal_value=-0.000759521 -0.030112 0.0208304 0.0112262 -0.037626
internal_weight=172.434 73.1662 99.2676 75.8446 66.6331
internal_count=1015 530 485 430 514
is_linear=0
shrinkage=0.03


Tree=2
num_leaves=7
num_cat=0
split_feature=28 26 29 3 20 15
split_gain=104.051 53.3969 41.7512 28.0314 12.6435 4.10928
threshold=0.97851850000000018 1.0000000180025095e-35 0.61878350000000004 1.5000000000000002 0.25698250000000006 0.048007000000000001
decision_type=2 10 2 10 10 10
left_child=1 3 5 -1 -4 -2
right_child=2 -3 4 -5 -6 -7
leaf_value=-0.038107561424365291 -0.036182617365591828 0.035951868909634345 0.03433304641480487 0.027793992604442149 0 0.001302330455019398
leaf_weight=63.955330293625593 7.9534945636987668 8.8434594422578794 71.581736445426941 3.7016599476337424 11.03239221870899 1.2685703635215757
leaf_count=519 70 21 325 8 44 4
internal_value=0.00151494 -0.0236407 0.0228711 -0.0330504 0.029899 -0.0295177
internal_weight=168.337 76.5004 91.8362 67.657 82.6141 9.22206
internal_count=991 548 443 527 369 74
is_linear=0
shrinkage=0.03


Tree=3
num_leaves=7
num_cat=0
split_feature=29 28 26 21 9 21
split_gain=107.183 37.397 26.0881 15.8155 10.6414 3.54779
threshold=0.68316900000000003 0.97683400000000009 1.0000000180025095e-35 0.29816800000000004 8.4592630000000018 1.0000000180025095e-35
decision_type=2 2 10 10 10 8
left_child=2 3 4 -2 -1 -3
right_child=1 5 -4 -5 -6 -7
leaf_value=-0.036718581714505365 -0.020424279777805629 0.014308381968668 0.02318187344410803 0.027655323098225555 0.011070494422945689 0.036210674182050782
leaf_weight=59.174682110548019 21.808244992047552 20.256949469447136 5.305166855454444 4.9663345813751212 2.1918805837631217 50.750257357954979
leaf_count=470 164 69 14 12 6 235
internal_value=0.000118022 0.0200703 -0.0283179 -0.00861067 -0.0341092 0.031201
internal_weight=164.454 97.7818 66.6717 26.7746 61.3666 71.0072
internal_count=970 480 490 176 476 304
is_linear=0
shrinkage=0.03


Tree=4
num_leaves=7
num_cat=0
split_feature=28 21 29 29 4 20
split_gain=101.124 43.5422 34.1121 9.11928 7.00857 2.63697
threshold=0.97851850000000018 0.10762700000000001 0.70168600000000014 0.61878350000000004 1.0000000180025095e-35 0.062783000000000019
decision_type=2 10 2 2 10 10
left_child=1 4 3 -2 -1 -3
right_child=2 5 -4 -5 -6 -7
leaf_value=-0.037174012423387873 -0.026664894964827997 0 0.033489477744113177 0.0056971032971780229 0.0043690674735195499 0.029318209362945564
leaf_weight=59.703995544463396 8.5762341953814047 2.9235686063766471 61.4466817304492 19.276423878967762 1.8980755358934391 8.4170101433992368
leaf_count=487 71 12 250 107 6 22
internal_value=0.000142855 -0.0253206 0.0214142 -0.00491912 -0.0352862 0.0227778
internal_weight=162.242 72.9426 89.2993 27.8527 61.6021 11.3406
internal_count=955 527 428 178 493 34
is_linear=0
shrinkage=0.03


Tree=5
num_leaves=7
num_cat=0
split_feature=28 29 26 7 20 18
split_gain=100.883 39.6906 39.2217 10.3262 6.65351 3.78867
threshold=0.97851850000000018 0.62835750000000012 1.0000000180025095e-35 8.4887085000000031 0.25015000000000004 0.33506150000000007
decision_type=2 2 10 10 10 10
left_child=2 5 3 -1 -3 -2
right_child=1 4 -4 -5 -6 -7
leaf_value=-0.035988144736765322 -0.032832689956990853 0.032000144690494323 0.030602496943366163 0.0066961486281471357 0.003630258104892987 0.0018562976851346333
leaf_weight=65.22422906383872 9.4609250500798208 64.44377015158534 6.9737005084753028 3.3319858610630027 12.061036884784697 1.266798824071883
leaf_count=526 78 294 17 11 45 4
internal_value=-0.00106154 0.0204104 -0.0260747 -0.0333006 0.0282107 -0.0270406
internal_weight=162.762 87.2325 75.5299 68.5562 76.5048 10.7277
internal_count=975 421 554 537 339 82
is_linear=0
shrinkage=0.03


Tree=6
num_leaves=6
num_cat=0
split_feature=29 26 3 26 9
split_gain=108.203 29.6717 16.4493 29.6777 10.4628
threshold=0.68316900000000003 1.0000000180025095e-35 1.5000000000000002 1.0000000180025095e-35 8.4592630000000018
decision_type=2 10 10 8 10
left_child=1 4 3 -2 -1
right_child=2 -3 -4 -5 -6
leaf_value=-0.036632688668375386 -0.0042174669483726031 0.025966181059503629 0.045562690630675959 0.031101410493657663 0.010797436158128204
leaf_weight=59.601474285125732 39.90319761633873 5.5822599977254859 17.89378610253334 38.899205304682255 2.1877791285514823
leaf_count=483 166 14 39 268 6
internal_value=0.000537277 -0.0277726 0.0208048 0.0133515 -0.0340681
internal_weight=164.068 67.3715 96.6962 78.8024 61.7893
internal_count=976 503 473 434 489
is_linear=0
shrinkage=0.03


Tree=7
num_leaves=7
num_cat=0
split_feature=29 28 24 5 22 16
split_gain=83.3989 36.7805 23.4808 18.6456 13.8052 7.41954
threshold=0.68106350000000015 0.97683400000000009 1.0000000180025095e-35 1.5000000000000002 0.108339 0.39100400000000007
decision_type=2 2 10 10 10 10
left_child=2 4 3 -1 -2 -3
right_child=1 5 -4 -5 -6 -7
leaf_value=-0.033572869807795759 -0.022220374025162547 0.032585692408225259 0.023574286558377441 0.01954898928729476 0.016524040969913653 -0.003280377178263598
leaf_weight=58.561636377125978 19.472316790372137 66.692403636872768 5.7383240908384314 3.9057411253452292 9.624696269631384 3.4293508678674689
leaf_count=470 158 290 15 11 31 15
internal_value=0.00136924 0.0188728 -0.0233942 -0.0290496 -0.00812326 0.0303587
internal_weight=167.424 99.2188 68.2057 62.4674 29.097 70.1218
internal_count=990 494 496 481 189 305
is_linear=0
shrinkage=0.03


Tree=8
num_leaves=7
num_cat=0
split_feature=29 5 24 4 24 19
split_gain=88.4965 31.6099 16.8906 16.0137 20.1256 3.69563
threshold=0.70063150000000007 1.5000000000000002 1.0000000180025095e-35 1.0000000180025095e-35 1.0000000180025095e-35 0.24027500000000004
decision_type=2 10 10 8 8 8
left_child=1 2 -1 4 -2 -5
right_child=3 -3 -4 5 -6 -7
leaf_value=-0.034512105245917982 -0.0086526217430687204 0.02641594783323439 0.016828431084399104 0.040870444931651193 0.037193862084618383 0.016976328646379147
leaf_weight=65.849200095981359 28.805398195981979 7.001692220568656 3.7229726463556281 21.972957715392113 8.6682099699974042 25.774425640702248
leaf_count=536 125 19 10 52 19 220
internal_value=-0.00127955 -0.0243647 -0.0307693 0.0192463 0.00318197 0.0303294
internal_weight=161.795 76.5739 69.5722 85.221 37.4736 47.7474
internal_count=981 565 546 416 144 272
is_linear=0
shrinkage=0.03


Tree=9
num_leaves=7
num_cat=0
split_feature=29 28 26 2 28 23
split_gain=83.3291 31.0952 18.6517 14.2241 12.5231 5.23493
threshold=0.68316900000000003 0.97683400000000009 1.0000000180025095e-35 0.38750000000000007 0.98260900000000007 0.73287700000000011
decision_type=2 2 10 8 2 10
left_child=2 3 4 -2 -1 -3
right_child=1 5 -4 -5 -6 -7
leaf_value=-0.038560747409868305 0.01186657970816399 0.030206584096346301 0.019277750791548094 -0.026828267770730749 -0.0049093314743404795 0
leaf_weight=43.869275067001581 12.842363938689234 63.344559565186501 4.8047690689563742 14.674742214381693 16.616229053586721 7.3691906183958045
leaf_count=368 45 281 13 134 109 28
internal_value=0 0.0172117 -0.0256722 -0.0083949 -0.0304576 0.0275192
internal_weight=163.521 98.2309 65.2903 27.5171 60.4855 70.7138
internal_count=978 488 490 179 477 309
is_linear=0
shrinkage=0.03


Tree=10
num_leaves=7
num_cat=0
split_feature=28 29 24 29 23 29
split_gain=71.764 43.6918 23.0293 14.1371 7.48545 3.42324
threshold=0.97334950000000009 0.62835750000000012 1.0000000180025095e-35 0.74035250000000008 0.81133400000000011 0.58515400000000006
decision_type=2 2 10 2 10 2
left_child=2 5 3 -1 -3 -2
right_child=1 4 -4 -5 -6 -7
leaf_value=-0.03794683513610822 -0.036393407398168938 0.026502423501035613 0.024290310518187919 0 -0.00055114589287374907 -0.0024187786136187282
leaf_weight=43.087223365902901 8.9679522365331632 83.029442489147186 4.9019123017787924 10.419449053704737 7.7616747468709937 6.66979931667447
leaf_count=369 81 386 12 63 32 46
internal_value=0.00104901 0.0157647 -0.0247368 -0.0308103 0.0239261 -0.026234
internal_weight=164.837 106.429 58.4086 53.5067 90.7911 15.6378
internal_count=989 545 444 432 418 127
is_linear=0
shrinkage=0.03


Tree=11
num_leaves=6
num_cat=0
split_feature=29 24 3 3 24
split_gain=67.0967 18.5195 16.8288 13.0054 19.7881
threshold=0.68106350000000015 1.0000000180025095e-35 2.5000000000000004 1.5000000000000002 1.0000000180025095e-35
decision_type=2 10 10 10 8
left_child=1 2 -1 4 -2
right_child=3 -3 -4 -5 -6
leaf_value=-0.031561665321224557 -0.0033769967557464521 0.020380241588966296 0.023056221494084345 0.040496732799392261 0.025595428137446679
leaf_weight=58.27385127171874 42.532782107591629 5.2347922921180716 2.7729428708553305 14.348306089639662 35.494121037423611
leaf_count=480 176 14 6 32 260
internal_value=-5.51558e-05 -0.0227041 -0.0276486 0.0160845 0.00989189
internal_weight=158.657 66.2816 61.0468 92.3752 78.0269
internal_count=968 500 486 468 436
is_linear=0
shrinkage=0.03


Tree=12
num_leaves=6
num_cat=0
split_feature=28 21 19 19 28
split_gain=69.1224 31.1368 25.7438 11.5833 1.3137
threshold=0.97334950000000009 0.12386950000000001 0.0041160000000000007 0.57113900000000017 0.90790150000000014
decision_type=2 10 8 10 2
left_child=1 4 -2 -4 -1
right_child=2 -3 3 -5 -6
leaf_value=0 -0.030168492373209378 0.020793588092532008 0.021810977153959851 -0.016195845303345318 -0.03593040853000045
leaf_weight=1.5575893409550179 7.4334906339645377 8.083307132124899 89.966985106468201 4.778483420610427 46.927052062004805
leaf_count=11 43 24 476 25 405
internal_value=0 -0.025927 0.0145177 0.0191489 -0.0350567
internal_weight=158.747 56.5679 102.179 94.7455 48.4846
internal_count=984 440 544 501 416
is_linear=0
shrinkage=0.03


Tree=13
num_leaves=7
num_cat=0
split_feature=29 26 28 5 9 15
split_gain=61.4168 26.2247 24.0498 12.5793 4.42357 2.17426
threshold=0.70168600000000014 1.0000000180025095e-35 0.97683400000000009 1.5000000000000002 8.0951295000000005 0.0022240000000000003
decision_type=2 10 2 10 10 8
left_child=1 3 4 -1 -2 -4
right_child=2 -3 5 -5 -6 -7
leaf_value=-0.026877684184398933 -0.01406030529346707 0.026875607501824987 0.0020002203151785955 0.015016601632874261 0.01362945775193402 0.029021478891479373
leaf_weight=69.607416965067387 18.287548389285806 7.4758067876100531 5.8318637013435355 4.2397441267967215 3.2353652566671363 57.247437130659819
leaf_count=560 133 19 21 13 9 250
internal_value=0.000299253 -0.0178037 0.0180567 -0.0235897 -0.00751643 0.0271815
internal_weight=165.925 81.323 84.6022 73.8472 21.5229 63.0793
internal_count=1005 592 413 573 142 271
is_linear=0
shrinkage=0.03


Tree=14
num_leaves=7
num_cat=0
split_feature=4 24 23 20 21 19
split_gain=44.5381 39.8947 19.6815 10.8696 4.54234 0.765466
threshold=1.0000000180025095e-35 1.0000000180025095e-35 0.73287700000000011 0.2692235 0.30858750000000007 0.19819650000000003
decision_type=10 8 10 8 10 10
left_child=1 4 -2 -3 -1 -4
right_child=2 3 5 -5 -6 -7
leaf_value=-0.024028813996459331 0.040213327381578859 0.034161085704943056 0 0.0024343912660174083 0.0042822334334557746 -0.020807049088866245
leaf_weight=69.5819091796875 26.550114840269092 10.589326098561285 2.5266445428133002 45.206647142767906 2.6984637528657904 2.3596981018781662
leaf_count=357 64 25 10 514 9 14
internal_value=0 -0.00799591 0.0303422 0.0104017 -0.0224448 -0.0143831
internal_weight=159.513 128.076 31.4365 55.796 72.2804 4.88634
internal_count=993 905 88 539 366 24
is_linear=0
shrinkage=0.03


Tree=15
num_leaves=7
num_cat=0
split_feature=29 26 3 28 2 15
split_gain=64.8354 23.7171 21.0984 14.1007 5.90326 3.56133
threshold=0.71548950000000011 1.0000000180025095e-35 2.5000000000000004 0.97683400000000009 0.38750000000000007 0.0046010000000000009
decision_type=2 10 10 2 8 8
left_child=1 2 -1 4 -2 -5
right_child=3 -3 -4 5 -6 -7
leaf_value=-0.027697339966189057 0.011763701947286726 0.026159994517524852 0.026919410616053921 0 -0.018260118963201386 0.029413323696158407
leaf_weight=69.075483072549105 8.7579931467771548 6.7833599448204032 4.0680514276027671 4.7519026845693579 8.263104595243929 51.800828151404858
leaf_count=566 30 17 9 18 75 224
internal_value=0.000224071 -0.0179688 -0.0233248 0.0203094 -0.00186544 0.027245
internal_weight=153.501 79.9269 73.1435 73.5738 17.0211 56.5527
internal_count=939 592 575 347 105 242
is_linear=0
shrinkage=0.03


Tree=16
num_leaves=7
num_cat=0
split_feature=29 28 4 5 3 15
split_gain=72.1062 24.9616 16.2005 12.1367 9.0424 1.20359
threshold=0.68106350000000015 0.95943100000000014 1.0000000180025095e-35 1.5000000000000002 1.0000000180025095e-35 0.0074060000000000003
decision_type=2 2 10 10 10 8
left_child=2 5 3 -1 -3 -2
right_child=1 4 -4 -5 -6 -7
leaf_value=-0.03154751087154968 0 0.01444704031439673 0.015497696920102015 0.012162266945062152 0.038024573563287332 -0.030349194025812615
leaf_weight=53.962014634162188 0.78391700983047385 64.421539656817913 6.0558163970708838 3.7462818622589102 24.542470514774323 6.3116014562547207
leaf_count=471 3 365 19 12 60 56
internal_value=0.00123859 0.0176287 -0.0226861 -0.027755 0.0223058 -0.0272443
internal_weight=159.824 96.0595 63.7641 57.7083 88.964 7.09552
internal_count=986 484 502 483 425 59
is_linear=0
shrinkage=0.03


Tree=17
num_leaves=4
num_cat=0
split_feature=24 3 7
split_gain=46.9982 47.7822 22.253
threshold=1.0000000180025095e-35 1.5000000000000002 26.193642000000004
decision_type=10 10 8
left_child=1 2 -1
right_child=-2 -3 -4
leaf_value=-0.022165654794257451 0.039112726446103412 0.03881592084064122 0.0034264985235197337
leaf_weight=80.72112175822258 20.706396788358688 15.170365631580351 44.145939942449331
leaf_count=413 49 35 493
internal_value=0 -0.00649402 -0.013015
internal_weight=160.744 140.037 124.867
internal_count=990 941 906
is_linear=0
shrinkage=0.03


Tree=18
num_leaves=7
num_cat=0
split_feature=28 21 3 6 3 28
split_gain=59.3318 25.4993 13.3442 8.87142 4.8484 0.686207
threshold=0.97851850000000018 0.052490000000000002 1.5000000000000002 1.0000000180025095e-35 1.5000000000000002 0.97076300000000015
decision_type=2 10 10 10 8 2
left_child=1 4 3 -2 -1 -3
right_child=2 5 -4 -5 -6 -7
leaf_value=-0.035033065421444194 0.012987129024916833 0 0.038104253273971829 -0.013142852489984161 -0.011620451655625157 0.022107910895624652
leaf_weight=40.045992493629456 60.31629453599453 3.8849801421165449 16.17616394162178 10.706093564629553 20.421028319746256 6.3642245829105377
leaf_count=236 351 15 38 52 288 18
internal_value=-0.000921653 -0.0210423 0.0152203 0.00826993 -0.0285218 0.0172867
internal_weight=157.915 70.7162 87.1986 71.0224 60.467 10.2492
internal_count=998 557 441 403 524 33
is_linear=0
shrinkage=0.03


Tree=19
num_leaves=7
num_cat=0
split_feature=28 29 4 2 16 18
split_gain=65.45 23.9116 19.8371 8.83837 5.38751 3.20009
threshold=0.97851850000000018 0.62835750000000012 1.0000000180025095e-35 0.47222200000000009 0.47068100000000007 0.33860950000000006
decision_type=2 2 10 10 10 10
left_child=2 5 3 -1 -3 -2
right_child=1 4 -4 -5 -6 -7
leaf_value=-0.014745340663038613 -0.027299760737884853 0.025077784004523183 0.021066492881254506 -0.041029050735372802 -0.0030204282132018107 0.003226190014285524
leaf_weight=42.978087916970253 8.3173259608447534 74.256498333066702 6.3276409059762946 22.369369029998779 3.9803997427225104 1.2495175451040257
leaf_count=392 75 339 18 141 17 4
internal_value=0.000238458 0.0175223 -0.0203862 -0.0255875 0.0232202 -0.0211072
internal_weight=159.479 87.8037 71.6751 65.3475 78.2369 9.56684
internal_count=986 435 551 533 356 79
is_linear=0
shrinkage=0.03


Tree=20
num_leaves=6
num_cat=0
split_feature=29 24 3 24 3
split_gain=52.2259 20.1397 15.3896 17.1445 11.089
threshold=0.68106350000000015 1.0000000180025095e-35 1.5000000000000002 1.0000000180025095e-35 2.5000000000000004
decision_type=2 10 10 8 10
left_child=1 4 3 -2 -1
right_child=2 -3 -4 -5 -6
leaf_value=-0.029527966348228993 -0.0055328443089837512 0.021629311839276674 0.037738612493488817 0.021779583042282231 0.016988377451717936
leaf_weight=55.119249433279037 41.048273995518684 6.0301214754581443 17.173860937356949 34.715578980743885 2.2686056196689597
leaf_count=480 176 16 41 267 5
internal_value=-1.42574e-05 -0.0206469 0.0139575 0.00695392 -0.0264397
internal_weight=156.356 63.418 92.9377 75.7639 57.3879
internal_count=985 501 484 443 485
is_linear=0
shrinkage=0.03


Tree=21
num_leaves=7
num_cat=0
split_feature=28 21 29 24 16 18
split_gain=54.0056 35.2788 23.2668 5.42963 4.81741 3.43263
threshold=0.97851850000000018 0.052490000000000002 0.61878350000000004 1.0000000180025095e-35 0.46473450000000005 0.33860950000000006
decision_type=2 10 2 10 10 10
left_child=1 3 5 -1 -4 -2
right_child=2 -3 4 -5 -6 -7
leaf_value=-0.030141515916679056 -0.028530028095795038 0.021373928956326883 0.023822785234360121 0.0062382332958390426 -0.0055167986775521531 0.0034610508115626459
leaf_weight=55.973356038331985 8.0014037452638131 13.175156116485594 73.358200620859861 1.520323023200034 2.5733554810285559 1.2455777227878559
leaf_count=497 75 41 348 4 12 4
internal_value=0.000538384 -0.0182387 0.0165476 -0.0284219 0.0222765 -0.021979
internal_weight=155.847 70.6688 85.1785 57.4937 75.9316 9.24698
internal_count=981 542 439 501 360 79
is_linear=0
shrinkage=0.03


Tree=22
num_leaves=4
num_cat=0
split_feature=3 24 13
split_gain=38.0239 41.5583 16.2788
threshold=1.5000000000000002 1.0000000180025095e-35 3.5000000000000004
decision_type=10 10 8
left_child=1 2 -1
right_child=-2 -3 -4
leaf_value=-0.020076508483238019 0.037668538351413254 0.036256096811927915 0.0020327114346417332
leaf_weight=76.109550476074219 18.131574422121048 15.418688729405401 43.738408274948597
leaf_count=394 44 37 501
internal_value=3.50016e-06 -0.00553603 -0.011911
internal_weight=153.398 135.267 119.848
internal_count=976 932 895
is_linear=0
shrinkage=0.03


Tree=23
num_leaves=7
num_cat=0
split_feature=28 4 20 28 23 23
split_gain=41.2026 16.543 15.3208 8.92949 5.14787 3.0797
threshold=0.98260900000000007 1.0000000180025095e-35 1.0000000180025095e-35 0.96567650000000016 0.71218550000000014 0.74914100000000017
decision_type=2 10 8 2 8 10
left_child=1 3 -2 -1 -3 -4
right_child=2 4 5 -5 -6 -7
leaf_value=-0.031489262466674751 -0.019479463247460745 0.028877450679813343 0.023804360463611927 -0.0085823883938099393 -0.0058697237314751472 0
leaf_weight=29.537168733775616 6.06374867260456 7.0199596881866428 55.982316795736551 44.772372301667929 2.8680753856897363 4.4451291710138312
leaf_count=273 35 17 285 327 14 18
internal_value=0 -0.0138727 0.017092 -0.0189443 0.0174508 0.0219826
internal_weight=150.689 84.1976 66.4912 74.3095 9.88804 60.4274
internal_count=969 631 338 600 31 303
is_linear=0
shrinkage=0.03


Tree=24
num_leaves=6
num_cat=0
split_feature=28 3 22 22 23
split_gain=43.3172 25.3743 15.8051 6.35959 5.05836
threshold=0.96567650000000016 1.0000000180025095e-35 0.018671000000000004 0.13270100000000004 0.68426300000000007
decision_type=2 10 8 10 10
left_child=3 2 -2 -1 -3
right_child=1 4 -4 -5 -6
leaf_value=-0.033448254794840294 -0.013921573656762942 0.038103354079438885 0.0099224078564832258 0.0004332465651599705 0
leaf_weight=29.008796475827694 36.611732438206673 21.944600790739063 64.217339280992746 3.7795957624912253 4.1371252983808509
leaf_count=281 181 54 472 15 16
internal_value=4.54851e-05 0.00827569 0.000823471 -0.0289955 0.0329967
internal_weight=159.699 126.911 100.829 32.7884 26.0817
internal_count=1019 723 653 296 70
is_linear=0
shrinkage=0.03


Tree=25
num_leaves=7
num_cat=0
split_feature=29 28 29 19 21 20
split_gain=40.1344 15.2631 10.8114 11.7533 10.0442 7.3747
threshold=0.68530050000000009 0.97683400000000009 0.59205150000000006 0.20602100000000004 0.12386950000000001 0.28273050000000005
decision_type=2 2 2 8 10 10
left_child=2 4 -1 -4 -2 -3
right_child=1 5 3 -5 -6 -7
leaf_value=-0.033570442448145194 -0.016419655513086481 0.025029988378448519 0.01124108785881254 -0.018544377427893964 0.019171714169352139 -0.0026953747993413778
leaf_weight=21.094811871647835 18.757925033569339 55.259490061551332 16.254408806562424 26.328060984611511 7.242118388414382 7.2645763754844657
leaf_count=201 153 267 63 244 21 30
internal_value=0.00047271 0.0135447 -0.0170418 -0.0065251 -0.00451374 0.0213749
internal_weight=152.201 88.5241 63.6773 42.5825 26 62.5241
internal_count=979 471 508 307 174 297
is_linear=0
shrinkage=0.03


Tree=26
num_leaves=4
num_cat=0
split_feature=24 3 5
split_gain=37.0093 39.9404 16.3434
threshold=1.0000000180025095e-35 1.5000000000000002 1.5000000000000002
decision_type=10 10 8
left_child=1 2 -1
right_child=-2 -3 -4
leaf_value=-0.02043817319854618 0.03556165055156571 0.035856309362782647 0.0011458139092310371
leaf_weight=71.106119841337204 20.273643285036087 15.300537556409834 50.125218633562326
leaf_count=384 51 38 543
internal_value=0.000376187 -0.00528576 -0.0114602
internal_weight=156.806 136.532 121.231
internal_count=1016 965 927
is_linear=0
shrinkage=0.03


Tree=27
num_leaves=6
num_cat=0
split_feature=29 28 24 5 3
split_gain=41.644 21.9889 15.407 12.8452 5.26057
threshold=0.68316900000000003 0.95943100000000014 1.0000000180025095e-35 1.5000000000000002 1.5000000000000002
decision_type=2 2 10 10 10
left_child=2 -2 3 -1 -3
right_child=1 4 -4 -5 -6
leaf_value=-0.027723315552391898 -0.029030435080115984 0.012270888774378636 0.019883277766972175 0.018273638765627494 0.033834681275922283
leaf_weight=52.164246626198292 7.0975894853472701 69.715212922543287 5.2676959633827201 3.2044317275285712 14.67435899376869
leaf_count=480 66 383 14 9 38
internal_value=0 0.01267 -0.0187247 -0.0237449 0.0173967
internal_weight=152.124 91.4872 60.6364 55.3687 84.3896
internal_count=990 487 503 489 421
is_linear=0
shrinkage=0.03


Tree=28
num_leaves=4
num_cat=0
split_feature=3 24 19
split_gain=33.1652 33.3195 13.1723
threshold=1.5000000000000002 1.0000000180025095e-35 0.5363880000000002
decision_type=10 10 10
left_child=1 2 -1
right_child=-2 -3 -4
leaf_value=-0.0058029726729526094 0.035963487028679325 0.033237364336780491 -0.034047815941023872
leaf_weight=99.542951688170433 17.599765360355377 14.685518175363539 16.04472841322422
leaf_count=779 45 37 106
internal_value=0.000365699 -0.00491971 -0.0107388
internal_weight=147.873 130.273 115.588
internal_count=967 922 885
is_linear=0
shrinkage=0.03


Tree=29
num_leaves=6
num_cat=0
split_feature=29 5 26 3 2
split_gain=39.0355 14.3588 14.1242 9.33107 10.7375
threshold=0.69844400000000018 1.5000000000000002 1.0000000180025095e-35 1.0000000180025095e-35 0.32575750000000009
decision_type=2 10 10 10 10
left_child=1 2 -1 4 -2
right_child=3 -3 -4 -5 -6
leaf_value=-0.02502782631975883 0.015539499526227778 0.020569575754150041 0.017866334264440325 0.03118437263046013 -0.0087108704618465635
leaf_weight=58.933964524418116 42.340144816786051 5.426474303007125 4.7958312630653372 18.759389385581017 21.655287533998489
leaf_count=534 289 16 13 52 98
internal_value=0 -0.0163182 -0.0206922 0.0136243 0.00686307
internal_weight=151.911 69.1563 63.7298 82.7548 63.9954
internal_count=1002 563 547 439 387
is_linear=0
shrinkage=0.03


Tree=30
num_leaves=5
num_cat=0
split_feature=24 28 2 20
split_gain=32.2991 32.3348 9.85497 8.77615
threshold=1.0000000180025095e-35 0.98260900000000007 0.47222200000000009 1.0000000180025095e-35
decision_type=10 2 10 8
left_child=1 2 -1 -3
right_child=-2 3 -4 -5
leaf_value=-0.0085359700032891193 0.035643970207416213 -0.016820704795086735 -0.032700365303924707 0.015433584746411507
leaf_weight=52.079043678939342 17.156714677810669 5.4133967608213416 24.759439215064049 52.636442732065916
leaf_count=471 43 32 159 293
internal_value=0 -0.00500946 -0.0176343 0.0112556
internal_weight=152.045 134.888 76.8385 58.0498
internal_count=998 955 630 325
is_linear=0
shrinkage=0.03


Tree=31
num_leaves=5
num_cat=0
split_feature=3 22 23 7
split_gain=27.513 16.3465 4.99945 3.03717
threshold=1.5000000000000002 0.0022595000000000007 0.71218550000000014 28.653274500000006
decision_type=10 8 10 10
left_child=1 3 -3 -1
right_child=-2 2 -4 -5
leaf_value=-0.021672841426520977 0.034179919057485561 0.0053286748949698147 -0.012912966014675972 0.0036375388712515922
leaf_weight=39.790825098752975 15.509156256914137 78.044305723160505 12.714821279048918 1.6812223345041264
leaf_count=227 41 640 69 5
internal_value=0 -0.00481721 0.00212175 -0.019796
internal_weight=147.74 132.231 90.7591 41.472
internal_count=982 941 709 232
is_linear=0
shrinkage=0.03


Tree=32
num_leaves=6
num_cat=0
split_feature=28 24 19 3 19
split_gain=33.6346 15.6551 14.3852 7.78854 3.48092
threshold=0.9785695000000002 1.0000000180025095e-35 0.00032450000000000008 2.5000000000000004 0.5558725000000001
decision_type=2 10 8 10 10
left_child=1 3 -2 -1 -4
right_child=2 -3 4 -5 -6
leaf_value=-0.022164552333564475 -0.020269699021973255 0.02170359232827216 0.019296724056298172 0.015182313893057024 -0.0059368949955437428
leaf_weight=58.183745816349983 6.7816134989261618 6.3323906958103171 71.157961316406727 2.4421522319316855 2.0615546703338614
leaf_count=525 41 17 376 6 11
internal_value=0.00067849 -0.0144506 0.0137671 -0.0195437 0.0179869
internal_weight=146.959 66.9583 80.0011 60.6259 73.2195
internal_count=976 548 428 531 387
is_linear=0
shrinkage=0.03


Tree=33
num_leaves=7
num_cat=0
split_feature=28 29 21 16 29 22
split_gain=36.5324 24.6463 10.3328 7.44952 5.32151 2.70306
threshold=0.97266400000000008 0.62835750000000012 0.12386950000000001 0.45463350000000008 0.7391445000000002 0.0022595000000000007
decision_type=2 2 10 10 2 10
left_child=2 5 4 -3 -1 -2
right_child=1 3 -4 -5 -6 -7
leaf_value=-0.029491913530830142 -0.026267743278991586 0.019427063608321544 0.010453962104733252 -0.012049608700649281 0 0
leaf_weight=35.637978155165911 12.160055987536905 82.531117018312216 5.6935369521379462 4.1719944775104514 6.6459851525723925 2.388598144054412
leaf_count=356 116 425 19 21 52 10
internal_value=0.000580755 0.0109338 -0.0200375 0.0172257 -0.0252262 -0.021388
internal_weight=149.229 101.252 47.9775 86.7031 42.284 14.5487
internal_count=999 572 427 446 408 126
is_linear=0
shrinkage=0.03


Tree=34
num_leaves=7
num_cat=0
split_feature=29 28 29 16 4 18
split_gain=36.4821 24.5551 6.56249 5.50274 4.01186 2.41095
threshold=0.63185900000000006 0.96775100000000014 0.74035250000000008 0.47545650000000006 1.0000000180025095e-35 0.32467900000000011
decision_type=2 2 2 10 10 10
left_child=4 2 -2 -3 5 -1
right_child=1 3 -4 -5 -6 -7
leaf_value=-0.03071818502329474 -0.026719305068809936 0.018208283781884497 0.0029518499764039701 -0.0089425036437853454 0.0035615807698188796 -0.0016154487029377857
leaf_weight=25.928535893559459 14.707903839647772 91.678222447633743 7.264183346182107 3.9565306752920142 1.7385711222887028 5.6548329889774314
leaf_count=274 146 479 44 20 6 32
internal_value=0.00177444 0.00985744 -0.0165322 0.016543 -0.0243857 -0.0269671
internal_weight=150.929 117.607 21.9721 95.6348 33.3219 31.5834
internal_count=1001 689 190 499 312 306
is_linear=0
shrinkage=0.03


Tree=35
num_leaves=6
num_cat=0
split_feature=29 28 24 20 29
split_gain=34.5068 18.8965 10.7268 5.78821 5.17762
threshold=0.68316900000000003 0.95943100000000014 1.0000000180025095e-35 0.29836000000000007 0.58515400000000006
decision_type=2 2 10 10 2
left_child=2 -2 4 -3 -1
right_child=1 3 -4 -5 -6
leaf_value=-0.033645845719073586 -0.026753019738293752 0.020601176368213115 0.017133052455310736 0 -0.010956112650508906
leaf_weight=17.419477660208941 6.6299710422754279 69.411274690181017 4.7229316532611838 13.94719362258911 36.842239245772362
leaf_count=186 64 363 13 59 322
internal_value=0.00115651 0.0128724 -0.0159915 0.0171913 -0.0201452
internal_weight=148.973 89.9884 58.9846 83.3585 54.2617
internal_count=1007 486 521 422 508
is_linear=0
shrinkage=0.03


Tree=36
num_leaves=6
num_cat=0
split_feature=28 24 3 24 28
split_gain=32.6825 15.119 16.8568 7.63523 0.228494
threshold=0.96567650000000016 1.0000000180025095e-35 1.5000000000000002 1.0000000180025095e-35 0.90790150000000014
decision_type=2 10 10 10 2
left_child=3 2 -2 4 -1
right_child=1 -3 -4 -5 -6
leaf_value=0 -0.0022632923127821215 0.033499984680868143 0.031125173364680354 0.008453390499208277 -0.031849174378060036
leaf_weight=0.60879823565483704 90.815617732703686 13.872727811336516 12.760801553726195 2.4472518265247336 26.768303532153368
leaf_count=7 643 36 36 7 274
internal_value=-3.30428e-05 0.00700264 0.00232908 -0.0267614 -0.0314209
internal_weight=147.274 117.449 103.576 29.8244 27.3771
internal_count=1003 715 679 288 281
is_linear=0
shrinkage=0.03


Tree=37
num_leaves=4
num_cat=0
split_feature=24 3 28
split_gain=28.5627 31.6523 15.497
threshold=1.0000000180025095e-35 1.5000000000000002 0.9785695000000002
decision_type=10 10 2
left_child=1 2 -1
right_child=-2 -3 -4
leaf_value=-0.021603403237988504 0.032507451894869518 0.032834512322142372 1.7334896417888324e-05
leaf_weight=55.222910471260548 18.340510562062263 14.087227255105971 55.572422087192535
leaf_count=512 50 39 361
internal_value=0.000191343 -0.00497133 -0.0107807
internal_weight=143.223 124.883 110.795
internal_count=962 912 873
is_linear=0
shrinkage=0.03


Tree=38
num_leaves=4
num_cat=0
split_feature=26 3 7
split_gain=25.9182 28.9038 12.0476
threshold=1.0000000180025095e-35 1.5000000000000002 34.130944000000007
decision_type=10 10 8
left_child=1 2 -1
right_child=-2 -3 -4
leaf_value=-0.017107415501635383 0.031991841039906592 0.03215436602872946 0.002450781410901996
leaf_weight=70.900332413613796 17.472334116697311 13.800243228673933 40.954613547772169
leaf_count=392 48 39 504
internal_value=0.000469647 -0.00432411 -0.0098082
internal_weight=143.128 125.655 111.855
internal_count=983 935 896
is_linear=0
shrinkage=0.03


Tree=39
num_leaves=5
num_cat=0
split_feature=28 3 24 13
split_gain=29.103 15.1243 12.8043 4.22771
threshold=0.96567650000000016 1.5000000000000002 1.0000000180025095e-35 1.0000000180025095e-35
decision_type=2 10 10 10
left_child=3 2 -2 -1
right_child=1 -3 -4 -5
leaf_value=-0.029051820366462006 -0.0018145299830312407 0.032045539387243055 0.028412384624948019 0.00084695931770829879
leaf_weight=25.060227379202846 85.92411171272397 15.941722273826597 11.515190362930296 2.577537313103675
leaf_count=258 616 47 32 10
internal_value=0.00033035 0.00737279 0.00220089 -0.0254743
internal_weight=141.019 113.381 97.4393 27.6378
internal_count=963 695 648 268
is_linear=0
shrinkage=0.03


Tree=40
num_leaves=5
num_cat=0
split_feature=24 28 21 20
split_gain=23.4081 23.4701 11.2211 7.95861
threshold=1.0000000180025095e-35 0.97851850000000018 0.052490000000000002 1.0000000180025095e-35
decision_type=10 2 10 8
left_child=1 2 -1 -3
right_child=-2 3 -4 -5
leaf_value=-0.02322666006895947 0.03020627676836702 -0.01968485764641115 0.010221157218026238 0.011210677902784709
leaf_weight=50.788246512413025 17.162488490343094 5.1616715788841239 7.6999492347240439 58.724565759301186
leaf_count=513 49 34 29 350
internal_value=2.7441e-06 -0.00461532 -0.0180515 0.00749501
internal_weight=139.537 122.374 58.4882 63.8862
internal_count=975 926 542 384
is_linear=0
shrinkage=0.03


Tree=41
num_leaves=4
num_cat=0
split_feature=3 24 28
split_gain=23.3594 26.056 18.3852
threshold=1.5000000000000002 1.0000000180025095e-35 0.98260900000000007
decision_type=10 10 2
left_child=1 2 -1
right_child=-2 -3 -4
leaf_value=-0.019474011249848194 0.031635343816811719 0.029635577170096204 0.0040670142258039934
leaf_weight=67.243075292557478 15.358179360628126 14.280238926410673 47.318837996572256
leaf_count=616 46 40 295
internal_value=0 -0.00448383 -0.00963975
internal_weight=144.2 128.842 114.562
internal_count=997 951 911
is_linear=0
shrinkage=0.03


Tree=42
num_leaves=7
num_cat=0
split_feature=29 28 3 4 28 21
split_gain=23.426 20.7849 7.45127 5.63725 1.77273 1.78931
threshold=0.59205150000000006 0.96567650000000016 1.5000000000000002 1.5000000000000002 0.9310210000000001 0.023518500000000001
decision_type=2 2 10 10 2 10
left_child=4 3 -3 -2 -1 -6
right_child=1 2 -4 -5 5 -7
leaf_value=0 -0.025349235326634641 0.0071003923019673709 0.030441514317624294 0.0084757291276948317 -0.032482846094942855 0
leaf_weight=1.2011549137532735 18.428272701799873 89.797682069242001 13.732790410518644 2.5084527879953376 16.38444817811251 0.87519761174917121
leaf_count=9 190 549 42 8 184 4
internal_value=0.000434295 0.00550549 0.0112482 -0.019489 -0.0283491 -0.030497
internal_weight=142.928 124.467 103.53 20.9367 18.4608 17.2596
internal_count=986 789 591 198 197 188
is_linear=0
shrinkage=0.03


Tree=43
num_leaves=5
num_cat=0
split_feature=3 21 0 9
split_gain=17.8197 15.0108 6.03381 4.75873
threshold=1.5000000000000002 0.00092500000000000015 1.0000000180025095e-35 7.9813810000000007
decision_type=10 8 10 10
left_child=1 3 -3 -1
right_child=-2 2 -4 -5
leaf_value=-0.018573101642641279 0.030620883213916872 0 0.018612703398315677 0.0067168329956324288
leaf_weight=45.508664816617966 12.87910810112953 61.636607956141233 18.169511049985886 4.3252373784780493
leaf_count=275 39 605 61 15
internal_value=0.000422501 -0.0029761 0.00479438 -0.0155535
internal_weight=142.519 129.64 79.8061 49.8339
internal_count=995 956 666 290
is_linear=0
shrinkage=0.03


Tree=44
num_leaves=4
num_cat=0
split_feature=26 3 21
split_gain=22.6224 23.1226 14.6453
threshold=1.0000000180025095e-35 1.5000000000000002 0.00092500000000000015
decision_type=10 10 8
left_child=1 2 -1
right_child=-2 -3 -4
leaf_value=-0.022117235312957322 0.029687635552150364 0.030105066284763352 0
leaf_weight=43.37808632850647 17.319995686411858 12.178830862045286 68.574461977928877
leaf_count=270 51 37 632
internal_value=0.000102921 -0.00439219 -0.00909371
internal_weight=141.451 124.131 111.953
internal_count=990 939 902
is_linear=0
shrinkage=0.03


Tree=45
num_leaves=6
num_cat=0
split_feature=29 24 3 19 3
split_gain=23.8048 7.13109 7.27583 6.98901 4.54748
threshold=0.68106350000000015 1.0000000180025095e-35 2.5000000000000004 0.5558725000000001 1.5000000000000002
decision_type=2 10 10 10 10
left_child=1 2 -1 4 -2
right_child=3 -3 -4 -5 -6
leaf_value=-0.021705703172448212 0.0075774574231493395 0.011827131800519902 0.014567335072023244 -0.017460217189008181 0.02837675825602318
leaf_weight=49.265762500464916 67.27467779442668 4.5436940640211096 2.4244072437286368 4.5980420410633078 11.433734804391859
leaf_count=483 422 14 6 30 37
internal_value=-0.000468662 -0.0152991 -0.0187501 0.00937847 0.011897
internal_weight=139.54 56.2339 51.6902 83.3065 78.7084
internal_count=992 503 489 489 459
is_linear=0
shrinkage=0.03


Tree=46
num_leaves=7
num_cat=0
split_feature=29 28 3 5 24 24
split_gain=24.1211 19.5289 5.96788 4.77219 3.23043 3.0359
threshold=0.62835750000000012 0.96567650000000016 1.5000000000000002 1.5000000000000002 1.0000000180025095e-35 1.0000000180025095e-35
decision_type=2 2 8 10 10 10
left_child=3 4 -3 5 -2 -1
right_child=1 2 -4 -5 -6 -7
leaf_value=-0.027935320778416529 -0.022639708898835785 0.0052286651029267118 0.021740949573118545 0.0079168976155516643 0.005810709805444036 8.6924893719750126e-05
leaf_weight=25.845122944563634 16.714228056371216 53.564304113388062 39.431773252785206 1.5302942544221867 1.2087064385414112 1.554798126220702
leaf_count=282 169 217 307 5 3 5
internal_value=0.00060804 0.00725422 0.0130033 -0.0222215 -0.0187292 -0.0255067
internal_weight=139.849 110.919 92.9961 28.9302 17.9229 27.3999
internal_count=988 696 524 292 172 287
is_linear=0
shrinkage=0.03


Tree=47
num_leaves=7
num_cat=0
split_feature=28 24 15 4 28 16
split_gain=24.7063 12.5596 7.15753 6.48467 3.82522 2.87073
threshold=0.97851850000000018 1.0000000180025095e-35 0.0074060000000000003 1.0000000180025095e-35 0.99204150000000013 0.20352350000000005
decision_type=2 10 8 8 2 8
left_child=1 3 4 -1 -2 -4
right_child=2 -3 5 -5 -6 -7
leaf_value=-0.027662709029023885 -0.016345576270542221 0.019194152850369833 0.022047363194673871 -0.0034124256118758141 0.010273700928671668 0.0064328207389036489
leaf_weight=33.038895837962627 9.898603215813635 5.3172131776809684 28.575690343976021 19.243509206920862 3.8569270819425574 32.298878591507673
leaf_count=237 56 15 96 275 14 260
internal_value=-0.000520248 -0.0150693 0.0104707 -0.0199492 -0.00658822 0.0149235
internal_weight=132.23 57.5996 74.6301 52.2824 13.7555 60.8746
internal_count=953 527 426 512 70 356
is_linear=0
shrinkage=0.03


Tree=48
num_leaves=6
num_cat=0
split_feature=28 29 19 29 22
split_gain=25.6942 19.9204 8.72187 4.36228 2.40496
threshold=0.96567650000000016 0.58515400000000006 0.57113900000000017 0.94279550000000012 0.13270100000000004
decision_type=2 2 10 2 10
left_child=3 -2 -3 4 -1
right_child=1 2 -4 -5 -6
leaf_value=-0.029711113431301953 -0.028411116186499781 0.013843978839948702 -0.016984550301058575 0.0070818218926429373 0
leaf_weight=22.876613747328527 9.359627813100813 99.173121016472578 5.6213346272706977 1.0974378883838642 2.4840665012598029
leaf_count=269 104 579 37 4 12
internal_value=0.000836434 0.00731432 0.0114853 -0.0239927 -0.0270021
internal_weight=140.612 114.154 104.794 26.4581 25.3607
internal_count=1005 720 616 285 281
is_linear=0
shrinkage=0.03


Tree=49
num_leaves=4
num_cat=0
split_feature=26 3 5
split_gain=19.9447 20.7958 12.2766
threshold=1.0000000180025095e-35 1.5000000000000002 1.5000000000000002
decision_type=10 10 8
left_child=1 2 -1
right_child=-2 -3 -4
leaf_value=-0.015690760757531928 0.030408195923842182 0.029380954660763903 0.0037964289559678848
leaf_weight=63.262670107185841 15.832748308777807 12.750845998525618 46.587000634521246
leaf_count=380 47 42 525
internal_value=0.00151299 -0.00261689 -0.00727923
internal_weight=138.433 122.601 109.85
internal_count=994 947 905
is_linear=0
shrinkage=0.03


Tree=50
num_leaves=4
num_cat=0
split_feature=24 3 29
split_gain=20.6303 17.6902 10.8096
threshold=1.0000000180025095e-35 1.5000000000000002 0.63185900000000006
decision_type=10 10 2
left_child=1 2 -1
right_child=-2 -3 -4
leaf_value=-0.024574683119912316 0.02966895617225869 0.02779229035488362 -0.0025876998426903382
leaf_weight=25.740743365138769 15.181446284055708 10.303473830223082 83.657720629125834
leaf_count=294 46 34 611
internal_value=0 -0.00457046 -0.00854584
internal_weight=134.883 119.702 109.398
internal_count=985 939 905
is_linear=0
shrinkage=0.03


Tree=51
num_leaves=7
num_cat=0
split_feature=29 24 23 3 18 23
split_gain=23.4447 8.8599 4.91735 4.91585 3.60905 1.17979
threshold=0.68106350000000015 1.0000000180025095e-35 0.76460150000000004 1.0000000180025095e-35 0.12806200000000004 0.83198450000000013
decision_type=2 10 10 10 8 10
left_child=1 4 3 -2 -1 -4
right_child=2 -3 5 -5 -6 -7
leaf_value=-0.029161354528269363 0.0081207570302402974 0.014287953414062094 -0.012017097530037055 0.028188896556289172 -0.0089660511841543524 0.0025522254058141201
leaf_weight=17.833394505083561 58.790965426713228 5.4583128839731208 6.8846359923481923 15.512489423155783 30.207819692790508 3.2123824283480644
leaf_count=139 390 17 38 53 357 13
internal_value=0.000967252 -0.0138837 0.0108776 0.0136299 -0.0183239 -0.00556838
internal_weight=137.9 53.4995 84.4005 74.3035 48.0412 10.097
internal_count=1007 513 494 443 496 51
is_linear=0
shrinkage=0.03


Tree=52
num_leaves=6
num_cat=0
split_feature=28 21 20 20 24
split_gain=19.9027 13.6315 10.3844 5.09242 1.24455
threshold=0.97334950000000009 0.12386950000000001 1.0000000180025095e-35 0.15295600000000001 1.0000000180025095e-35
decision_type=2 10 8 10 10
left_child=1 4 -2 -4 -1
right_child=2 -3 3 -5 -6
leaf_value=-0.024398815481147737 -0.021647038833710861 0.014521520865277996 0.015646765684901771 0 0
leaf_weight=36.95588618889451 6.4886306151747695 7.4904073327779761 57.474937748163939 25.176947392523289 1.1211747527122486
leaf_count=416 48 26 387 112 4
internal_value=-0.000379443 -0.016113 0.00760052 0.0109246 -0.0234901
internal_weight=134.708 45.5675 89.1405 82.6519 38.0771
internal_count=993 446 547 499 420
is_linear=0
shrinkage=0.03


Tree=53
num_leaves=6
num_cat=0
split_feature=29 24 28 17 28
split_gain=20.2312 12.3611 12.1396 3.29448 1.45698
threshold=0.78477400000000008 1.0000000180025095e-35 0.9785695000000002 0.43631700000000001 0.9574950000000001
decision_type=2 10 2 10 2
left_child=1 2 -1 4 -2
right_child=3 -3 -4 -5 -6
leaf_value=-0.019934323084177748 0 0.023330683432360104 0.00102580981934961 -0.0035576476215708891 0.022621494625190208
leaf_weight=47.404278073459864 0.51496963202953239 8.0110200494527799 43.49803239107132 2.2133709490299216 33.024725627154112
leaf_count=504 6 24 285 11 171
internal_value=0.000525034 -0.00628164 -0.00987278 0.0191588 0.0216479
internal_weight=134.666 98.9133 90.9023 35.7531 33.5397
internal_count=1001 813 789 188 177
is_linear=0
shrinkage=0.03


Tree=54
num_leaves=7
num_cat=0
split_feature=29 28 2 4 21 24
split_gain=20.8176 15.3808 7.26687 5.10831 3.28187 2.05498
threshold=0.63185900000000006 0.96567650000000016 0.47222200000000009 1.0000000180025095e-35 0.12386950000000001 1.0000000180025095e-35
decision_type=2 2 10 10 10 10
left_child=3 4 -3 5 -2 -1
right_child=1 2 -4 -5 -6 -7
leaf_value=-0.027710848392750165 -0.022525292263139166 0.016705575921071601 -0.0014196668727146301 0.0072103421287666551 0.0051350077025596637 0
leaf_weight=24.292202085256584 14.64549892395735 62.113810628652573 23.855248279869556 2.0111505687236777 1.642867937684058 0.9540291577577581
leaf_count=291 170 388 109 7 5 3
internal_value=0 0.00613742 0.0114606 -0.0220948 -0.0178153 -0.0260092
internal_weight=129.515 102.257 85.9691 27.2574 16.2884 25.2462
internal_count=973 672 497 301 175 294
is_linear=0
shrinkage=0.03


Tree=55
num_leaves=7
num_cat=0
split_feature=28 19 19 7 24 28
split_gain=18.2356 10.4716 10.5666 3.39364 3.80287 1.74129
threshold=0.96567650000000016 0.0041160000000000007 0.57113900000000017 17.510375000000007 1.0000000180025095e-35 0.99218800000000018
decision_type=2 8 10 10 10 2
left_child=3 5 -3 4 -1 -2
right_child=1 2 -4 -5 -6 -7
leaf_value=-0.026619012070552985 -0.025730053272845638 0.013510332742004793 -0.018895689894861518 0.0054382539316862677 0.0030121384463892955 0
leaf_weight=20.686474077403552 5.9765120297670355 93.823681626468897 6.6447777897119513 1.3938975185155857 1.9061907827854145 1.4139848351478574
leaf_count=261 47 593 46 4 6 6
internal_value=0.00215664 0.00769131 0.0105914 -0.0197075 -0.0228867 -0.0205211
internal_weight=131.846 107.859 100.468 23.9866 22.5927 7.3905
internal_count=963 692 639 271 267 53
is_linear=0
shrinkage=0.03


Tree=56
num_leaves=4
num_cat=0
split_feature=29 3 24
split_gain=21.5398 11.6812 11.1816
threshold=0.59205150000000006 1.5000000000000002 1.0000000180025095e-35
decision_type=2 10 8
left_child=-1 2 -2
right_child=1 -3 -4
leaf_value=-0.02951296106683551 -0.0076963976708603861 0.028889643613992808 0.011793277627532366
leaf_weight=16.51964345946908 57.779452167451382 12.424008563160895 43.660456895828247
leaf_count=207 308 43 436
internal_value=-0.000134885 0.00451885 0.000502652
internal_weight=130.384 113.864 101.44
internal_count=994 787 744
is_linear=0
shrinkage=0.03


Tree=57
num_leaves=4
num_cat=0
split_feature=3 26 18
split_gain=19.3431 14.2533 10.0929
threshold=1.5000000000000002 1.0000000180025095e-35 0.12623800000000004
decision_type=10 10 8
left_child=1 2 -1
right_child=-2 -3 -4
leaf_value=-0.021801743863534381 0.029221509414034279 0.022991001889594759 -0.0017123861224567455
leaf_weight=33.409552291035652 13.893802329897879 11.026647970080374 70.453281126916409
leaf_count=213 50 36 697
internal_value=-0.00055715 -0.00506479 -0.0088859
internal_weight=128.783 114.889 103.863
internal_count=996 946 910
is_linear=0
shrinkage=0.03


Tree=58
num_leaves=7
num_cat=0
split_feature=29 29 2 17 5 7
split_gain=20.2264 6.80727 4.79477 2.88666 2.16768 1.4008
threshold=0.63185900000000006 0.78477400000000008 0.41428550000000003 0.43631700000000001 1.5000000000000002 8.2941500000000019
decision_type=2 2 10 10 10 10
left_child=4 2 -2 -3 5 -1
right_child=1 3 -4 -5 -6 -7
leaf_value=-0.026170968777015555 0.0051015682868970815 0.018746249571111883 -0.010928045156016574 -0.0051771772978104601 0 0
leaf_weight=24.183436337858446 48.680133696645498 29.600917365401987 21.871991701424122 1.8185668140649784 1.0729951113462437 0.8730897456407537
leaf_count=297 383 164 125 10 4 4
internal_value=-0.000700795 0.0052209 0 0.0161594 -0.022998 -0.0248731
internal_weight=128.101 101.972 70.5521 31.4195 26.1295 25.0565
internal_count=987 682 508 174 305 301
is_linear=0
shrinkage=0.03


Tree=59
num_leaves=7
num_cat=0
split_feature=28 29 28 29 4 20
split_gain=18.3825 7.05104 6.29184 4.42983 3.76351 2.62214
threshold=0.98241700000000021 0.58515400000000006 0.96567650000000016 0.5941875000000002 1.5000000000000002 1.0000000180025095e-35
decision_type=2 2 2 2 10 8
left_child=2 -2 4 -4 -1 -3
right_child=1 5 3 -5 -6 -7
leaf_value=-0.02383537309209293 -0.016476729615797932 -0.002882787511472828 -0.021329609737431258 0.0021802657144340105 0.0050349448096985664 0.017550447115277031
leaf_weight=23.187203563749794 3.3780631497502318 2.6955535039305678 5.493389766663312 38.82076171040535 1.7958419322967518 54.051668897271156
leaf_count=283 42 15 73 268 6 293
internal_value=0.000979881 0.0129865 -0.0091292 -0.0012677 -0.0203707 0.0159817
internal_weight=129.422 60.1253 69.2972 44.3142 24.983 56.7472
internal_count=980 350 630 341 289 308
is_linear=0
shrinkage=0.03


Tree=60
num_leaves=7
num_cat=0
split_feature=28 21 24 20 29 22
split_gain=18.5348 14.1761 9.64198 7.12688 2.77368 0.157129
threshold=0.98241700000000021 0.10762700000000001 1.0000000180025095e-35 1.0000000180025095e-35 0.58515400000000006 0.36700350000000009
decision_type=2 10 8 8 2 10
left_child=1 2 -1 -2 -5 -3
right_child=3 5 -4 4 -6 -7
leaf_value=-0.027079896255641594 -0.017451421841311581 0.01804712325892166 -0.0011600513337976703 -0.0069765366744099456 0.016575260140152596 0
leaf_weight=32.240087442100048 3.4288014546036711 8.6254563480615598 24.83779177069664 1.4173432588577259 52.801465697586536 2.5589540749788275
leaf_count=250 28 31 345 23 288 10
internal_value=-5.66005e-05 -0.0106538 -0.0169212 0.0119034 0.0151018 0.0160303
internal_weight=125.91 68.2623 57.0779 57.6476 54.2188 11.1844
internal_count=975 636 595 339 311 41
is_linear=0
shrinkage=0.03


Tree=61
num_leaves=5
num_cat=0
split_feature=24 28 21 19
split_gain=16.5155 13.4079 7.80005 5.0414
threshold=1.0000000180025095e-35 0.98260900000000007 0.10762700000000001 0.0021815000000000003
decision_type=10 2 8 8
left_child=1 2 -1 -3
right_child=-2 3 -4 -5
leaf_value=-0.020976069228135708 0.02878573558034624 -0.015274442019891771 0 0.011245190646687352
leaf_weight=35.419504128396511 13.679562404751776 3.8894990533590308 27.341532371938229 46.193152237683535
leaf_count=264 45 28 341 287
internal_value=0.000709193 -0.00309276 -0.01226 0.00787363
internal_weight=126.523 112.844 62.761 50.0827
internal_count=965 920 605 315
is_linear=0
shrinkage=0.03


Tree=62
num_leaves=5
num_cat=0
split_feature=29 29 21 15
split_gain=18.5826 8.48194 7.76832 1.05468
threshold=0.58515400000000006 0.78036250000000018 0.052490000000000002 0.30061300000000007
decision_type=2 2 10 10
left_child=-1 2 -2 -3
right_child=1 3 -4 -5
leaf_value=-0.028235694487593183 -0.0034605602111437038 0.019127159773843001 0.020548025838177931 0
leaf_weight=13.230235151946543 70.370031878352165 31.714107200503349 11.483058452606199 1.7247572541236866
leaf_count=179 586 176 40 9
internal_value=0.00159506 0.00590115 0.000161418 0.0179578
internal_weight=128.522 115.292 81.8531 33.4389
internal_count=990 811 626 185
is_linear=0
shrinkage=0.03


Tree=63
num_leaves=6
num_cat=0
split_feature=28 24 3 3 24
split_gain=13.4228 7.74878 7.42233 3.07038 2.31553
threshold=0.96567650000000016 1.0000000180025095e-35 1.5000000000000002 1.5000000000000002 1.0000000180025095e-35
decision_type=2 10 8 10 10
left_child=3 2 -2 4 -1
right_child=1 -3 -4 -5 -6
leaf_value=-0.023517906139703133 -0.0044513931956713156 0.025875823793833269 0.012036594662622324 0.0060727864988699316 0
leaf_weight=20.534290410578258 53.829657353460789 12.535865634679793 38.851764570921659 1.2252677083015431 1.5429056435823429
leaf_count=275 276 44 392 3 5
internal_value=0.00117732 0.00603217 0.00230747 -0.0177909 -0.0208796
internal_weight=128.52 105.217 92.6814 23.3025 22.0772
internal_count=995 712 668 283 280
is_linear=0
shrinkage=0.03


Tree=64
num_leaves=7
num_cat=0
split_feature=29 24 5 2 16 16
split_gain=18.8877 12.7199 6.83922 3.08211 3.97633 1.55622
threshold=0.70586950000000004 1.0000000180025095e-35 1.5000000000000002 0.32575750000000009 0.012641000000000001 0.29566500000000007
decision_type=2 10 10 10 10 10
left_child=1 2 -1 5 -5 -2
right_child=3 -3 -4 4 -6 -7
leaf_value=-0.019714073975513596 0.017315004947368456 0.021191729175237515 0.011894962874896909 0.014800755168879447 -0.0079772612071470298 0
leaf_weight=50.515342812985182 40.173972006887197 6.0957764685153952 3.7337197139859191 8.5706089064478892 13.467164464294909 4.6512435525655738
leaf_count=557 281 19 13 32 69 20
internal_value=0.000236145 -0.0114003 -0.0165052 0.0112062 0.000395038 0.0155359
internal_weight=127.208 60.3448 54.2491 66.863 22.0378 44.8252
internal_count=991 589 570 402 101 301
is_linear=0
shrinkage=0.03


Tree=65
num_leaves=4
num_cat=0
split_feature=29 3 24
split_gain=14.1246 9.71207 7.98967
threshold=0.58515400000000006 1.5000000000000002 1.0000000180025095e-35
decision_type=2 10 10
left_child=-1 2 -2
right_child=1 -3 -4
leaf_value=-0.027239129321387417 -0.0028525968138663053 0.026926131872117391 0.022261811838545732
leaf_weight=12.175908036530016 89.062191601842642 11.05895012617111 9.997821167111395
leaf_count=176 718 43 35
internal_value=0 0.00358288 0
internal_weight=122.295 110.119 99.06
internal_count=972 796 753
is_linear=0
shrinkage=0.03


Tree=66
num_leaves=4
num_cat=0
split_feature=24 3 18
split_gain=12.9251 11.427 9.14129
threshold=1.0000000180025095e-35 1.5000000000000002 0.19468900000000003
decision_type=10 10 8
left_child=1 2 -1
right_child=-2 -3 -4
leaf_value=-0.017098244039316025 0.025445034118960676 0.024713265127359264 0.00036546166957531791
leaf_weight=40.638549849390984 13.022230103611944 8.468050688505171 61.976550482213497
leaf_count=256 46 33 643
internal_value=0 -0.00332199 -0.00655584
internal_weight=124.105 111.083 102.615
internal_count=978 932 899
is_linear=0
shrinkage=0.03


Tree=67
num_leaves=7
num_cat=0
split_feature=28 22 28 24 2 4
split_gain=16.7563 6.18474 4.71316 3.90692 3.29463 0.887434
threshold=0.96567650000000016 0.0022595000000000007 0.99186800000000008 1.0000000180025095e-35 0.47222200000000009 2.5000000000000004
decision_type=2 8 2 10 8 10
left_child=3 2 -2 5 -3 -1
right_child=1 4 -4 -5 -6 -7
leaf_value=-0.025820684266631404 -0.010520202962769716 0.01767044620958921 0.014055755914900032 0.0042176272773885226 0.0035544615260744137 0
leaf_weight=19.391206704080112 24.177745126187805 35.527116306126118 5.8784640580415717 2.1461773514747611 38.06631501019001 0.83454109728336234
leaf_count=267 149 142 22 7 392 4
internal_value=0.00111981 0.00652265 -0.00396663 -0.0205408 0.0111858 -0.024665
internal_weight=126.022 103.65 30.0562 22.3719 73.5934 20.2257
internal_count=983 705 171 278 534 271
is_linear=0
shrinkage=0.03


Tree=68
num_leaves=4
num_cat=0
split_feature=3 26 28
split_gain=12.1867 11.8528 9.83079
threshold=1.5000000000000002 1.0000000180025095e-35 0.9785695000000002
decision_type=10 10 2
left_child=1 2 -1
right_child=-2 -3 -4
leaf_value=-0.016334107945415059 0.026592657003343539 0.02440703079168197 0.0016212155863652802
leaf_weight=46.541298352181911 10.911564022302626 9.2148473411798459 54.527869947254658
leaf_count=526 44 32 382
internal_value=0 -0.00315861 -0.00659127
internal_weight=121.196 110.284 101.069
internal_count=984 940 908
is_linear=0
shrinkage=0.03


Tree=69
num_leaves=7
num_cat=0
split_feature=29 9 2 20 22 29
split_gain=17.9913 3.23043 3.14464 3.12724 2.46589 2.34532
threshold=0.68106350000000015 8.2435015000000025 0.47222200000000009 0.24224200000000004 0.036048500000000004 0.74035250000000008
decision_type=2 10 10 10 10 2
left_child=1 2 -1 4 -2 -5
right_child=3 -3 -4 5 -6 -7
leaf_value=-0.0081088753816335665 0.0061302140809841475 0.0062108315593435871 -0.028532935801045461 -0.012055087516676931 0.021077077514432465 0.0066041517764951112
leaf_weight=29.583916638046503 42.655213445425034 2.7960658222436896 13.179629914462565 7.789477780461314 18.82832807302475 9.7311392426490766
leaf_count=364 342 11 127 46 74 40
internal_value=3.20702e-05 -0.0142067 -0.0165169 0.00882838 0.0119403 -0.000779203
internal_weight=124.564 45.5596 42.7635 79.0042 61.4835 17.5206
internal_count=1004 502 491 502 416 86
is_linear=0
shrinkage=0.03


Tree=70
num_leaves=5
num_cat=0
split_feature=29 28 20 4
split_gain=14.561 12.3011 5.11981 1.9673
threshold=0.58515400000000006 0.96567650000000016 0.19634400000000005 1.5000000000000002
decision_type=2 2 10 10
left_child=-1 3 -3 -2
right_child=1 2 -4 -5
leaf_value=-0.027878348783206702 -0.020266369105267693 0.012777539274638289 -0.0023081291800611243 0.00073008586722820353
leaf_weight=11.539152000099419 15.366386052221062 67.877127494663 22.866485752165318 1.5224158689379681
leaf_count=171 202 470 114 6
internal_value=9.56551e-05 0.00404053 0.00870387 -0.0170407
internal_weight=119.172 107.632 90.7436 16.8888
internal_count=963 792 584 208
is_linear=0
shrinkage=0.03


Tree=71
num_leaves=7
num_cat=0
split_feature=28 29 19 19 19 29
split_gain=15.7533 11.6991 4.53246 4.13511 1.12141 0.663512
threshold=0.96775100000000014 0.58515400000000006 0.20602100000000004 0.57113900000000017 0.12878400000000004 0.75038900000000008
decision_type=2 2 8 10 10 2
left_child=2 -2 4 -3 -1 -4
right_child=1 3 5 -5 -6 -7
leaf_value=-0.0062370288612969378 -0.023773104446094682 0.011575809090960962 -0.026731928921046744 -0.010554132676166761 0.01163621926886866 0
leaf_weight=2.2156127169728306 7.1649449542164794 82.45759130269289 18.077193692326549 4.6091031432151786 3.0037219375371933 2.6344095095992079
leaf_count=19 102 514 270 31 15 26
internal_value=0.000235213 0.00624571 -0.0189524 0.00975869 0.000891885 -0.0246986
internal_weight=120.163 94.2316 25.9309 87.0667 5.21933 20.7116
internal_count=977 647 330 545 34 296
is_linear=0
shrinkage=0.03


Tree=72
num_leaves=5
num_cat=0
split_feature=3 2 2 7
split_gain=12.1468 6.254 6.36902 5.75704
threshold=1.5000000000000002 0.47222200000000009 1.0000000180025095e-35 8.2941500000000019
decision_type=10 10 10 10
left_child=1 2 -1 -3
right_child=-2 3 -4 -5
leaf_value=-0.0038352678549548958 0.025898332720152656 -0.019098922119938008 0.015252846415226316 0.0090985634223001519
leaf_weight=61.454452943056822 10.661326810717581 29.828938111662865 17.637223064899445 4.6395682394504538
leaf_count=656 45 221 68 16
internal_value=-0.000598219 -0.0039457 0.000457736 -0.0140782
internal_weight=124.222 113.56 79.0917 34.4685
internal_count=1006 961 724 237
is_linear=0
shrinkage=0.03


Tree=73
num_leaves=7
num_cat=0
split_feature=28 29 29 2 24 28
split_gain=14.6645 8.64532 5.62306 4.79788 4.08704 0.929242
threshold=0.97151950000000009 0.58515400000000006 0.7391445000000002 0.47222200000000009 1.0000000180025095e-35 0.9574950000000001
decision_type=2 2 2 10 10 2
left_child=2 -2 4 -3 -1 -4
right_child=1 3 5 -5 -6 -7
leaf_value=-0.025744037043021178 -0.02119562221405185 0.013863827585070772 -0.0057150824906559558 -0.0010102179606079258 0.0039296416237318711 0.0091767916254483755
leaf_weight=23.653641059994701 5.7131261080503455 60.804358266294003 1.3205859176814545 22.392604790627956 2.1120608597993842 6.3120151460170746
leaf_count=333 80 402 15 108 7 38
internal_value=7.11731e-05 0.00668306 -0.0158063 0.00961659 -0.0221126 0.00289317
internal_weight=122.308 88.9101 33.3983 83.197 25.7657 7.6326
internal_count=983 590 393 510 340 53
is_linear=0
shrinkage=0.03


Tree=74
num_leaves=7
num_cat=0
split_feature=29 26 5 28 20 18
split_gain=17.0694 7.98415 5.80557 5.11206 1.57859 0.31816
threshold=0.70586950000000004 1.0000000180025095e-35 1.5000000000000002 0.95943100000000014 0.019577000000000004 0.046710000000000008
decision_type=2 10 10 2 8 8
left_child=1 2 -1 5 -5 -2
right_child=3 -3 -4 4 -6 -7
leaf_value=-0.018132576960540946 0 0.016269210044792721 0.011069170767779512 0 0.01498271215029299 -0.014541043801905627
leaf_weight=48.290241055190563 0.5615895539522161 5.0490022748708716 3.6169393807649604 5.2818150371313086 54.469092920422554 3.5503734014928341
leaf_count=558 3 17 12 23 336 43
internal_value=0.000278862 -0.0111053 -0.0150578 0.0109232 0.0135258 -0.0124291
internal_weight=120.819 56.9562 51.9072 63.8629 59.7509 4.11196
internal_count=992 587 570 405 359 46
is_linear=0
shrinkage=0.03


Tree=75
num_leaves=7
num_cat=0
split_feature=29 26 3 3 19 19
split_gain=12.8205 8.39888 6.13104 2.0596 2.46444 0.740858
threshold=0.74430000000000007 1.0000000180025095e-35 1.5000000000000002 1.0000000180025095e-35 0.17952450000000003 0.26050750000000006
decision_type=2 10 10 8 10 10
left_child=1 2 -1 4 -2 -5
right_child=3 -3 -4 5 -6 -7
leaf_value=-0.0148462450233441 -0.004904419925044221 0.016382847418521362 0.015331399775708188 0.01848955643492808 0.012260389604501251 0
leaf_weight=62.622381910681725 11.861310213804247 7.1284818649291983 3.2978206425905219 21.526938233524564 10.353914119303225 1.3286862522363652
leaf_count=670 52 26 12 173 43 6
internal_value=-0.000695205 -0.00857028 -0.0122996 0.0111826 0.00241275 0.0172774
internal_weight=118.12 73.0487 65.9202 45.0708 22.2152 22.8556
internal_count=982 708 682 274 95 179
is_linear=0
shrinkage=0.03


Tree=76
num_leaves=6
num_cat=0
split_feature=28 24 18 24 9
split_gain=13.7726 5.50063 3.83253 2.66484 1.86765
threshold=0.96567650000000016 1.0000000180025095e-35 0.26283050000000008 1.0000000180025095e-35 8.4592630000000018
decision_type=2 10 8 10 10
left_child=3 2 -2 4 -1
right_child=1 -3 -4 -5 -6
leaf_value=-0.025019585433060744 -0.0029526365702024346 0.024285492035912966 0.0089326346346053943 0.0014955017179877426 0
leaf_weight=18.096027482301004 45.460018955171108 10.006237432360647 42.374488823115826 1.7935070395469654 0.84504684805869956
leaf_count=274 247 39 405 6 3
internal_value=0.000677787 0.00573272 0.00255662 -0.0196207 -0.0229186
internal_weight=118.575 97.8407 87.8345 20.7346 18.9411
internal_count=974 691 652 283 277
is_linear=0
shrinkage=0.03


Tree=77
num_leaves=5
num_cat=0
split_feature=24 19 4 16
split_gain=10.315 6.40831 4.88158 2.6488
threshold=1.0000000180025095e-35 0.24434850000000002 1.0000000180025095e-35 0.0063340000000000011
decision_type=10 10 10 10
left_child=1 2 -1 -3
right_child=-2 3 -4 -5
leaf_value=-0.0017284185925816209 0.023186542013836926 0.0017313790835470637 0.016708727394940497 -0.018014419316831204
leaf_weight=65.409711059182882 12.668173663318155 3.8636483028531101 12.556649796664713 24.247521616518497
leaf_count=664 49 22 55 188
internal_value=0.000213702 -0.00281702 0.00137948 -0.014431
internal_weight=118.746 106.078 77.9664 28.1112
internal_count=978 929 719 210
is_linear=0
shrinkage=0.03


Tree=78
num_leaves=7
num_cat=0
split_feature=29 26 5 23 20 20
split_gain=10.714 4.32861 4.40553 3.05674 2.89124 2.66901
threshold=0.68106350000000015 1.0000000180025095e-35 1.5000000000000002 0.81133400000000011 0.69555900000000015 0.52005650000000003
decision_type=2 10 8 10 10 8
left_child=1 2 -1 4 -2 -5
right_child=3 -3 -4 5 -6 -7
leaf_value=-0.021354395301508521 0.011636313288523062 0.0095625676038367507 0 -0.015651152746581892 -0.011026281575918105 0.010465512376381802
leaf_weight=24.345739632844925 61.256275031715631 4.6535079330205908 16.475290920585394 6.3634563013911221 1.8185228928923596 1.7139066308736808
leaf_count=227 406 17 261 38 14 6
internal_value=0.000251274 -0.0104653 -0.0139314 0.0076513 0.0100579 -0.00606782
internal_weight=116.627 45.4745 40.821 71.1522 63.0748 8.07736
internal_count=969 505 488 464 420 44
is_linear=0
shrinkage=0.03


Tree=79
num_leaves=7
num_cat=0
split_feature=28 15 18 4 17 26
split_gain=10.1823 8.21173 3.47791 3.4515 1.76225 1.60143
threshold=0.96567650000000016 1.0000000180025095e-35 0.10815050000000002 1.5000000000000002 0.38873450000000004 1.0000000180025095e-35
decision_type=2 8 10 10 8 10
left_child=3 4 -3 5 -2 -1
right_child=1 2 -4 -5 -6 -7
leaf_value=-0.022419605025405274 -0.015924757199396903 0.0042826387167656521 0.017974890398123125 0.0065356004780450037 0.0012317656172628089 0
leaf_weight=16.934285718947656 12.777672223746773 53.757782477885485 31.207961343228817 1.9959201514720906 3.0725712403655061 0.97579358518123527
leaf_count=259 96 468 128 7 17 3
internal_value=0.00204737 0.00620503 0.0100944 -0.0157547 -0.0113407 -0.0202547
internal_weight=120.722 100.816 84.9657 19.906 15.8502 17.9101
internal_count=978 709 596 269 113 262
is_linear=0
shrinkage=0.03


Tree=80
num_leaves=7
num_cat=0
split_feature=29 28 2 24 29 21
split_gain=12.6918 6.38237 3.77679 2.83551 2.00669 1.83365
threshold=0.62835750000000012 0.96567650000000016 0.32575750000000009 1.0000000180025095e-35 0.75038900000000008 0.062116500000000012
decision_type=2 2 10 10 2 10
left_child=3 4 -3 5 -2 -1
right_child=1 2 -4 -5 -6 -7
leaf_value=-0.025738915008068419 -0.018967957874641096 0.01218066965403368 -0.00020187174803317295 0.0027282385210423876 0 0
leaf_weight=17.626917738467462 9.0483087897300702 54.561076041311026 28.381915867328644 1.5092580914497364 3.5991884581744662 1.7876690924167622
leaf_count=279 136 393 135 5 28 9
internal_value=-9.01066e-05 0.0044211 0.00773533 -0.0199235 -0.0127125 -0.0231523
internal_weight=116.514 95.5905 82.943 20.9238 12.6475 19.4146
internal_count=985 692 528 293 164 288
is_linear=0
shrinkage=0.03


Tree=81
num_leaves=7
num_cat=0
split_feature=28 21 24 28 23 28
split_gain=9.60299 12.4969 5.97191 1.88552 3.78582 3.52422
threshold=0.98260900000000007 0.10762700000000001 1.0000000180025095e-35 0.98791800000000018 0.81133400000000011 0.99357300000000015
decision_type=2 10 8 2 10 2
left_child=1 2 -1 4 -2 -5
right_child=3 -3 -4 5 -6 -7
leaf_value=-0.022195169618253845 0.019796170180556499 0.017493805925039591 -0.00067639395504375953 -0.0028593708894044199 -0.0081498036670743495 0.017703359787055679
leaf_weight=29.498545233160257 21.352317906916145 10.97415019571781 23.033344820141792 21.378891643136743 1.9157084822654713 7.1250770054757586
leaf_count=259 125 42 340 158 10 37
internal_value=0 -0.00743479 -0.0138464 0.00952239 0.0156853 0.00252475
internal_weight=115.278 63.506 52.5319 51.772 23.268 28.504
internal_count=971 641 599 330 135 195
is_linear=0
shrinkage=0.03


Tree=82
num_leaves=6
num_cat=0
split_feature=29 3 24 4 18
split_gain=11.049 6.82347 6.86884 1.5528 1.73586
threshold=0.62835750000000012 1.5000000000000002 1.0000000180025095e-35 1.0000000180025095e-35 0.32467900000000011
decision_type=2 10 8 10 10
left_child=3 2 -2 4 -1
right_child=1 -3 -4 -5 -6
leaf_value=-0.022034609632887763 -0.0040388217177894552 0.025823216503449833 0.012137654291604454 7.6122487921877273e-05 0
leaf_weight=16.130191382020719 50.732241787016392 11.271679699420927 37.438298024237156 1.1264218538999546 3.422222100198268
leaf_count=259 270 52 387 5 28
internal_value=0.00182948 0.00627038 0.00267423 -0.0163481 -0.0185088
internal_weight=120.121 99.4422 88.1705 20.6788 19.5524
internal_count=1001 709 657 292 287
is_linear=0
shrinkage=0.03


Tree=83
num_leaves=7
num_cat=0
split_feature=29 5 24 3 15 16
split_gain=11.0031 5.19143 4.3555 1.99594 2.57957 2.42066
threshold=0.68316900000000003 1.5000000000000002 1.0000000180025095e-35 1.0000000180025095e-35 0.10600450000000002 0.27349450000000003
decision_type=2 10 8 10 8 10
left_child=1 2 -1 4 -2 -5
right_child=3 -3 -4 5 -6 -7
leaf_value=-0.020390801183283604 -0.0020968528536705463 0.014262016270448387 0 0.024689622048300271 0.0096538952756642354 0
leaf_weight=24.212444867938757 19.675828188657761 3.8566577509045592 17.473459172993898 10.389585852622984 41.839410454034805 1.7448481172323216
leaf_count=233 91 13 276 47 338 9
internal_value=0.00171212 -0.00920931 -0.0128639 0.00895309 0.00550765 0.0198834
internal_weight=119.192 45.5426 41.6859 73.6497 61.5152 12.1344
internal_count=1007 522 509 485 429 56
is_linear=0
shrinkage=0.03


Tree=84
num_leaves=6
num_cat=0
split_feature=29 24 28 28 22
split_gain=9.1455 5.99374 5.67128 1.58224 0.428528
threshold=0.59205150000000006 1.0000000180025095e-35 0.98260900000000007 0.92814050000000015 0.044478500000000004
decision_type=2 10 2 2 10
left_child=3 2 -2 -1 -5
right_child=1 -3 -4 4 -6
leaf_value=0 -0.0057945970539463763 0.022883326988218686 0.0084943218420440447 -0.025413781813369226 0
leaf_weight=0.84811173751950164 47.695495005697012 10.341797575354574 45.211416371166706 10.028719335794447 1.6056952364742745
leaf_count=9 460 43 277 176 17
internal_value=0.00060037 0.00396304 0.000894235 -0.0206546 -0.0234231
internal_weight=115.731 103.249 92.9069 12.4825 11.6344
internal_count=982 780 737 202 193
is_linear=0
shrinkage=0.03


Tree=85
num_leaves=6
num_cat=0
split_feature=29 19 3 22 22
split_gain=8.87661 8.85089 4.21124 1.67906 0.868344
threshold=0.58515400000000006 0.5363880000000002 1.5000000000000002 0.082213000000000008 0.13270100000000004
decision_type=2 10 10 8 10
left_child=4 2 -2 -3 -1
right_child=1 3 -4 -5 -6
leaf_value=-0.02392084704619888 0.0038977410501375223 -0.024684016782381284 0.024028715380900959 0 0
leaf_weight=9.7516774050891364 91.282644290477037 7.6294408403336975 8.9450264722108823 0.94692125916481096 0.6756833419203766
leaf_count=174 701 79 43 5 4
internal_value=0.000728046 0.00370971 0.0066311 -0.0207105 -0.0220275
internal_weight=119.231 108.804 100.228 8.57636 10.4274
internal_count=1006 828 744 84 178
is_linear=0
shrinkage=0.03


Tree=86
num_leaves=4
num_cat=0
split_feature=26 3 28
split_gain=9.42082 9.25156 6.88901
threshold=1.0000000180025095e-35 1.5000000000000002 0.98260900000000007
decision_type=10 10 2
left_child=1 2 -1
right_child=-2 -3 -4
leaf_value=-0.013015295263476194 0.022818918196864837 0.023114325989064002 0.0023677837366573242
leaf_weight=53.385330997407436 11.427983544766901 7.6442208588123313 42.320482991635799
leaf_count=609 48 35 294
internal_value=0 -0.0030139 -0.00604384
internal_weight=114.778 103.35 95.7058
internal_count=986 938 903
is_linear=0
shrinkage=0.03


Tree=87
num_leaves=4
num_cat=0
split_feature=24 28 2
split_gain=8.81527 6.86075 6.17136
threshold=1.0000000180025095e-35 0.99357300000000015 0.47222200000000009
decision_type=10 2 10
left_child=1 2 -1
right_child=-2 -3 -4
leaf_value=0.00056019901904985538 0.0237734527571286 0.021992731017009805 -0.015098343039019003
leaf_weight=68.73705118522048 10.941180013120173 6.8699719272553912 28.4236890822649
leaf_count=695 45 37 218
internal_value=0.00122266 -0.00146865 -0.0040361
internal_weight=114.972 104.031 97.1607
internal_count=995 950 913
is_linear=0
shrinkage=0.03


Tree=88
num_leaves=5
num_cat=0
split_feature=24 19 4 22
split_gain=6.79691 5.40998 3.12293 1.03586
threshold=1.0000000180025095e-35 0.57113900000000017 2.5000000000000004 0.087659500000000015
decision_type=10 10 10 8
left_child=1 2 -1 -3
right_child=-2 3 -4 -5
leaf_value=-0.001576124307020218 0.020844295456203747 -0.024149853274166966 0.015364376752308607 0
leaf_weight=87.126871215179563 10.014152273535727 7.7454331740736935 7.9578069001436225 0.89934504404664117
leaf_count=804 43 86 36 6
internal_value=0.000157092 -0.00208875 0 -0.0214036
internal_weight=113.744 103.729 95.0847 8.64478
internal_count=975 932 840 92
is_linear=0
shrinkage=0.03


Tree=89
num_leaves=6
num_cat=0
split_feature=19 28 19 28 23
split_gain=8.72454 5.25028 4.43498 3.6409 1.25546
threshold=0.49862050000000008 0.96438700000000011 0.0041160000000000007 0.98511150000000014 0.15278000000000003
decision_type=10 2 8 2 8
left_child=1 4 -3 -2 -1
right_child=3 2 -4 -5 -6
leaf_value=0 -0.026932316897460392 -0.011299481138742389 0.0097325757332089053 0.00375043544775261 -0.014739034153400207
leaf_weight=4.3213058188557598 9.3714718632400018 6.2776261121034613 83.845200510695577 1.7560897096991528 10.061251988634467
leaf_count=35 102 53 613 7 171
internal_value=0.00162484 0.00472641 0.00762858 -0.0201985 -0.00991113
internal_weight=115.633 104.505 90.1228 11.1276 14.3826
internal_count=981 872 666 109 206
is_linear=0
shrinkage=0.03


Tree=90
num_leaves=6
num_cat=0
split_feature=28 28 3 24 9
split_gain=8.50723 5.07071 4.56535 1.882 0.543678
threshold=0.96567650000000016 0.99357300000000015 1.5000000000000002 1.0000000180025095e-35 8.3680730000000008
decision_type=2 2 10 10 10
left_child=3 2 -2 4 -1
right_child=1 -3 -4 -5 -6
leaf_value=-0.021312943053084149 -0.0014369346851586394 0.023113672575095882 0.020478751262497926 0 0
leaf_weight=16.479186812415726 80.723051052540541 7.3825480602681628 6.4338226169347754 1.659560665488242 0.58439139276742835
leaf_count=283 636 38 33 6 3
internal_value=-0.000323775 0.0032076 0.000475708 -0.0175163 -0.0204113
internal_weight=113.263 94.5394 87.1569 18.7231 17.0636
internal_count=999 707 669 292 286
is_linear=0
shrinkage=0.03


Tree=91
num_leaves=6
num_cat=0
split_feature=29 3 24 5 4
split_gain=8.70833 5.03888 5.64888 3.08621 2.53798
threshold=0.62835750000000012 1.5000000000000002 1.0000000180025095e-35 1.5000000000000002 1.0000000180025095e-35
decision_type=2 10 8 10 10
left_child=3 2 -2 4 -1
right_child=1 -3 -4 -5 -6
leaf_value=-0.022334170206222928 -0.0041550158279227024 0.023678003717495226 0.010856323851776626 0.0073227358139685648 0.0030384942924152184
leaf_weight=17.42170378565789 47.871774103492498 8.9653251171112043 35.877709161490202 1.3658426627516735 1.1199055761098851
leaf_count=283 260 45 382 5 4
internal_value=0.000972109 0.00516128 0.00208296 -0.0153493 -0.0191993
internal_weight=112.622 92.7148 83.7495 19.9075 18.5416
internal_count=979 687 642 292 287
is_linear=0
shrinkage=0.03


Tree=92
num_leaves=6
num_cat=0
split_feature=29 23 4 16 15
split_gain=9.40775 6.43755 6.89636 3.15683 0.678817
threshold=0.59205150000000006 0.81133400000000011 1.0000000180025095e-35 0.043525500000000009 0.32105100000000003
decision_type=2 10 10 10 10
left_child=4 2 -2 -3 -1
right_child=1 3 -4 -5 -6
leaf_value=-0.023935935464439409 0.0016958109433825527 0.0025669336830929272 0.022075756877523504 -0.02333130245002115 0
leaf_weight=10.536589981988069 73.088298883289099 3.0267973244190198 17.475437678396702 7.8959170617163181 0.83505294099450189
leaf_count=193 636 13 78 66 7
internal_value=0.000188685 0.00356311 0.00653076 -0.0149932 -0.0222964
internal_weight=112.858 101.486 90.5637 10.9227 11.3716
internal_count=993 793 714 79 200
is_linear=0
shrinkage=0.03


Tree=93
num_leaves=7
num_cat=0
split_feature=28 18 4 7 26 19
split_gain=8.51253 8.43795 8.01824 4.90329 1.88537 0.495944
threshold=0.96567650000000016 0.26283050000000008 1.0000000180025095e-35 7.7873875000000004 1.0000000180025095e-35 0.13086600000000004
decision_type=2 10 8 10 10 8
left_child=4 2 -2 -3 5 -1
right_child=1 3 -4 -5 -6 -7
leaf_value=0 -0.011570448499633318 0.027163229007746568 0.0076025333878526179 -0.002725685567938473 0 -0.022265261536168823
leaf_weight=1.6247021071612824 32.232157245278358 15.106039293110372 40.716022185981274 3.749325603246688 1.649376034736634 13.893948102369905
leaf_count=15 202 58 412 19 6 259
internal_value=0 0.003883 -0.000596451 0.0202889 -0.0175783 -0.0206917
internal_weight=108.972 91.8035 72.9482 18.8554 17.168 15.5187
internal_count=971 691 614 77 280 274
is_linear=0
shrinkage=0.03


Tree=94
num_leaves=5
num_cat=0
split_feature=24 19 23 22
split_gain=8.17472 5.28181 3.77423 0.655507
threshold=1.0000000180025095e-35 0.57113900000000017 0.23505250000000003 0.087659500000000015
decision_type=10 10 10 10
left_child=1 2 -1 -3
right_child=-2 3 -4 -5
leaf_value=0.0043200693534515364 0.023224108790473263 -0.023185264454705454 -0.0090593219193731579 0
leaf_weight=74.617564117535949 10.896675087511538 7.0469700880348674 21.577492780983448 0.8404080495238303
leaf_count=718 48 83 141 6
internal_value=0.00149632 -0.00108518 0.000833286 -0.0210208
internal_weight=114.979 104.082 96.1951 7.88738
internal_count=996 948 859 89
is_linear=0
shrinkage=0.03


Tree=95
num_leaves=4
num_cat=0
split_feature=3 26 28
split_gain=7.48209 7.52667 5.49328
threshold=1.5000000000000002 1.0000000180025095e-35 0.9785695000000002
decision_type=10 10 2
left_child=1 2 -1
right_child=-2 -3 -4
leaf_value=-0.012452130781141626 0.023522032017762578 0.020836844041908144 0.0013199289098724655
leaf_weight=41.290416598320007 8.7364767044782621 8.5979685634374601 54.099539551883936
leaf_count=526 46 37 389
internal_value=0.000618609 -0.00163082 -0.00453443
internal_weight=112.724 103.988 95.39
internal_count=998 952 915
is_linear=0
shrinkage=0.03


Tree=96
num_leaves=7
num_cat=0
split_feature=29 28 28 29 7 5
split_gain=9.28464 4.33109 4.0327 2.93123 2.50974 1.48809
threshold=0.63185900000000006 0.98260900000000007 0.98791800000000018 0.79625200000000007 8.1421350000000015 1.5000000000000002
decision_type=2 2 2 2 10 10
left_child=4 3 -3 -2 5 -1
right_child=1 2 -4 -5 -6 -7
leaf_value=-0.021717473408016871 -0.0056859186429770708 0.019427630102422499 3.6859106751650631e-05 0.010716670693688252 0.0037330766725615023 0
leaf_weight=17.822567258030183 35.861670166254044 22.269162595272064 20.816182173788548 9.5943646989762765 1.5386147648096073 0.9593181386589994
leaf_count=289 343 126 133 63 6 4
internal_value=0.000204938 0.00476072 0.0113224 -0.00115558 -0.0164181 -0.019733
internal_weight=108.862 88.5414 43.0853 45.456 20.3205 18.7819
internal_count=964 665 259 406 299 293
is_linear=0
shrinkage=0.03


Tree=97
num_leaves=7
num_cat=0
split_feature=28 29 19 19 28 19
split_gain=10.5215 7.95743 3.53175 2.53254 1.73897 1.16366
threshold=0.96567650000000016 0.58515400000000006 0.57113900000000017 0.20602100000000004 0.90790150000000014 0.12878400000000004
decision_type=2 2 10 8 2 10
left_child=3 -2 -3 5 -5 -1
right_child=1 2 -4 4 -6 -7
leaf_value=-0.0087584074234184125 -0.020371585783498194 0.010562600000605342 -0.0092032355390909131 0 -0.024934842730741317 0.011225399795403965
leaf_weight=1.913854975253346 5.8882969357073298 83.023407861590385 5.0703110657632342 0.77835959568619628 13.142272314056752 2.3198395296931267
leaf_count=20 102 557 41 8 249 13
internal_value=0.00174893 0.00611752 0.00883 -0.0171087 -0.0223752 0
internal_weight=112.136 93.982 88.0937 18.1543 13.9206 4.23369
internal_count=990 700 598 290 257 33
is_linear=0
shrinkage=0.03


Tree=98
num_leaves=5
num_cat=0
split_feature=3 24 28 29
split_gain=7.25391 6.2876 5.70984 2.33227
threshold=1.5000000000000002 1.0000000180025095e-35 0.97871750000000013 0.59205150000000006
decision_type=10 8 2 2
left_child=1 2 -1 -3
right_child=-2 3 -4 -5
leaf_value=-0.018442905879583912 0.023017920787377313 -0.0081253875047973979 0 0.00932591286206301
leaf_weight=24.144123375415802 8.7959551960229856 4.0753682851791373 33.420958735048771 37.366974234580994
leaf_count=243 49 98 152 429
internal_value=0.000564423 -0.00175456 -0.00822169 0.0065021
internal_weight=107.803 99.0074 57.5651 41.4423
internal_count=971 922 395 527
is_linear=0
shrinkage=0.03


Tree=99
num_leaves=4
num_cat=0
split_feature=3 26 28
split_gain=6.75393 6.55705 4.83102
threshold=1.5000000000000002 1.0000000180025095e-35 0.96567650000000016
decision_type=10 10 2
left_child=1 2 -1
right_child=-2 -3 -4
leaf_value=-0.018197446322902395 0.022921781866906896 0.018710677641417248 -0.00057921582908416862
leaf_weight=15.392278656363485 8.2726913541555387 9.4064081013202649 77.11460443213582
leaf_count=279 45 41 632
internal_value=0.000701733 -0.00141988 -0.00430436
internal_weight=110.186 101.913 92.5069
internal_count=997 952 911
is_linear=0
shrinkage=0.03


Tree=100
num_leaves=5
num_cat=0
split_feature=3 24 20 17
split_gain=6.73147 5.59056 2.08933 2.04308
threshold=1.5000000000000002 1.0000000180025095e-35 0.52642650000000002 0.15832500000000002
decision_type=10 8 8 10
left_child=1 3 -3 -1
right_child=-2 2 -4 -5
leaf_value=-0.013613992156049051 0.022903582230415217 0.018585427890991064 0.0017085446528658078 -0.0013875712859420029
leaf_weight=24.807285122573376 8.3086469620466215 7.4362351670861235 35.06324415281415 34.995132770389318
leaf_count=172 46 34 509 243
internal_value=0.000763257 -0.0013513 0.0063516 -0.00734509
internal_weight=110.611 102.302 42.4995 59.8024
internal_count=1004 958 543 415
is_linear=0
shrinkage=0.03


end of trees

feature_importances:
embedding_cosine_gte_multilingual_base=81
reranker_score_gte_multilingual_reranker_base=71
has_shared_contact_exact=62
shared_title_count_capped=55
digit_ratio_mean_percentile_gap_abs=30
shared_contact_count_capped=22
repeated_title_share_percentile_gap_abs=21
shared_description_count_capped=20
punct_ratio_mean_percentile_gap_abs=19
shared_category_count_capped=16
profile_category_jaccard=15
repeated_description_share_percentile_gap_abs=14
max_category_share_percentile_gap_abs=14
description_length_median_percentile_gap_abs=12
price_median_percentile_gap_abs=11
shared_description_idf_sum=9
item_count_percentile_gap_abs=9
shared_description_idf_mean=7
title_length_median_percentile_gap_abs=4
shared_low_df_sentence_count=2
same_market_raw_bool=1
shared_title_idf_sum=1

parameters:
[boosting: gbdt]
[objective: binary]
[metric: binary_logloss,auc]
[tree_learner: serial]
[device_type: cpu]
[data_sample_strategy: bagging]
[data: ]
[valid: ]
[num_iterations: 120]
[learning_rate: 0.03]
[num_leaves: 7]
[num_threads: 0]
[seed: 20260321]
[deterministic: 1]
[force_col_wise: 1]
[force_row_wise: 0]
[histogram_pool_size: -1]
[max_depth: 3]
[min_data_in_leaf: 10]
[min_sum_hessian_in_leaf: 0.001]
[bagging_fraction: 0.8]
[pos_bagging_fraction: 1]
[neg_bagging_fraction: 1]
[bagging_freq: 1]
[bagging_seed: 20260321]
[bagging_by_query: 0]
[feature_fraction: 0.6]
[feature_fraction_bynode: 1]
[feature_fraction_seed: 20260321]
[extra_trees: 0]
[extra_seed: 14909]
[early_stopping_round: 0]
[early_stopping_min_delta: 0]
[first_metric_only: 0]
[max_delta_step: 0]
[lambda_l1: 1]
[lambda_l2: 3]
[linear_lambda: 0]
[min_gain_to_split: 0.05]
[drop_rate: 0.1]
[max_drop: 50]
[skip_drop: 0.5]
[xgboost_dart_mode: 0]
[uniform_drop: 0]
[drop_seed: 4518]
[top_rate: 0.2]
[other_rate: 0.1]
[min_data_per_group: 100]
[max_cat_threshold: 32]
[cat_l2: 10]
[cat_smooth: 10]
[max_cat_to_onehot: 4]
[top_k: 20]
[monotone_constraints: ]
[monotone_constraints_method: basic]
[monotone_penalty: 0]
[feature_contri: ]
[forcedsplits_filename: ]
[refit_decay_rate: 0.9]
[cegb_tradeoff: 1]
[cegb_penalty_split: 0]
[cegb_penalty_feature_lazy: ]
[cegb_penalty_feature_coupled: ]
[path_smooth: 0]
[interaction_constraints: ]
[verbosity: -1]
[saved_feature_importance_type: 0]
[use_quantized_grad: 0]
[num_grad_quant_bins: 4]
[quant_train_renew_leaf: 0]
[stochastic_rounding: 1]
[linear_tree: 0]
[max_bin: 255]
[max_bin_by_feature: ]
[min_data_in_bin: 3]
[bin_construct_sample_cnt: 200000]
[data_random_seed: 20260321]
[is_enable_sparse: 1]
[enable_bundle: 1]
[use_missing: 1]
[zero_as_missing: 0]
[feature_pre_filter: 1]
[pre_partition: 0]
[two_round: 0]
[header: 0]
[label_column: ]
[weight_column: ]
[group_column: ]
[ignore_column: ]
[categorical_feature: ]
[forcedbins_filename: ]
[precise_float_parser: 0]
[parser_config_file: ]
[objective_seed: 21012]
[num_class: 1]
[is_unbalance: 0]
[scale_pos_weight: 1]
[sigmoid: 1]
[boost_from_average: 1]
[reg_sqrt: 0]
[alpha: 0.9]
[fair_c: 1]
[poisson_max_delta_step: 0.7]
[tweedie_variance_power: 1.5]
[lambdarank_truncation_level: 30]
[lambdarank_norm: 1]
[label_gain: ]
[lambdarank_position_bias_regularization: 0]
[eval_at: ]
[multi_error_top_k: 1]
[auc_mu_weights: ]
[num_machines: 1]
[local_listen_port: 12400]
[time_out: 120]
[machine_list_filename: ]
[machines: ]
[gpu_platform_id: -1]
[gpu_device_id: -1]
[gpu_use_dp: 0]
[num_gpu: 1]

end of parameters

pandas_categorical:null
