tree
version=v4
num_class=1
num_tree_per_iteration=1
label_index=0
max_feature_idx=26
objective=binary sigmoid:1
feature_names=same_market_raw_bool same_source_dataset_bool profile_category_jaccard shared_title_count_capped shared_description_count_capped shared_category_count_capped shared_title_idf_sum shared_description_idf_sum shared_title_idf_mean shared_description_idf_mean boilerplate_ratio_max boilerplate_ratio_gap_abs shared_boilerplate_count shared_low_df_sentence_count shared_rare_ngram_count item_count_percentile_gap_abs price_median_percentile_gap_abs title_length_median_percentile_gap_abs description_length_median_percentile_gap_abs digit_ratio_mean_percentile_gap_abs punct_ratio_mean_percentile_gap_abs repeated_title_share_percentile_gap_abs repeated_description_share_percentile_gap_abs max_category_share_percentile_gap_abs uppercase_ratio_mean_percentile_gap_abs embedding_cosine_gte_multilingual_base reranker_score_gte_multilingual_reranker_base
feature_infos=[0:1] [0:1] [0:1] [0:5] [0:5] [0:5] [0:61.502074] [0:79.443972000000002] [0:8.8271080000000008] [0:8.8271080000000008] [0:0.125] [0:0.125] [0:1] [0:9] [0:7] [0:0.84691799999999995] [0:0.97017900000000001] [0:0.97814400000000001] [0:0.90912599999999999] [0:0.87231599999999998] [0:0.92139599999999999] [0:0.78087600000000001] [0:0.625498] [0:0.96330300000000002] [0:0.94133500000000003] [0.80815300000000001:0.99821599999999999] [0.38485900000000001:0.964619]
tree_sizes=678 775 672 770 671 785 679 974 767 869 687 769 782 998 785 761 967 997 990 678 854 1078 753 1256 784 787 789 770 871 775 784 788 852 792 1058 875 1059 959 869 773 957 1086 1050 978 682 849 761 1160 777 847 764 960 868 1019 1275 1278 842 1248 964 850

Tree=0
num_leaves=5
num_cat=0
split_feature=4 21 23 26
split_gain=86.2132 66.568 20.7497 18.1119
threshold=1.0000000180025095e-35 0.007818000000000002 0.0048635000000000006 0.64927550000000012
decision_type=10 8 8 2
left_child=1 -1 -3 -4
right_child=-2 2 3 -5
leaf_value=-0.092548336062955927 0.090440103561677629 -0.076040365696451534 -0.036600840533040663 0.02536440443212366
leaf_weight=21.984649822115898 20.485144391655922 5.8039475530385962 13.255985446274279 54.784533582627773
leaf_count=125 48 33 136 350
internal_value=0.000823507 -0.0191753 0.00374477 0.0124034
internal_weight=116.314 95.8291 73.8445 68.0405
internal_count=692 644 519 486
is_linear=0
shrinkage=1


Tree=1
num_leaves=6
num_cat=0
split_feature=3 21 26 23 16
split_gain=89.7198 54.5044 19.2664 20.3628 7.04784
threshold=1.0000000180025095e-35 0.0038650000000000004 0.65427900000000017 0.032232000000000004 0.03604000000000001
decision_type=10 8 2 8 8
left_child=1 -1 4 -4 -3
right_child=-2 2 3 -5 -6
leaf_value=-0.088396498754237648 0.087369846447161281 0.015459622991983463 -0.06284342435198452 0.02587308953120598 -0.060197995874068877
leaf_weight=21.937640383839607 21.74350394308567 2.6066766530275318 5.8769033551216117 47.762715432792902 13.291168082505465
leaf_count=125 51 9 32 313 149
internal_value=-0.000278474 -0.0224547 0 0.0142545 -0.0460925
internal_weight=113.219 91.4751 69.5375 53.6396 15.8978
internal_count=679 628 503 345 158
is_linear=0
shrinkage=0.05


Tree=2
num_leaves=5
num_cat=0
split_feature=4 21 23 26
split_gain=80.8949 54.7982 19.0189 15.1725
threshold=1.0000000180025095e-35 0.007818000000000002 0.0048635000000000006 0.86402100000000004
decision_type=10 8 8 2
left_child=1 -1 -3 -4
right_child=-2 2 3 -5
leaf_value=-0.085072051685489744 0.083917306261552402 -0.072517912016678704 -0.0024708700791397139 0.052997979607684625
leaf_weight=22.8535086363554 21.630492612719536 6.3027996122837058 53.073789451271296 14.237825669348238
leaf_count=131 51 36 401 77
internal_value=0 -0.0200414 0.00111011 0.00979817
internal_weight=118.098 96.4679 73.6144 67.3116
internal_count=696 645 514 478
is_linear=0
shrinkage=0.05


Tree=3
num_leaves=6
num_cat=0
split_feature=4 23 26 2 0
split_gain=70.4036 46.534 21.41 17.8703 6.862
threshold=1.0000000180025095e-35 0.0048635000000000006 0.65610900000000016 0.47222200000000009 1.0000000180025095e-35
decision_type=10 8 2 10 8
left_child=1 -1 4 -4 -3
right_child=-2 2 3 -5 -6
leaf_value=-0.081889290455407271 0.080425898338304158 0.0051431213130748287 0.024140787452376262 -0.067309665933366 -0.062232738356653952
leaf_weight=20.778330639004707 20.599583089351654 3.9138877540826824 53.028518930077553 4.3613958209753028 13.186704307794569
leaf_count=120 49 15 336 25 147
internal_value=0 -0.018484 0.000140587 0.015229 -0.0462969
internal_weight=115.868 95.2688 74.4905 57.3899 17.1006
internal_count=692 643 523 361 162
is_linear=0
shrinkage=0.05


Tree=4
num_leaves=5
num_cat=0
split_feature=4 21 23 25
split_gain=61.6048 44.7332 16.4042 10.4449
threshold=1.0000000180025095e-35 0.007818000000000002 0.0066885000000000009 0.97668800000000011
decision_type=10 8 8 2
left_child=1 -1 -3 -4
right_child=-2 2 3 -5
leaf_value=-0.079317399061943558 0.076848154520413423 -0.06791662547894535 -0.015987083062514527 0.023972348701711513
leaf_weight=21.897154673933983 18.688230499625206 6.37729787826538 24.80369695648551 40.375121153891087
leaf_count=128 45 37 216 255
internal_value=-0.00225311 -0.0192987 0 0.00837336
internal_weight=112.142 93.4533 71.5561 65.1788
internal_count=681 636 508 471
is_linear=0
shrinkage=0.05


Tree=5
num_leaves=6
num_cat=0
split_feature=4 21 26 2 25
split_gain=55.0881 42.4982 16.2075 11.4413 4.22123
threshold=1.0000000180025095e-35 0.007818000000000002 0.65427900000000017 0.47222200000000009 0.97292950000000011
decision_type=10 8 2 10 2
left_child=1 -1 4 -4 -3
right_child=-2 2 3 -5 -6
leaf_value=-0.076356553792386067 0.074639841853176153 -0.069653324569955072 0.022031269290418425 -0.059182407509222025 -0.011291110454816828
leaf_weight=20.404707506299019 19.265733063220978 5.9845955409109584 53.029498051851988 3.1371756941080085 8.6739713884890062
leaf_count=121 47 76 333 18 70
internal_value=0.000831242 -0.0154411 0.00298253 0.0156401 -0.0409196
internal_weight=110.496 91.2299 70.8252 56.1667 14.6586
internal_count=665 618 497 351 146
is_linear=0
shrinkage=0.05


Tree=6
num_leaves=5
num_cat=0
split_feature=4 21 23 2
split_gain=50.2651 45.4334 18.6533 13.7724
threshold=1.0000000180025095e-35 0.007818000000000002 0.0048635000000000006 0.47222200000000009
decision_type=10 8 8 8
left_child=1 -1 -3 -4
right_child=-2 2 3 -5
leaf_value=-0.074270219513272603 0.07406573819468136 -0.065491674899209595 0.03644133764286183 -0.0073392323744222859
leaf_weight=20.898766949772835 19.200646877288818 6.4572902023792258 34.949162214994431 33.09059827029705
leaf_count=126 47 38 115 366
internal_value=0.00321197 -0.0117168 0.00662199 0.0150905
internal_weight=114.596 95.3958 74.4971 68.0398
internal_count=692 645 519 481
is_linear=0
shrinkage=0.05


Tree=7
num_leaves=8
num_cat=0
split_feature=4 21 26 5 25 22 25
split_gain=53.6171 39.4841 14.3267 13.7211 5.06115 4.95829 0.937851
threshold=1.0000000180025095e-35 0.092367000000000019 0.65427900000000017 1.0000000180025095e-35 0.97292950000000011 0.49175500000000005 0.9906790000000002
decision_type=10 8 2 8 2 10 2
left_child=1 5 4 -4 -3 6 -1
right_child=-2 2 3 -5 -6 -7 -8
leaf_value=-0.068618711538466867 0.070338549003736484 -0.066586171695162302 -0.031982726303247007 0.033184989230455375 -0.0034151963433206819 0.013337951699551624 0
leaf_weight=28.666410937905319 19.403467655181885 5.8528372347354871 8.6213424205780012 36.261213447898626 7.4728839658200741 1.0299851298332203 1.1218747347593296
leaf_count=167 49 75 41 268 65 3 5
internal_value=-0.00161401 -0.018478 0.00559648 0.0194987 -0.0367767 -0.0628717 -0.0668189
internal_weight=108.43 89.0265 58.2083 44.8826 13.3257 30.8183 29.7883
internal_count=673 624 449 309 140 175 172
is_linear=0
shrinkage=0.05


Tree=8
num_leaves=6
num_cat=0
split_feature=3 21 23 26 9
split_gain=49.31 31.4014 13.7331 12.3681 1.51347
threshold=1.0000000180025095e-35 0.0038650000000000004 0.0048635000000000006 0.89108700000000007 8.5171115000000022
decision_type=10 8 8 2 10
left_child=1 4 -3 -4 -1
right_child=-2 2 3 -5 -6
leaf_value=-0.070249374792580838 0.069998234665077624 -0.062448582497386267 -0.0025335457669615406 0.052887093613801506 0
leaf_weight=20.410864308476452 18.425192430615425 6.4621876925230017 55.398584600538015 10.597326293587683 0.8876335620880117
leaf_count=128 47 39 410 59 4
internal_value=-0.00131278 -0.016471 -2.14997e-05 0.00697283 -0.0676526
internal_weight=112.182 93.7566 72.4581 65.9959 21.2985
internal_count=687 640 508 469 132
is_linear=0
shrinkage=0.05


Tree=9
num_leaves=7
num_cat=0
split_feature=4 21 26 23 16 22
split_gain=43.8173 32.9122 12.573 12.8174 6.05827 1.73958
threshold=1.0000000180025095e-35 0.016329000000000003 0.65427900000000017 0.032232000000000004 0.11101300000000001 0.24482350000000003
decision_type=10 8 2 8 8 10
left_child=1 5 4 -4 -3 -1
right_child=-2 2 3 -5 -6 -7
leaf_value=-0.069321051599709402 0.066927395719086499 0.0079867194915426484 -0.049880366678842637 0.022799441107899707 -0.052482119483953663 0
leaf_weight=19.756676688790325 19.389987871050835 4.6589504629373524 5.2633051872253409 50.784650452435017 11.153360966593027 0.89559604227542777
leaf_count=126 51 18 30 331 139 4
internal_value=0.00124376 -0.0131053 0.00292828 0.0144176 -0.0340732 -0.066444
internal_weight=111.903 92.5125 71.8603 56.048 15.8123 20.6523
internal_count=699 648 518 361 157 130
is_linear=0
shrinkage=0.05


Tree=10
num_leaves=5
num_cat=0
split_feature=3 21 23 22
split_gain=39.6586 31.1275 12.8741 10.4652
threshold=1.0000000180025095e-35 0.007818000000000002 0.0048635000000000006 0.056071000000000003
decision_type=10 8 8 10
left_child=1 -1 -3 -4
right_child=-2 2 3 -5
leaf_value=-0.067182725618401037 0.065875199425509304 -0.059729955157635309 -0.0091795476726918481 0.030245873466347956
leaf_weight=20.435589864850044 16.532787412405014 6.2983892709016791 35.889728914946318 28.458347976207733
leaf_count=134 44 39 369 96
internal_value=-0.0017292 -0.0151389 0.000652813 0.00816874
internal_weight=107.615 91.0821 70.6465 64.3481
internal_count=682 638 504 465
is_linear=0
shrinkage=0.05


Tree=11
num_leaves=6
num_cat=0
split_feature=3 21 26 23 18
split_gain=37.3467 28.3827 11.1889 10.2625 1.7205
threshold=1.0000000180025095e-35 0.016329000000000003 0.58434600000000014 0.0048635000000000006 0.57961050000000014
decision_type=10 8 2 8 10
left_child=1 4 -3 -4 -1
right_child=-2 2 3 -5 -6
leaf_value=-0.066332546258301137 0.064739033060946027 -0.061101044409443798 -0.053531312455577573 0.014005270480777279 0
leaf_weight=19.582457780838016 16.583314508199692 4.9585844688117495 4.6076704412698737 60.398617401719093 0.86422780156135459
leaf_count=131 45 69 29 409 4
internal_value=-0.00071276 -0.0138506 0.00133393 0.00774296 -0.0634882
internal_weight=106.995 90.4116 69.9649 65.0063 20.4467
internal_count=687 642 507 438 135
is_linear=0
shrinkage=0.05


Tree=12
num_leaves=6
num_cat=0
split_feature=3 23 21 25 23
split_gain=31.6475 29.3834 11.7922 10.5641 6.5628
threshold=1.0000000180025095e-35 0.0048635000000000006 0.10338400000000002 0.97668800000000011 0.47808800000000007
decision_type=10 8 10 2 10
left_child=1 -1 3 -3 -4
right_child=-2 2 4 -5 -6
leaf_value=-0.064985856136008227 0.06278732636836877 -0.03606593694130461 0.040386723635571165 0.0091587204166898879 -0.02562658641563367
leaf_weight=18.29734805226326 15.790111765265463 21.27332953363657 21.898423954844478 27.393159426748753 2.9411684721708289
leaf_count=124 44 218 69 221 14
internal_value=0.000444654 -0.0108473 0.00332582 -0.010599 0.0306069
internal_weight=107.594 91.8034 73.5061 48.6665 24.8396
internal_count=690 646 522 439 83
is_linear=0
shrinkage=0.05


Tree=13
num_leaves=8
num_cat=0
split_feature=4 21 25 26 16 22 26
split_gain=34.7861 25.7756 10.3003 6.07871 3.31686 1.66892 2.67647
threshold=1.0000000180025095e-35 0.041201000000000008 0.97668800000000011 0.82311050000000019 0.017958500000000002 0.053048000000000005 0.72756750000000003
decision_type=10 8 2 2 8 10 2
left_child=1 5 4 -4 -3 -1 -7
right_child=-2 2 3 -5 -6 6 -8
leaf_value=-0.065621698912944226 0.06159401669024827 0.028668447938066711 0.00090672730668021136 0.042188114092721885 -0.026064718631358466 -0.048986366101878238 0.00044121665447262038
leaf_weight=17.358460336923603 16.772007033228874 1.4428306967020059 21.701368186622858 15.445274606347082 23.793865021318197 3.2084764242172232 4.2434141635894775
leaf_count=120 48 4 156 87 217 21 19
internal_value=-0.000987805 -0.0141456 0.0029118 0.0196893 -0.0205677 -0.0557059 -0.0226899
internal_weight=103.966 87.1937 62.3833 37.1466 25.2367 24.8104 7.45189
internal_count=672 624 464 243 221 160 40
is_linear=0
shrinkage=0.05


Tree=14
num_leaves=6
num_cat=0
split_feature=4 21 26 23 16
split_gain=30.7172 25.744 11.9048 10.6658 8.15457
threshold=1.0000000180025095e-35 0.007818000000000002 0.65427900000000017 0.032232000000000004 0.11101300000000001
decision_type=10 8 2 8 8
left_child=1 -1 4 -4 -3
right_child=-2 2 3 -5 -6
leaf_value=-0.061925702803353834 0.061663981723569621 0.013328796121875333 -0.04520125513233908 0.021773922665007019 -0.055538855366764256
leaf_weight=18.096256494522095 15.740925639867781 5.0421817749738667 5.1131147742271414 49.481158588081598 10.957373686134815
leaf_count=131 46 19 31 316 136
internal_value=0.000293606 -0.0111658 0.00251713 0.0140146 -0.0331248
internal_weight=104.431 88.6901 70.5938 54.5943 15.9996
internal_count=679 633 502 347 155
is_linear=0
shrinkage=0.05


Tree=15
num_leaves=6
num_cat=0
split_feature=4 2 26 5 25
split_gain=31.6121 21.999 12.9208 9.76476 2.66947
threshold=1.0000000180025095e-35 0.47222200000000009 0.8619190000000001 1.5000000000000002 0.98839550000000009
decision_type=10 10 2 10 2
left_child=1 2 3 -1 -4
right_child=-2 -3 4 -5 -6
leaf_value=-0.020966997330226021 0.059268371692097088 -0.064297270967336687 0.049166106088314732 0.031278878930079572 0
leaf_weight=47.340569481253624 16.819676950573921 15.352863624691961 11.49553622305393 9.2421106547117216 2.2917181029915801
leaf_count=414 51 110 64 31 17
internal_value=-0.000200527 -0.0129741 -0.000320684 -0.0114154 0.040229
internal_weight=102.542 85.7228 70.3699 56.5827 13.7873
internal_count=687 636 526 445 81
is_linear=0
shrinkage=0.05


Tree=16
num_leaves=8
num_cat=0
split_feature=3 22 25 5 2 18 17
split_gain=26.7277 17.3759 9.99686 6.14994 5.00065 2.19066 0.270612
threshold=1.0000000180025095e-35 0.043781000000000007 0.97668800000000011 1.5000000000000002 0.10818700000000002 0.009778000000000002 0.49421150000000008
decision_type=10 8 2 10 8 10 10
left_child=1 5 4 -4 -3 -1 -7
right_child=-2 2 3 -5 -6 6 -8
leaf_value=0 0.058103768722115139 0.0027279379327259999 0.0026461752161302961 0.047778480653450424 -0.037414419012191828 -0.061337320767783803 -0.0048522363243329357
leaf_weight=1.8647222071886087 14.278806582093237 10.9233635365963 27.260136369615793 9.8346826881170255 17.57374282181263 15.319715708494188 1.4879271686077107
leaf_count=10 44 46 213 29 211 108 9
internal_value=-0.00144368 -0.0126654 0 0.0166514 -0.0218269 -0.0532488 -0.0585097
internal_weight=98.5431 84.2643 65.5919 37.0948 28.4971 18.6724 16.8076
internal_count=670 626 499 242 257 127 117
is_linear=0
shrinkage=0.05


Tree=17
num_leaves=8
num_cat=0
split_feature=3 21 25 23 4 22 18
split_gain=25.0454 21.3301 9.56691 6.97175 3.44054 2.48728 1.96696
threshold=1.0000000180025095e-35 0.035092000000000005 0.96605450000000015 1.0000000180025095e-35 1.0000000180025095e-35 0.13096950000000004 0.033885500000000006
decision_type=10 8 2 8 10 10 8
left_child=1 4 6 -4 5 -1 -3
right_child=-2 2 3 -5 -6 -7 -8
leaf_value=-0.061727785510697332 0.059467599649258462 0.0036347266287818317 -0.043552790104919525 0.019527913669639733 0.015401381506458357 -0.010499838562599966 -0.046644762670711881
leaf_weight=16.884392023086555 14.674992144107817 1.1043521016836138 3.1439826786518088 52.651981208473444 0.78190019726753135 4.9694732278585425 7.4516794495284566
leaf_count=129 46 4 21 365 2 27 83
internal_value=0.00209775 -0.00814212 0.00641034 0.01449 -0.0483768 -0.0525719 -0.0380948
internal_weight=101.663 86.9878 64.352 55.796 22.6358 21.8539 8.55603
internal_count=677 631 473 386 158 156 87
is_linear=0
shrinkage=0.05


Tree=18
num_leaves=8
num_cat=0
split_feature=3 21 26 26 18 9 17
split_gain=26.5635 17.8983 9.03238 5.7738 3.46343 3.29303 2.05335
threshold=1.0000000180025095e-35 0.046415500000000005 0.8619190000000001 0.58434600000000014 0.6195210000000001 8.7551875000000017 0.089595500000000008
decision_type=10 8 2 2 10 10 8
left_child=1 4 3 -3 5 -1 -4
right_child=-2 2 6 -5 -6 -7 -8
leaf_value=-0.058743100885634496 0.056714985088005244 -0.054416980117736193 -0.00033803380752724002 -0.0016086360802340834 0.010581117241267054 0.0069367514108866039 0.045132620570985535
leaf_weight=20.398460909724243 14.75584404915571 4.5491985268890849 1.7666580677032442 45.131986331194639 1.0889008343219746 1.0355370789766301 10.362203858792782
leaf_count=152 48 65 8 339 4 4 67
internal_value=-0.00163414 -0.0129476 0.000869927 -0.00838576 -0.0495944 -0.0542337 0.0373669
internal_weight=99.0888 84.3329 61.81 49.6812 22.5229 21.434 12.1289
internal_count=687 639 479 404 160 156 75
is_linear=0
shrinkage=0.05


Tree=19
num_leaves=5
num_cat=0
split_feature=4 2 25 21
split_gain=20.8761 22.0359 9.4725 6.92057
threshold=1.0000000180025095e-35 0.44097200000000009 0.9562265000000002 0.048542500000000009
decision_type=10 10 2 8
left_child=1 2 -1 -4
right_child=-2 -3 3 -5
leaf_value=-0.054934462360162951 0.055297807939180724 -0.060556932358237475 -0.026234601762678306 0.01688332597994353
leaf_weight=4.5334164202213278 14.537795811891554 14.159302666783331 9.2678881064057332 57.910451482981443
leaf_count=53 49 112 53 415
internal_value=0.00272487 -0.00668605 0.00463194 0.0101277
internal_weight=100.409 85.8711 71.7118 67.1783
internal_count=682 633 521 468
is_linear=0
shrinkage=0.05


Tree=20
num_leaves=7
num_cat=0
split_feature=3 23 21 20 2 25
split_gain=20.5741 16.3324 8.14781 7.0306 1.25871 1.06399
threshold=1.0000000180025095e-35 0.0048635000000000006 0.026739500000000003 0.27958850000000007 0.15192300000000003 0.99228000000000016
decision_type=10 8 8 8 10 2
left_child=1 5 4 -4 -3 -1
right_child=-2 2 3 -5 -6 -7
leaf_value=-0.057336181256690738 0.054534805172945379 0 0.028122948751234424 -0.0054549269491140561 -0.047979914791051126 0
leaf_weight=14.134061895310875 13.127823881804941 1.8851506933569888 24.068469300866127 36.733873773366213 7.0833653435111046 0.81826531887054521
leaf_count=116 45 9 82 378 53 4
internal_value=-4.27525e-05 -0.00959107 0.000609949 0.00779261 -0.0398362 -0.0544266
internal_weight=97.851 84.7232 69.7709 60.8023 8.96852 14.9523
internal_count=687 642 522 460 62 120
is_linear=0
shrinkage=0.05


Tree=21
num_leaves=9
num_cat=0
split_feature=3 2 5 20 5 25 9 25
split_gain=16.4149 16.424 11.1633 6.05155 4.39427 1.72257 1.30834 0.180977
threshold=1.0000000180025095e-35 0.21363650000000003 1.0000000180025095e-35 0.30094300000000007 4.5000000000000009 0.96229750000000014 8.7551875000000017 0.98616500000000007
decision_type=10 10 10 10 10 2 10 2
left_child=1 2 3 -1 6 -4 -3 -6
right_child=-2 4 5 -5 7 -7 -8 -9
leaf_value=0.0015719974478894218 0.052729029965408063 -0.05829410662324444 -0.0049996071190202048 -0.04719597215477199 0.0099928895728709239 0.049092283255024509 0 -0.0052094052390111965
leaf_weight=45.167772449553013 12.083111360669134 15.182428523898125 0.44551302492618461 5.7491637095808974 2.3356344550848003 12.257460385560988 0.76412831246852952 1.0582056343555448
leaf_count=419 43 123 3 35 9 37 4 5
internal_value=0.0015301 -0.00643501 0.00571083 -0.00465059 -0.0451235 0.0451073 -0.0553343 4.78503e-07
internal_weight=95.0434 82.9603 63.6199 50.9169 19.3404 12.703 15.9466 3.39384
internal_count=678 635 494 454 141 40 127 14
is_linear=0
shrinkage=0.05


Tree=22
num_leaves=6
num_cat=0
split_feature=4 23 23 15 5
split_gain=21.9475 16.0073 8.85942 6.94978 6.4648
threshold=1.0000000180025095e-35 0.0048635000000000006 0.47808800000000007 0.3458750000000001 1.5000000000000002
decision_type=10 8 10 10 10
left_child=1 -1 3 -3 -4
right_child=-2 2 4 -5 -6
leaf_value=-0.056322191902036148 0.053657515761162893 0 -0.064188915462380813 0.050481508978198079 0.02685038670396141
leaf_weight=14.106290392577646 14.263287998735903 53.597928311675787 6.6474491134285918 6.4137926101684561 1.2025427818298338
leaf_count=122 52 452 47 18 3
internal_value=-0.000195318 -0.0106617 0 0.0067383 -0.0454986
internal_weight=96.2313 81.968 67.8617 60.0117 7.84999
internal_count=694 642 520 470 50
is_linear=0
shrinkage=0.05


Tree=23
num_leaves=11
num_cat=0
split_feature=26 2 7 5 20 25 21 2 25 25
split_gain=14.8778 5.9844 6.56594 4.93417 7.05452 4.76217 3.66854 3.285 2.1465 3.96804
threshold=0.65427900000000017 0.24264700000000003 17.222693000000003 1.0000000180025095e-35 0.30094300000000007 0.97292950000000011 0.10338400000000002 0.47222200000000009 0.97689100000000006 0.9906790000000002
decision_type=2 10 10 10 10 2 10 10 2 2
left_child=5 3 7 4 -2 -1 -5 -3 -7 -10
right_child=1 2 -4 6 -6 8 -8 -9 9 -11
leaf_value=-0.053983765593670109 0.01609544117234624 0 0.035385686950857108 0 -0.047211481062649829 0.013631407423669396 0.054407677974288582 -0.050716308678811731 -0.042530147864532852 0.024757942077155887
leaf_weight=11.674856293946506 37.684006698429585 6.1233469247818011 3.4957602247595778 3.6011017113924018 3.3535801023244849 4.9240050539374334 12.055892959237097 6.8534095585346222 5.604511946439743 1.5060631260275839
leaf_count=137 294 29 14 16 20 36 35 55 53 7
internal_value=0.000176346 0.0116348 -0.0131635 0.0194232 0.00885192 -0.0327811 0.0424773 -0.0302803 -0.00666173 -0.0235445
internal_weight=96.8765 73.1671 16.4725 56.6946 41.0376 23.7094 15.657 12.9768 12.0346 7.11058
internal_count=696 463 98 365 314 233 51 84 96 60
is_linear=0
shrinkage=0.05


Tree=24
num_leaves=6
num_cat=0
split_feature=4 2 26 23 16
split_gain=16.5432 14.6981 9.17697 6.54208 4.91915
threshold=1.0000000180025095e-35 0.47222200000000009 0.65427900000000017 0.032232000000000004 0.03604000000000001
decision_type=10 10 2 8 8
left_child=1 2 4 -4 -1
right_child=-2 -3 3 -5 -6
leaf_value=0.014694168984190809 0.051666790076254465 -0.055858426750953011 -0.037856232183109496 0.018403544999897162 -0.042469388587078584
leaf_weight=3.4827736690640476 12.763674348592756 11.324828706681727 4.1076658368110648 48.594106409698725 12.823234919458626
leaf_count=15 49 103 27 320 152
internal_value=0.00179845 -0.00662122 0.00212094 0.012631 -0.0286466
internal_weight=93.0963 80.3326 69.0078 52.7018 16.306
internal_count=666 617 514 347 167
is_linear=0
shrinkage=0.05


Tree=25
num_leaves=6
num_cat=0
split_feature=4 21 25 18 16
split_gain=15.4346 14.0359 6.73628 5.773 3.82051
threshold=1.0000000180025095e-35 0.007818000000000002 0.97270850000000009 0.13526500000000005 0.25399950000000004
decision_type=10 8 2 8 10
left_child=1 -1 4 -4 -3
right_child=-2 2 3 -5 -6
leaf_value=-0.052849211800193266 0.050397245911366462 -0.038019378758233413 -0.020352899399711213 0.020206319850835736 0.0084486898677826397
leaf_weight=12.662543863058088 11.862258218228815 11.997996453195812 9.3187305480241758 39.121923696249723 4.7327379509806624
leaf_count=124 47 138 45 287 20
internal_value=0.000439073 -0.00766859 0.00172638 0.0115262 -0.0238897
internal_weight=89.6962 77.8339 65.1714 48.4407 16.7307
internal_count=661 614 490 332 158
is_linear=0
shrinkage=0.05


Tree=26
num_leaves=6
num_cat=0
split_feature=4 23 23 15 5
split_gain=15.3184 13.0375 7.04279 5.88962 3.88165
threshold=1.0000000180025095e-35 0.0048635000000000006 0.49323350000000005 0.3458750000000001 1.5000000000000002
decision_type=10 8 10 10 10
left_child=1 -1 3 -3 -4
right_child=-2 2 4 -5 -6
leaf_value=-0.053347596137573186 0.051574478026981924 0.00016230496211152659 -0.058107880280619396 0.047914148581315118 0.018258764959486803
leaf_weight=11.901357933878897 10.809906065464018 54.495091285556555 5.6219472661614409 6.0007390826940528 0.81975260376930226
leaf_count=114 44 454 43 17 2
internal_value=-8.84146e-05 -0.00831398 0.000321379 0.00634688 -0.0436286
internal_weight=89.6488 78.8389 66.9375 60.4958 6.4417
internal_count=674 630 516 471 45
is_linear=0
shrinkage=0.05


Tree=27
num_leaves=6
num_cat=0
split_feature=3 23 23 2 25
split_gain=16.2051 10.69 8.95057 9.19818 1.04019
threshold=1.0000000180025095e-35 0.0048635000000000006 0.55622050000000012 0.24264700000000003 0.99276900000000012
decision_type=10 8 10 8 2
left_child=1 4 3 -3 -1
right_child=-2 2 -4 -5 -6
leaf_value=-0.052397769101652364 0.051750443240388883 0.026849038003069366 -0.055703626717714096 -0.010686474751410574 0
leaf_weight=11.737222470343109 11.023735225200651 26.069943785667419 5.2908110171556464 37.655347745865583 0.60920538753271181
leaf_count=118 46 92 42 403 3
internal_value=-0.000978862 -0.00923229 -0.000800937 0.00455029 -0.0493652
internal_weight=92.3863 81.3625 69.0161 63.7253 12.3464
internal_count=704 658 537 495 121
is_linear=0
shrinkage=0.05


Tree=28
num_leaves=7
num_cat=0
split_feature=3 23 26 21 25 25
split_gain=14.015 10.8396 6.19992 5.02301 2.57158 1.03267
threshold=1.0000000180025095e-35 0.0048635000000000006 0.8619190000000001 0.052541000000000004 0.97689100000000006 0.99276900000000012
decision_type=10 8 2 10 2 2
left_child=1 5 3 -3 -4 -1
right_child=-2 2 4 -5 -6 -7
leaf_value=-0.0521655505358962 0.048835095155995205 -0.020803462364025898 -0.015196666029425376 0.0091527664115697294 0.035675718552480203 0
leaf_weight=11.717535890638825 10.598024532198904 31.750250156968832 1.3916481435298909 21.637407913804054 12.242681197822092 0.60920538753271181
leaf_count=120 45 350 15 82 73 3
internal_value=-0.0010633 -0.00881947 -0.000125688 -0.00828873 0.0278398 -0.0491389
internal_weight=89.9468 79.3487 67.022 53.3877 13.6343 12.3267
internal_count=688 643 520 432 88 123
is_linear=0
shrinkage=0.05


Tree=29
num_leaves=6
num_cat=0
split_feature=4 2 5 15 21
split_gain=11.9909 11.433 9.82325 7.04136 4.00594
threshold=1.0000000180025095e-35 0.47222200000000009 1.5000000000000002 0.3458750000000001 0.026739500000000003
decision_type=10 10 10 8 10
left_child=1 2 3 -1 -4
right_child=-2 -3 4 -5 -6
leaf_value=-0.034378067910899278 0.046884415749641362 -0.053454369085822954 -0.023781972112320925 0.0024884142502414057 0.043814674502507478
leaf_weight=18.055693440139294 9.6925749406218511 10.429855890572069 1.1031321212649334 34.637595567852259 12.756408274173735
leaf_count=106 43 110 8 366 39
internal_value=-0.00122001 -0.00837551 0 -0.0102847 0.0350097
internal_weight=86.6753 76.9827 66.5528 52.6933 13.8595
internal_count=672 629 519 472 47
is_linear=0
shrinkage=0.05


Tree=30
num_leaves=6
num_cat=0
split_feature=4 2 5 26 21
split_gain=13.913 9.81536 7.95037 7.07548 3.15337
threshold=1.0000000180025095e-35 0.44097200000000009 1.5000000000000002 0.89539750000000018 0.046415500000000005
decision_type=10 10 10 2 10
left_child=1 2 3 -1 -4
right_child=-2 -3 4 -5 -6
leaf_value=-0.016808792513523456 0.047946072642348868 -0.052056671308364159 -0.013007369433022345 0.031730309812405266 0.04293920713621633
leaf_weight=48.503451347351074 11.154439084231852 9.6384717971086484 1.6558345928788174 7.1344351321458808 10.517208367586134
leaf_count=442 51 105 9 49 32
internal_value=-0.000440216 -0.00850413 -0.000960369 -0.0094775 0.0329086
internal_weight=88.6038 77.4494 67.8109 55.6379 12.173
internal_count=688 637 532 491 41
is_linear=0
shrinkage=0.05


Tree=31
num_leaves=6
num_cat=0
split_feature=4 2 5 26 21
split_gain=12.7726 11.0781 7.99667 5.87916 3.47435
threshold=1.0000000180025095e-35 0.47222200000000009 1.5000000000000002 0.89539750000000018 0.035092000000000005
decision_type=10 10 10 2 10
left_child=1 2 3 -1 -4
right_child=-2 -3 4 -5 -6
leaf_value=-0.016982262332160766 0.046617395971487792 -0.053031882312921858 -0.015159047862302403 0.027951732354647398 0.042514336391537254
leaf_weight=44.530206978321075 10.300703309476374 10.644144430756567 1.7497646585106839 6.9042447321116915 11.117459982633589
leaf_count=418 49 118 10 48 34
internal_value=-0.00148171 -0.00920457 -0.000526191 -0.00985717 0.0321676
internal_weight=85.2465 74.9458 64.3017 51.4345 12.8672
internal_count=677 628 510 466 44
is_linear=0
shrinkage=0.05


Tree=32
num_leaves=7
num_cat=0
split_feature=3 21 26 23 15 9
split_gain=11.2924 9.94629 5.63235 4.28838 2.05347 1.86045
threshold=1.0000000180025095e-35 0.035092000000000005 0.58434600000000014 1.0000000180025095e-35 0.35713200000000006 8.7551875000000017
decision_type=10 8 2 8 10 10
left_child=1 4 -3 -4 5 -1
right_child=-2 2 3 -5 -6 -7
leaf_value=-0.051653003550794822 0.045726397255074783 -0.047320248929701984 -0.038809972008487875 0.0099363726884534043 0 0
leaf_weight=13.57345425337553 9.4249018207192403 3.953867442905902 3.2963629141449919 53.245047092437744 1.7391082644462574 1.063821732997895
leaf_count=146 46 63 28 392 10 6
internal_value=-0.0015749 -0.00845748 0.000802353 0.00573419 -0.0412594 -0.046946
internal_weight=86.2966 76.8717 60.4953 56.5414 16.3764 14.6373
internal_count=691 645 483 420 162 152
is_linear=0
shrinkage=0.05


Tree=33
num_leaves=6
num_cat=0
split_feature=3 21 25 24 4
split_gain=11.6959 6.65982 4.37045 2.61673 2.34801
threshold=1.0000000180025095e-35 0.016329000000000003 0.9562265000000002 0.039840500000000008 1.0000000180025095e-35
decision_type=10 8 2 8 10
left_child=1 4 -3 -4 -1
right_child=-2 2 3 -5 -6
leaf_value=-0.04996621140831594 0.045292309109645143 -0.047507232318173616 -0.029871627826195041 0.0041861704569219867 0.0092595405654338457
leaf_weight=10.639913998544213 9.0328981950879079 3.6567246317863455 4.7874975204467765 51.750219766050577 0.66535010933876115
leaf_count=129 45 51 25 420 2
internal_value=-0.00358834 -0.0109099 -0.00340201 0.000173968 -0.0438519
internal_weight=80.5326 71.4997 60.1944 56.5377 11.3053
internal_count=672 627 496 445 131
is_linear=0
shrinkage=0.05


Tree=34
num_leaves=9
num_cat=0
split_feature=26 26 20 0 15 25 25 25
split_gain=8.75898 6.34525 3.23423 3.37677 2.15992 1.92213 2.30614 0.115389
threshold=0.58434600000000014 0.89108700000000007 0.27100800000000008 1.0000000180025095e-35 0.21912350000000005 0.97689100000000006 0.98839550000000009 0.96067050000000009
decision_type=2 2 10 8 8 2 2 2
left_child=-1 2 3 -2 -4 7 -7 -3
right_child=1 5 4 -5 -6 6 -8 -9
leaf_value=-0.048879717533951268 0.024486266740401288 0 -0.039047736870911912 -0.0031700857912284153 0.00048013815286963277 0.049664246550335252 0 -0.013762236700960023
leaf_weight=6.6575785316526881 13.149606615304945 0.45673488453030475 6.9006771221756908 39.76977514103055 3.7845549583435067 10.111102946102617 2.9810514226555815 0.67160703986883163
leaf_count=106 57 4 50 358 18 53 24 9
internal_value=0.000156122 0.00551104 -0.0011152 0.00372818 -0.0246602 0.0340173 0.0395923 -0.00683612
internal_weight=84.4827 77.8251 63.6046 52.9194 10.6852 14.2205 13.0922 1.12834
internal_count=679 573 483 415 68 90 77 13
is_linear=0
shrinkage=0.05


Tree=35
num_leaves=7
num_cat=0
split_feature=4 22 25 23 3 16
split_gain=9.37639 11.8441 5.4267 4.46569 2.22044 1.46868
threshold=1.0000000180025095e-35 0.053048000000000005 0.9562265000000002 1.0000000180025095e-35 1.0000000180025095e-35 0.34650400000000003
decision_type=10 8 2 8 10 10
left_child=1 4 -3 -4 5 -1
right_child=-2 2 3 -5 -6 -7
leaf_value=-0.057866896136607726 0.044214587734355125 -0.04573655298235544 -0.03756999853628458 0.012068461730162044 0.0074010892081193243 0
leaf_weight=10.915009722113604 8.7680856287479383 3.6255184412002555 3.3083912730216971 51.634060755372047 0.61657842993736345 2.0390947312116632
leaf_count=118 45 52 32 404 2 19
internal_value=-0.000234392 -0.00676703 0.00293287 0.00771751 -0.0464137 -0.051207
internal_weight=80.9067 72.1387 58.568 54.9425 13.5707 12.9541
internal_count=672 627 488 436 139 137
is_linear=0
shrinkage=0.05


Tree=36
num_leaves=9
num_cat=0
split_feature=26 26 23 16 9 25 25 25
split_gain=8.68574 4.62 3.26655 3.25339 1.95201 1.91885 1.61042 0.752158
threshold=0.58434600000000014 0.89108700000000007 0.011952500000000003 0.050825000000000002 8.0568855000000017 0.98839550000000009 0.97848900000000005 0.99285450000000008
decision_type=2 2 8 8 10 2 2 2
left_child=-1 2 4 -4 -2 6 -3 -7
right_child=1 5 3 -5 -6 7 -8 -9
leaf_value=-0.048737062853896874 -0.042269156279872336 0 0.027099817460169581 -0.0024313938277252711 0.0062815217343061489 -0.018126242600983597 0.047581546601762337 0.017298243156130974
leaf_weight=6.9267338626086703 5.44730095937848 1.3985798843204964 9.9785782322287542 43.663461524993181 1.3000480830669401 1.8685242310166352 8.2357189357280713 1.0854107439517973
leaf_count=114 61 14 46 350 8 17 44 7
internal_value=-0.000355829 0.00478974 -0.000804835 0.00319642 -0.0304423 0.0306312 0.0402248 0
internal_weight=79.9044 72.9776 60.3894 53.642 6.74735 12.5882 9.6343 2.95393
internal_count=661 547 465 396 69 82 58 24
is_linear=0
shrinkage=0.05


Tree=37
num_leaves=8
num_cat=0
split_feature=4 22 5 23 2 3 15
split_gain=8.6028 9.27626 4.93185 5.80849 1.93432 1.90436 0.910993
threshold=1.0000000180025095e-35 0.071532000000000012 1.5000000000000002 0.49323350000000005 0.24264700000000003 1.0000000180025095e-35 0.50919800000000015
decision_type=10 8 10 10 8 10 10
left_child=1 5 3 -3 -4 6 -1
right_child=-2 2 4 -5 -6 -7 -8
leaf_value=-0.048828885230925628 0.043067073250076325 0.00094030794503307071 0.043457276519895449 -0.054586822230952514 0 0.0070458511132318177 0
leaf_weight=12.241611611098046 8.5165446251630765 44.726760096848011 7.2589668631553623 3.6663777455687514 2.9771110862493524 0.6067286431789406 0.59870526194572526
leaf_count=134 47 428 22 26 14 2 3
internal_value=-9.58568e-05 -0.00630981 0.00219693 -0.00428012 0.031582 -0.0415702 -0.0461075
internal_weight=80.5928 72.0763 58.6292 48.3931 10.2361 13.447 12.8403
internal_count=676 629 490 454 36 139 137
is_linear=0
shrinkage=0.05


Tree=38
num_leaves=7
num_cat=0
split_feature=26 4 2 23 21 15
split_gain=7.88457 6.06849 10.2273 4.78361 2.16817 0.0435445
threshold=0.58434600000000014 1.0000000180025095e-35 0.24264700000000003 1.0000000180025095e-35 0.13944250000000005 0.22672900000000004
decision_type=2 10 10 8 8 8
left_child=-1 2 3 -2 -4 -3
right_child=1 5 4 -5 -6 -7
leaf_value=-0.046534998758116272 -0.037224061134488194 0.045398298794994296 -0.047592211015738288 0.014747205825946189 0.002345757470680076 0
leaf_weight=6.1547034420073023 3.1843500658869734 7.5014223307371113 9.6311043873429263 50.248045824468136 1.3884353488683707 1.0102665349841125
leaf_count=109 29 41 102 370 6 7
internal_value=0.00141759 0.0066542 0.000618484 0.010263 -0.0397761 0.0429204
internal_weight=79.1183 72.9636 64.4519 53.4324 11.0195 8.51169
internal_count=664 555 507 399 108 48
is_linear=0
shrinkage=0.05


Tree=39
num_leaves=6
num_cat=0
split_feature=3 23 23 22 16
split_gain=10.3947 7.82997 5.75953 5.46504 1.0729
threshold=1.0000000180025095e-35 0.0048635000000000006 0.49323350000000005 0.043781000000000007 0.015936500000000003
decision_type=10 8 10 10 8
left_child=1 -1 3 -3 -4
right_child=-2 2 4 -5 -6
leaf_value=-0.047093741434110235 0.047242433781885675 -0.0082200572100905277 0 0.021547943114481945 -0.048346124535900259
leaf_weight=9.0021942704915983 8.4829973429441434 32.931231193244457 0.60985351353883643 25.674641706049442 5.2600973397493362
leaf_count=126 47 371 4 97 43
internal_value=-0.000375904 -0.00704199 -0.000127423 0.00461737 -0.0421899
internal_weight=81.961 73.478 64.4758 58.6059 5.86995
internal_count=688 641 515 468 47
is_linear=0
shrinkage=0.05


Tree=40
num_leaves=8
num_cat=0
split_feature=3 22 5 23 2 4 16
split_gain=7.50087 6.71081 6.1328 5.64607 3.50983 1.81605 2.25962
threshold=1.0000000180025095e-35 0.043781000000000007 1.5000000000000002 0.49323350000000005 0.21363650000000003 1.0000000180025095e-35 0.33786500000000003
decision_type=10 8 10 10 8 10 10
left_child=1 5 3 -3 -4 6 -1
right_child=-2 2 4 -5 -6 -7 -8
leaf_value=-0.054513694123493064 0.04214314864921799 -0.00041541343772555936 0.052265347258495 -0.053994173792514644 0 0.006754042415972771 0
leaf_weight=8.3502522855997032 7.696200117468833 45.823424886912107 6.4603857696056339 4.1550744585692874 4.9229608699679384 0.60312375426292497 1.5710870288312442
leaf_count=103 45 437 18 32 22 2 15
internal_value=-0.000109615 -0.00574282 0.000537425 -0.00679895 0.0317296 -0.0399376 -0.0454791
internal_weight=79.5825 71.8863 61.3618 49.9785 11.3833 10.5245 9.92134
internal_count=674 629 509 469 40 120 118
is_linear=0
shrinkage=0.05


Tree=41
num_leaves=9
num_cat=0
split_feature=26 3 22 25 0 16 26 16
split_gain=9.1309 3.92712 5.37824 3.46205 4.28194 3.19684 2.5263 2.0399
threshold=0.65427900000000017 1.0000000180025095e-35 0.056071000000000003 0.9906790000000002 1.0000000180025095e-35 0.33786500000000003 0.89108700000000007 0.13132400000000002
decision_type=2 10 8 2 8 10 2 10
left_child=3 2 5 4 7 -2 -4 -1
right_child=1 -3 6 -5 -6 -7 -8 -9
leaf_value=0.025809235952064403 -0.046098179047086248 0.041727009701847742 0.0049380005184426643 0.027143854820742483 -0.047190698498200609 0.014086179953341788 0.035356670110883101 -0.02439313367739343
leaf_weight=3.082704730331904 5.7259804382920256 7.7011698707938185 34.82285962626338 1.0838209874927986 13.248195353895424 1.571417838335037 8.2610244974493963 1.9605828225612638
leaf_count=12 53 47 269 6 212 8 53 15
internal_value=0.000970086 0.011221 0.0050045 -0.0271604 -0.0334546 -0.0301044 0.0123246 0.00135431
internal_weight=77.4578 58.0825 50.3813 19.3753 18.2915 7.2974 43.0839 5.04329
internal_count=675 430 383 245 239 61 322 27
is_linear=0
shrinkage=0.05


Tree=42
num_leaves=9
num_cat=0
split_feature=4 18 26 18 22 19 21 15
split_gain=7.51356 7.42353 5.64763 3.50029 3.20661 1.12075 0.227113 0.131729
threshold=1.0000000180025095e-35 0.13803650000000003 0.58434600000000014 0.044463000000000009 0.040699500000000007 0.031058000000000006 0.32636850000000006 0.23456350000000001
decision_type=10 8 2 10 8 10 8 8
left_child=1 3 -3 5 -4 -1 -5 -2
right_child=7 2 4 6 -6 -7 -8 -9
leaf_value=0.016131022770487464 0.044205366397723884 -0.042720525291470787 -0.027246118270406357 -0.053657688891033575 0.013420837582569997 -0.015856150877439305 0 0
leaf_weight=2.2747326157987136 7.1280081272125217 4.2554098144173613 3.6494202502071849 8.666266724467274 45.842805009335279 6.3022678308188915 1.0964267030358321 0.88471344113349992
leaf_count=14 44 82 39 81 371 50 7 6
internal_value=0 -0.00553335 0.00360566 -0.0318245 0.00921863 -0.00375346 -0.0504822 0.0416864
internal_weight=80.1001 72.0873 53.7476 18.3397 49.4922 8.577 9.76269 8.01272
internal_count=694 644 492 152 410 64 88 50
is_linear=0
shrinkage=0.05


Tree=43
num_leaves=8
num_cat=0
split_feature=3 22 18 18 16 21 25
split_gain=6.91097 6.37003 4.00089 5.12381 3.09571 2.16558 0.877208
threshold=1.0000000180025095e-35 0.043781000000000007 0.12758150000000004 0.21347650000000004 0.017958500000000002 0.074969000000000022 0.99306050000000012
decision_type=10 8 8 8 10 8 2
left_child=1 5 4 -4 -3 6 -1
right_child=-2 2 3 -5 -6 -7 -8
leaf_value=-0.049861050825588026 0.041608815498901164 0.018182104878693955 0.043753049933102979 0.00079502781499734664 -0.036064472249456067 0.0021680528009579182 0
leaf_weight=8.2941949218511528 7.8719135373830786 1.8385872803628434 7.1721850968897334 41.746316600590944 8.5881938599050027 1.5620326027274138 0.45165807008743364
leaf_count=124 51 8 26 406 57 8 2
internal_value=0.00102281 -0.00399317 0.00223014 0.00870348 -0.0233192 -0.0376714 -0.0465026
internal_weight=77.5251 69.6532 59.3453 48.9185 10.4268 10.3079 8.74585
internal_count=682 631 497 432 65 134 126
is_linear=0
shrinkage=0.05


Tree=44
num_leaves=5
num_cat=0
split_feature=4 2 26 16
split_gain=7.31327 7.05531 4.41963 3.69329
threshold=1.0000000180025095e-35 0.47222200000000009 0.58434600000000014 0.39276450000000002
decision_type=10 10 2 10
left_child=1 2 -1 -4
right_child=-2 -3 3 -5
leaf_value=-0.041952636015664749 0.043958145247805044 -0.046859263102603736 0.0086787388753416794 -0.037200442539383115
leaf_weight=3.9597939997911444 7.1093804687261573 7.2703497409820548 55.47092030569911 3.1325119361281386
leaf_count=74 46 111 419 21
internal_value=0.00013426 -0.00480728 0.000672016 0.00494322
internal_weight=76.943 69.8336 62.5632 58.6034
internal_count=671 625 514 440
is_linear=0
shrinkage=0.05


Tree=45
num_leaves=7
num_cat=0
split_feature=26 4 21 5 0 15
split_gain=6.57264 5.17102 9.01527 6.5869 2.92839 0.165194
threshold=0.58642000000000005 1.0000000180025095e-35 0.092367000000000019 1.0000000180025095e-35 1.0000000180025095e-35 0.24009500000000003
decision_type=2 10 8 10 10 10
left_child=-1 2 4 -4 -2 -3
right_child=1 5 3 -5 -6 -7
leaf_value=-0.045050058123051621 0 0.042856910478433992 -0.00049184504475704494 0.038925685167099974 -0.04494003955683637 0
leaf_weight=5.877241786569356 3.8078863918781254 6.5576974973082534 37.778397865593433 12.600037977099417 10.855205181986094 0.84090318903326977
leaf_count=119 18 44 347 44 116 6
internal_value=0 0.00444276 -6.46622e-05 0.00972533 -0.0330282 0.0402087
internal_weight=78.3174 72.4401 65.0415 50.3784 14.6631 7.3986
internal_count=694 575 525 391 134 50
is_linear=0
shrinkage=0.05


Tree=46
num_leaves=6
num_cat=0
split_feature=26 3 23 23 16
split_gain=5.93633 4.6086 5.1828 5.39728 0.0544797
threshold=0.58434600000000014 1.0000000180025095e-35 0.0048635000000000006 0.46812750000000009 0.24056850000000002
decision_type=2 10 8 10 10
left_child=-1 2 -2 -4 -3
right_child=1 4 3 -5 -6
leaf_value=-0.043993077829303458 -0.041685095728927896 0.041713976299216388 0.0097365097764814633 -0.035595738424649269 0
leaf_weight=5.5665270648896685 5.3486872762441626 5.8684572875499716 54.016487520188093 5.8297035098075858 0.86929481849074353
leaf_count=115 78 41 409 44 6
internal_value=0 0.00398195 -8.78264e-05 0.00415072 0.0392416
internal_weight=77.4992 71.9326 65.1949 59.8462 6.73775
internal_count=693 578 531 453 47
is_linear=0
shrinkage=0.05


Tree=47
num_leaves=10
num_cat=0
split_feature=26 25 3 22 16 0 16 16 18
split_gain=5.6838 3.36742 3.1524 5.16859 2.87467 1.83309 1.6221 1.37773 0.166009
threshold=0.65427900000000017 0.9906790000000002 1.0000000180025095e-35 0.071532000000000012 0.42430950000000006 1.0000000180025095e-35 0.33786500000000003 0.13132400000000002 0.36244800000000005
decision_type=2 2 10 8 10 8 10 10 10
left_child=1 5 3 6 -5 7 -2 -1 -4
right_child=2 -3 8 4 -6 -7 -8 -9 -10
leaf_value=0.017663260234225691 -0.042544961390343146 0.02413045317595143 0.040527426347847326 0.013545268631984707 -0.02887061514610233 -0.041621324490377781 0.0019628428123870303 -0.024960471971543122 0
leaf_weight=2.4534048065543184 5.7398486025631419 1.5378004722297181 5.4585425332188597 41.713428027927876 2.6705060824751845 11.171967592090368 1.2652705200016496 2.0486691370606422 0.77756903693079937
leaf_count=10 61 8 40 310 15 192 9 17 5
internal_value=0 -0.023935 0.00768274 0.00259678 0.00958794 -0.0318021 -0.0326381 0 0.0377324
internal_weight=74.837 17.2118 57.6252 51.3891 44.3839 15.674 7.00512 4.50207 6.23611
internal_count=667 227 440 395 325 219 70 27 45
is_linear=0
shrinkage=0.05


Tree=48
num_leaves=6
num_cat=0
split_feature=26 2 9 25 20
split_gain=5.05694 3.23921 3.11426 3.09366 2.56114
threshold=0.58434600000000014 0.47222200000000009 8.6460765000000013 0.9562265000000002 0.27958850000000007
decision_type=2 10 10 2 8
left_child=-1 3 -3 -2 -5
right_child=1 2 -4 4 -6
leaf_value=-0.041616128176066428 -0.03592400830417266 -0.042078751122257153 0.018656779012247954 0.021537323580079967 0.00065412756136059213
leaf_weight=4.8891355432569972 2.0246883668005458 5.0829501673579207 1.4139163121581075 29.538630221039057 32.975635472685099
leaf_count=106 28 74 11 143 314
internal_value=0.000657287 0.0047119 -0.0247144 0.00854677 0.0111856
internal_weight=75.925 71.0358 6.49687 64.539 62.5143
internal_count=676 570 85 485 457
is_linear=0
shrinkage=0.05


Tree=49
num_leaves=7
num_cat=0
split_feature=26 3 2 16 5 15
split_gain=4.83897 3.80783 6.01244 3.37886 2.59447 0.249924
threshold=0.58434600000000014 1.0000000180025095e-35 0.24264700000000003 0.42430950000000006 4.5000000000000009 0.24009500000000003
decision_type=2 10 10 10 8 10
left_child=-1 2 3 -2 -4 -3
right_child=1 5 4 -5 -6 -7
leaf_value=-0.041401016540606787 0.010429381115829996 0.040154053992378702 -0.046966667436744845 -0.033049410871311323 0.0023968640101954229 0
leaf_weight=4.9780969060957423 49.908628728240728 5.4079838246107093 7.1990405507385704 3.2257252410054198 2.3178125023841867 0.75080509856343258
leaf_count=113 394 42 96 20 11 6
internal_value=0 0.00375938 0 0.00649734 -0.0339856 0.03705
internal_weight=73.7881 68.81 62.6512 53.1344 9.51685 6.15879
internal_count=682 569 521 414 107 48
is_linear=0
shrinkage=0.05


Tree=50
num_leaves=6
num_cat=0
split_feature=26 4 2 5 15
split_gain=5.1751 4.12824 4.7807 3.59996 0.204086
threshold=0.58434600000000014 1.0000000180025095e-35 0.47222200000000009 1.5000000000000002 0.23456350000000001
decision_type=2 10 10 10 10
left_child=-1 2 3 -2 -3
right_child=1 4 -4 -5 -6
leaf_value=-0.041304096027768501 -0.00091643885711562847 0.041442211968328493 -0.041408395097559475 0.027570453519647899 0
leaf_weight=4.9441700167953959 46.790677148848772 5.9904227480292311 4.532103043049573 12.435545258224009 0.79364600405096997
leaf_count=117 406 45 74 47 6
internal_value=0.00121989 0.00534527 0.000615617 0.00518646 0.0386177
internal_weight=75.4866 70.5424 63.7583 59.2262 6.78407
internal_count=695 578 527 453 51
is_linear=0
shrinkage=0.05


Tree=51
num_leaves=8
num_cat=0
split_feature=26 3 15 2 21 21 22
split_gain=7.52187 3.26115 3.49768 3.88778 2.46058 0.461917 0.0666414
threshold=0.89931700000000003 1.0000000180025095e-35 0.12203800000000002 0.21363650000000003 0.33880650000000007 0.0023540000000000006 0.075102000000000016
decision_type=2 10 8 8 10 8 8
left_child=1 2 4 -4 -1 -2 -7
right_child=5 -3 3 -5 -6 6 -8
leaf_value=-0.038530900424364238 0 0.029518165097583062 0.014814738173472373 -0.014736174421371344 0.0080316747833134774 0 0.042368914868670476
leaf_weight=12.809779968112705 0.93936242163181027 3.7790062837302676 16.711527243256569 26.178306393325329 1.9347903132438649 0.98026760295033355 7.8713605552911767
leaf_count=138 13 28 76 343 8 8 51
internal_value=-0.000174233 -0.00724851 -0.0107696 -0.00254728 -0.0307045 0.0370526 0.0401128
internal_weight=71.2044 61.4134 57.6344 42.8898 14.7446 9.79099 8.85163
internal_count=665 593 565 419 146 72 59
is_linear=0
shrinkage=0.05


Tree=52
num_leaves=7
num_cat=0
split_feature=4 2 5 23 21 18
split_gain=4.27672 6.09945 3.91218 5.44076 1.77042 0.287756
threshold=1.0000000180025095e-35 0.47222200000000009 1.5000000000000002 0.46812750000000009 0.041201000000000008 0.16007400000000002
decision_type=10 10 10 10 10 10
left_child=1 2 3 -1 -4 -2
right_child=5 -3 4 -5 -6 -7
leaf_value=0.001586159084292469 0.040316546028507337 -0.044416498282838959 -0.0075687426599071635 -0.051842766742495189 0.034012350886577607 0
leaf_weight=47.329252105206251 5.4400761201977721 6.1562971659004679 1.4939675405621518 3.7147467993199816 10.552335381507872 0.74317737668752659
leaf_count=452 42 116 9 30 37 7
internal_value=0.001484 -0.00205938 0.00262225 -0.00319534 0.0267429 0.0370752
internal_weight=75.4299 69.2466 63.0903 51.044 12.0463 6.18325
internal_count=693 644 528 482 46 49
is_linear=0
shrinkage=0.05


Tree=53
num_leaves=9
num_cat=0
split_feature=23 23 20 15 4 2 19 7
split_gain=4.63363 4.41036 5.29205 3.30739 2.47682 2.14416 0.515223 0.527454
threshold=0.49323350000000005 1.0000000180025095e-35 0.13892300000000005 0.3458750000000001 1.0000000180025095e-35 0.24264700000000003 0.40930900000000003 16.460344500000001
decision_type=10 8 8 10 10 8 10 10
left_child=1 4 5 -4 -1 -3 7 -2
right_child=6 2 3 -5 -6 -7 -8 -9
leaf_value=-0.041857136147767302 -0.048767993028052188 0.043593935660150879 -0.004510777154320432 0.039208500094860932 0.013980268099350318 0 0 0
leaf_weight=5.9573419634252778 4.034724246710538 10.742290757596489 42.963421892374754 3.2900496274232855 1.0832967981696127 5.1663609594106683 0.63787419348955143 0.70238611102104176
leaf_count=114 42 41 437 11 9 36 4 6
internal_value=0 0.00381208 0.0085695 0 -0.0293922 0.0320706 -0.0391856 -0.0435783
internal_weight=74.5777 69.2028 62.1621 46.2535 7.04064 15.9087 5.37498 4.73711
internal_count=700 648 525 448 123 77 52 48
is_linear=0
shrinkage=0.05


Tree=54
num_leaves=11
num_cat=0
split_feature=5 4 15 18 2 20 15 7 24 18
split_gain=4.82443 3.62527 6.64218 4.05498 3.25411 2.28741 1.8401 0.977788 0.604577 0.167873
threshold=1.5000000000000002 1.0000000180025095e-35 0.3458750000000001 0.5574205000000001 0.47222200000000009 0.051477500000000009 0.014829 17.222693000000003 0.051812500000000004 0.16007400000000002
decision_type=10 10 8 10 10 10 10 10 10 10
left_child=1 2 3 -1 6 -4 -2 -6 -8 -3
right_child=4 9 5 -5 7 -7 8 -9 -10 -11
leaf_value=-0.041671492601192114 -0.0094357664026883288 0.033923625159384629 -0.0031586824153048963 0.015770928900513122 -0.028497268657171473 0.028341042403860012 0.0037550567697892685 0.0093640738661657751 0.046787026423713934 0
leaf_weight=16.770210208371285 0.67489568889140983 3.4834827557206145 26.250015877187256 2.1776795461773863 2.1564058624207969 5.560684595257043 2.6345698311924926 0.8395399972796439 8.9831415787339193 0.73043912276625622
leaf_count=176 4 28 332 11 23 29 12 7 35 6
internal_value=0.000161236 -0.00649198 -0.0108287 -0.0331744 0.0240157 0.00262539 0.0351985 -0.0127426 0.0404797 0.0305
internal_weight=70.2611 54.9725 50.7586 18.9479 15.2886 31.8107 12.2926 2.99595 11.6177 4.21392
internal_count=663 582 548 187 81 361 51 30 47 34
is_linear=0
shrinkage=0.05


Tree=55
num_leaves=11
num_cat=0
split_feature=25 2 5 23 4 21 4 26 21 26
split_gain=4.98548 3.06402 3.3429 3.79646 3.09962 2.61715 1.26997 0.59949 0.471041 0.0677517
threshold=0.96605450000000015 0.47222200000000009 1.5000000000000002 0.49323350000000005 1.0000000180025095e-35 0.026739500000000003 2.5000000000000004 0.8103935000000001 0.26930300000000001 0.84843550000000012
decision_type=2 10 10 10 10 10 10 2 10 2
left_child=6 2 3 -2 -3 -4 7 8 -1 -9
right_child=1 4 5 -5 -6 -7 -8 9 -10 -11
leaf_value=-0.039180721222718019 0.010307112458453952 -0.040331541280431579 -0.014020617418796047 -0.039163525802992302 0.020329673649009436 0.043354480041866698 0.0075728877785477032 0.0054478729653578452 0 -0.0067449517199331998
leaf_weight=7.4432093836367095 42.67827520892024 4.3819402065128079 0.91047278791665931 2.6323023438453665 1.5240402817726133 10.630979835987089 0.73979287594556886 0.71089961379766442 0.51468276232480992 0.78074757382273674
leaf_count=129 376 82 8 22 12 39 5 4 3 9
internal_value=0.00341156 0.00910238 0.0130356 0.0057362 -0.0203552 0.0358193 -0.0261708 -0.0317713 -0.0364291 0
internal_weight=72.9473 62.758 56.852 45.3106 5.90598 11.5415 10.1893 9.44954 7.95789 1.49165
internal_count=689 539 445 398 94 47 150 145 132 13
is_linear=0
shrinkage=0.05


Tree=56
num_leaves=7
num_cat=0
split_feature=3 23 25 17 4 19
split_gain=4.22051 4.4063 2.468 2.28034 0.810112 0.118122
threshold=1.0000000180025095e-35 0.0066885000000000009 0.9562265000000002 0.11560000000000002 1.0000000180025095e-35 0.19325150000000005
decision_type=10 8 2 8 10 10
left_child=1 4 -3 -4 -1 -2
right_child=5 2 3 -5 -6 -7
leaf_value=-0.043094826473133674 0.038489047298394106 -0.03709418017616059 -0.015427991946958458 0.008400148796093734 0 0
leaf_weight=6.2253689728677264 4.941188119351863 2.6067814361304036 10.910928651690481 44.784271784126759 0.29208528995513905 0.77251172810792912
leaf_count=123 43 53 62 394 1 5
internal_value=-0.000153537 -0.00443805 0 0.00301282 -0.0392033 0.0358026
internal_weight=70.5331 64.8194 58.302 55.6952 6.51745 5.7137
internal_count=681 633 509 456 124 48
is_linear=0
shrinkage=0.05


Tree=57
num_leaves=11
num_cat=0
split_feature=25 26 2 26 26 25 25 2 18 23
split_gain=4.53434 3.04267 2.942 2.18872 2.70541 2.14879 1.67408 1.539 1.56286 1.1115
threshold=0.97617350000000014 0.82311050000000019 0.24264700000000003 0.77323050000000004 0.70887750000000016 0.98160350000000007 0.98839550000000009 0.048809500000000013 0.21347650000000004 0.47808800000000007
decision_type=2 2 8 2 2 2 2 10 10 10
left_child=2 3 7 4 -2 -5 9 8 -1 -3
right_child=1 6 -4 5 -6 -7 -8 -9 -10 -11
leaf_value=0.0040649504827411122 -0.0049216384273118368 0.037953856805939004 -0.029341516519811872 0.0065757132292362415 0.028209994661167637 -0.041158851913732149 0 0.025154588873649648 -0.03200976567470664 0
leaf_weight=5.9223668240010756 13.602433683350688 11.859922304749489 14.75967971421778 2.1435461379587641 8.1588283311575633 4.0472957734018564 3.5838082507252684 3.5023236796259871 2.8772863745689392 0.99457589536905366
leaf_count=39 131 82 246 15 58 42 36 15 21 5
internal_value=2.67183e-05 0.0100924 -0.0152721 0 0.00744357 -0.0233214 0.0261653 0.00115107 -0.0082473 0.033869
internal_weight=71.4521 44.3904 27.0617 27.9521 21.7613 6.19084 16.4383 12.302 8.79965 12.8545
internal_count=690 369 321 246 189 57 123 75 60 87
is_linear=0
shrinkage=0.05


Tree=58
num_leaves=8
num_cat=0
split_feature=4 22 18 16 18 15 18
split_gain=4.22292 5.6493 4.6344 3.11107 3.02194 0.950487 0.508168
threshold=1.0000000180025095e-35 0.043781000000000007 0.12758150000000004 0.42430950000000006 0.030547500000000002 0.69267150000000011 0.65323050000000016
decision_type=10 8 10 8 10 10 10
left_child=1 5 4 -4 -3 6 -1
right_child=-2 2 3 -5 -6 -7 -8
leaf_value=-0.048059290355425235 0.038863937235703278 -4.7018799454701958e-05 0.028416769764844269 -0.020608127062568656 -0.035938933357300078 0 0
leaf_weight=6.3705508802086106 5.0620734170079222 30.223546460270882 17.831743866205219 2.1540314257144919 6.2433967404067507 0.31268233060836781 0.26081157661974419
leaf_count=119 44 359 77 14 50 1 3
internal_value=0.000342952 -0.00317482 0.00205792 0.0208995 -0.00802754 -0.0414846 -0.0456002
internal_weight=68.4588 63.3968 56.4527 19.9858 36.4669 6.94404 6.63136
internal_count=667 623 500 91 409 123 122
is_linear=0
shrinkage=0.05


Tree=59
num_leaves=7
num_cat=0
split_feature=4 2 5 15 18 15
split_gain=3.90145 3.76707 4.10786 3.56749 1.98023 0.295858
threshold=1.0000000180025095e-35 0.47222200000000009 1.5000000000000002 0.3458750000000001 0.14583600000000002 0.23456350000000001
decision_type=10 10 10 8 10 10
left_child=1 2 3 -1 -4 -2
right_child=5 -3 4 -5 -6 -7
leaf_value=-0.02668654213104233 0.037754794915012678 -0.041205123128079883 0 0.001075915375121961 0.041024861314421464 0
leaf_weight=15.087306426838039 4.6771465688943854 5.0767625160515299 5.6066501513123495 32.818767391145229 5.8216080293059349 0.66587759181857098
leaf_count=102 41 114 26 374 21 6
internal_value=-0.00116601 -0.00520416 -0.00077285 -0.00770621 0.0238793 0.0343312
internal_weight=69.7541 64.4111 59.3343 47.9061 11.4283 5.34302
internal_count=684 637 523 476 47 47
is_linear=0
shrinkage=0.05


end of trees

feature_importances:
reranker_score_gte_multilingual_reranker_base=42
max_category_share_percentile_gap_abs=39
shared_description_count_capped=37
embedding_cosine_gte_multilingual_base=37
repeated_title_share_percentile_gap_abs=35
profile_category_jaccard=30
shared_title_count_capped=25
shared_category_count_capped=20
price_median_percentile_gap_abs=20
item_count_percentile_gap_abs=18
description_length_median_percentile_gap_abs=18
repeated_description_share_percentile_gap_abs=16
punct_ratio_mean_percentile_gap_abs=7
shared_description_idf_mean=6
same_market_raw_bool=5
shared_description_idf_sum=3
title_length_median_percentile_gap_abs=3
digit_ratio_mean_percentile_gap_abs=3
uppercase_ratio_mean_percentile_gap_abs=2

parameters:
[boosting: gbdt]
[objective: binary]
[metric: binary_logloss,auc]
[tree_learner: serial]
[device_type: cpu]
[data_sample_strategy: bagging]
[data: ]
[valid: ]
[num_iterations: 500]
[learning_rate: 0.05]
[num_leaves: 11]
[num_threads: 0]
[seed: 20260311]
[deterministic: 1]
[force_col_wise: 1]
[force_row_wise: 0]
[histogram_pool_size: -1]
[max_depth: 4]
[min_data_in_leaf: 6]
[min_sum_hessian_in_leaf: 0.001]
[bagging_fraction: 0.85]
[pos_bagging_fraction: 1]
[neg_bagging_fraction: 1]
[bagging_freq: 1]
[bagging_seed: 20260311]
[bagging_by_query: 0]
[feature_fraction: 0.85]
[feature_fraction_bynode: 1]
[feature_fraction_seed: 20260311]
[extra_trees: 0]
[extra_seed: 8410]
[early_stopping_round: 0]
[early_stopping_min_delta: 0]
[first_metric_only: 0]
[max_delta_step: 0]
[lambda_l1: 0.5]
[lambda_l2: 1.5]
[linear_lambda: 0]
[min_gain_to_split: 0.02]
[drop_rate: 0.1]
[max_drop: 50]
[skip_drop: 0.5]
[xgboost_dart_mode: 0]
[uniform_drop: 0]
[drop_seed: 22484]
[top_rate: 0.2]
[other_rate: 0.1]
[min_data_per_group: 100]
[max_cat_threshold: 32]
[cat_l2: 10]
[cat_smooth: 10]
[max_cat_to_onehot: 4]
[top_k: 20]
[monotone_constraints: ]
[monotone_constraints_method: basic]
[monotone_penalty: 0]
[feature_contri: ]
[forcedsplits_filename: ]
[refit_decay_rate: 0.9]
[cegb_tradeoff: 1]
[cegb_penalty_split: 0]
[cegb_penalty_feature_lazy: ]
[cegb_penalty_feature_coupled: ]
[path_smooth: 0]
[interaction_constraints: ]
[verbosity: -1]
[saved_feature_importance_type: 0]
[use_quantized_grad: 0]
[num_grad_quant_bins: 4]
[quant_train_renew_leaf: 0]
[stochastic_rounding: 1]
[linear_tree: 0]
[max_bin: 255]
[max_bin_by_feature: ]
[min_data_in_bin: 3]
[bin_construct_sample_cnt: 200000]
[data_random_seed: 20260311]
[is_enable_sparse: 1]
[enable_bundle: 1]
[use_missing: 1]
[zero_as_missing: 0]
[feature_pre_filter: 1]
[pre_partition: 0]
[two_round: 0]
[header: 0]
[label_column: ]
[weight_column: ]
[group_column: ]
[ignore_column: ]
[categorical_feature: ]
[forcedbins_filename: ]
[precise_float_parser: 0]
[parser_config_file: ]
[objective_seed: 16170]
[num_class: 1]
[is_unbalance: 0]
[scale_pos_weight: 1]
[sigmoid: 1]
[boost_from_average: 1]
[reg_sqrt: 0]
[alpha: 0.9]
[fair_c: 1]
[poisson_max_delta_step: 0.7]
[tweedie_variance_power: 1.5]
[lambdarank_truncation_level: 30]
[lambdarank_norm: 1]
[label_gain: ]
[lambdarank_position_bias_regularization: 0]
[eval_at: ]
[multi_error_top_k: 1]
[auc_mu_weights: ]
[num_machines: 1]
[local_listen_port: 12400]
[time_out: 120]
[machine_list_filename: ]
[machines: ]
[gpu_platform_id: -1]
[gpu_device_id: -1]
[gpu_use_dp: 0]
[num_gpu: 1]

end of parameters

pandas_categorical:null
