experiment_name,pair_uid,data_bucket,split_name,review_label,y_true,prob_positive,pred_positive,review_stratum,source_seller_raw_left,source_seller_raw_right
core_few_shot_bge_m3_lr_l2_100pct_seed_20260321_fixed_base_threshold,market_item.xlsx|Lime|seller_raw:Benzopharma||market_item.xlsx|agartha market|seller_raw:vinicius12,en_content_train_pool,test,positive,1,0.680085,1,identifier_primary,Benzopharma,vinicius12
core_few_shot_bge_m3_lr_l2_100pct_seed_20260321_fixed_base_threshold,market_item.xlsx|silk road 3.1|seller_raw:Redstevens07||market_item.xlsx|silk road 3.1|seller_raw:maskmark,en_content_train_pool,test,positive,1,0.546603,1,identifier_primary,Redstevens07,maskmark
core_few_shot_bge_m3_lr_l2_100pct_seed_20260321_fixed_base_threshold,market_item.xlsx|versus market|seller_raw:melvinbankz||market_item.xlsx|vice city|seller_raw:Fraudbuddy,en_content_train_pool,test,negative,0,0.624479,1,semantic_only,melvinbankz,Fraudbuddy
core_few_shot_bge_m3_lr_l2_100pct_seed_20260321_fixed_base_threshold,market_item.xlsx|silk road 3.1|seller_raw:doctorweed83||market_item.xlsx|silk road 3.1|seller_raw:samuellance33,en_content_train_pool,test,negative,0,0.689715,1,semantic_only,doctorweed83,samuellance33
core_few_shot_bge_m3_lr_l2_100pct_seed_20260321_fixed_base_threshold,market_item.xlsx|silk road 3.1|seller_raw:vatsal||market_item.xlsx|silk road 3.1|seller_raw:vatsalmedsgmailcom,en_content_train_pool,test,positive,1,0.164345,0,identifier_primary,vatsal,vatsalmedsgmailcom
core_few_shot_bge_m3_lr_l2_100pct_seed_20260321_fixed_base_threshold,market_item.xlsx|agartha market|seller_raw:inlandpro||market_item.xlsx|agartha market|seller_raw:mert,en_content_train_pool,test,positive,1,0.660898,1,identifier_primary,inlandpro,mert
core_few_shot_bge_m3_lr_l2_100pct_seed_20260321_fixed_base_threshold,market_item.xlsx|Lime|seller_raw:dongreenplug||market_item.xlsx|Lime|seller_raw:thimoty99,en_content_train_pool,test,positive,1,0.999143,1,identifier_plus_text,dongreenplug,thimoty99
core_few_shot_bge_m3_lr_l2_100pct_seed_20260321_fixed_base_threshold,market_item.xlsx|silk road 3.1|seller_raw:Pfizer||market_item.xlsx|silk road 3.1|seller_raw:kennedybrown,en_content_train_pool,test,positive,1,0.986913,1,identifier_plus_text,Pfizer,kennedybrown
core_few_shot_bge_m3_lr_l2_100pct_seed_20260321_fixed_base_threshold,market_item.xlsx|darkfox market|seller_raw:ddprovider||market_item.xlsx|vice city|seller_raw:Lordsheng,en_content_train_pool,test,negative,0,0.551627,1,identifier_primary,ddprovider,Lordsheng
core_few_shot_bge_m3_lr_l2_100pct_seed_20260321_fixed_base_threshold,market_item.xlsx|Cartel|seller_raw:dddprovider||market_item.xlsx|tor2door market|seller_raw:ddprovider,en_content_train_pool,test,positive,1,0.987201,1,identifier_plus_text,dddprovider,ddprovider
core_few_shot_bge_m3_lr_l2_100pct_seed_20260321_fixed_base_threshold,market_item.xlsx|Lime|seller_raw:Santiago||market_item.xlsx|agartha market|seller_raw:Hathacker,en_content_train_pool,test,positive,1,0.941798,1,identifier_plus_text,Santiago,Hathacker
core_few_shot_bge_m3_lr_l2_100pct_seed_20260321_fixed_base_threshold,market_item.xlsx|cypher market|seller_raw:NightlifeKings||market_item.xlsx|versus market|seller_raw:AmphetamineCowboys,en_content_train_pool,test,positive,1,0.999639,1,text_clone_primary,NightlifeKings,AmphetamineCowboys
core_few_shot_bge_m3_lr_l2_100pct_seed_20260321_fixed_base_threshold,market_item.xlsx|agartha market|seller_raw:Lucky7||market_item.xlsx|apollon market|seller_raw:DonkeyKong54 (100%),en_content_train_pool,test,negative,0,0.410535,0,semantic_only,Lucky7,DonkeyKong54 (100%)
core_few_shot_bge_m3_lr_l2_100pct_seed_20260321_fixed_base_threshold,market_item.xlsx|Cartel|seller_raw:dddprovider||market_item.xlsx|dark0de|seller_raw:lordsheng,en_content_train_pool,test,negative,0,0.508177,1,identifier_primary,dddprovider,lordsheng
core_few_shot_bge_m3_lr_l2_100pct_seed_20260321_fixed_base_threshold,market_item.xlsx|dark0de|seller_raw:nightlifekings||market_item.xlsx|tor2door market|seller_raw:NightlifeKing,en_content_train_pool,test,positive,1,0.999783,1,text_clone_primary,nightlifekings,NightlifeKing
core_few_shot_bge_m3_lr_l2_100pct_seed_20260321_fixed_base_threshold,market_item.xlsx|Lime|seller_raw:johnstone||market_item.xlsx|agartha market|seller_raw:johnstone14,en_content_train_pool,test,positive,1,0.912214,1,identifier_plus_text,johnstone,johnstone14
core_few_shot_bge_m3_lr_l2_100pct_seed_20260321_fixed_base_threshold,market_item.xlsx|tor2door market|seller_raw:NightlifeKing||market_item.xlsx|vice city|seller_raw:NightlifeKings,en_content_train_pool,test,positive,1,0.999183,1,text_clone_primary,NightlifeKing,NightlifeKings
core_few_shot_bge_m3_lr_l2_100pct_seed_20260321_fixed_base_threshold,market_item.xlsx|silk road 3.1|seller_raw:Counterfeitking2013||market_item.xlsx|silk road 3.1|seller_raw:iselluk,en_content_train_pool,test,positive,1,0.008738,0,identifier_primary,Counterfeitking2013,iselluk
core_few_shot_bge_m3_lr_l2_100pct_seed_20260321_fixed_base_threshold,market_item.xlsx|apollon market|seller_raw:NightlifeKings (99%)||market_item.xlsx|tor2door market|seller_raw:NightlifeKing,en_content_train_pool,test,positive,1,0.99926,1,text_clone_primary,NightlifeKings (99%),NightlifeKing
core_few_shot_bge_m3_lr_l2_100pct_seed_20260321_fixed_base_threshold,market_item.xlsx|Cartel|seller_raw:bestgroup||market_item.xlsx|dark0de|seller_raw:monsterlabstore,en_content_train_pool,test,positive,1,0.994963,1,text_clone_primary,bestgroup,monsterlabstore
core_few_shot_bge_m3_lr_l2_100pct_seed_20260321_fixed_base_threshold,market_item.xlsx|silk road 3.1|seller_raw:BECKYAMANPOUR||market_item.xlsx|silk road 3.1|seller_raw:Nickybeverly110,en_content_train_pool,test,positive,1,0.868758,1,identifier_plus_text,BECKYAMANPOUR,Nickybeverly110
core_few_shot_bge_m3_lr_l2_100pct_seed_20260321_fixed_base_threshold,market_item.xlsx|silk road 3.1|seller_raw:Underground1231||market_item.xlsx|silk road 3.1|seller_raw:der3313,en_content_train_pool,test,negative,0,0.042737,0,semantic_only,Underground1231,der3313
core_few_shot_bge_m3_lr_l2_100pct_seed_20260321_fixed_base_threshold,market_item.xlsx|silk road 3.1|seller_raw:samuellance33||market_item.xlsx|silk road 3.1|seller_raw:subway44,en_content_train_pool,test,positive,1,0.397291,0,identifier_primary,samuellance33,subway44
core_few_shot_bge_m3_lr_l2_100pct_seed_20260321_fixed_base_threshold,market_item.xlsx|tor2door market|seller_raw:MickeyMouseNL||market_item.xlsx|vice city|seller_raw:MickeyMouseNLL,en_content_train_pool,test,positive,1,0.998578,1,text_clone_primary,MickeyMouseNL,MickeyMouseNLL
core_few_shot_bge_m3_lr_l2_100pct_seed_20260321_fixed_base_threshold,market_item.xlsx|silk road 3.1|seller_raw:XREGORK||market_item.xlsx|silk road 3.1|seller_raw:kkarolekk12,en_content_train_pool,test,negative,0,0.215673,0,semantic_only,XREGORK,kkarolekk12
core_few_shot_bge_m3_lr_l2_100pct_seed_20260321_fixed_base_threshold,market_item.xlsx|silk road 3.1|seller_raw:Buytheworld||market_item.xlsx|silk road 3.1|seller_raw:Kingdope,en_content_train_pool,test,positive,1,0.296389,0,identifier_primary,Buytheworld,Kingdope
core_few_shot_bge_m3_lr_l2_100pct_seed_20260321_fixed_base_threshold,market_item.xlsx|silk road 3.1|seller_raw:Counterfeitnotes||market_item.xlsx|silk road 3.1|seller_raw:Kingdope,en_content_train_pool,test,positive,1,0.106449,0,identifier_primary,Counterfeitnotes,Kingdope
core_few_shot_bge_m3_lr_l2_100pct_seed_20260321_fixed_base_threshold,market_item.xlsx|dark0de|seller_raw:fedex||market_item.xlsx|silk road 3.1|seller_raw:RS7,en_content_train_pool,test,negative,0,0.247047,0,semantic_only,fedex,RS7
core_few_shot_bge_m3_lr_l2_100pct_seed_20260321_fixed_base_threshold,market_item.xlsx|silk road 3.1|seller_raw:doctor77||market_item.xlsx|silk road 3.1|seller_raw:dope903,en_content_train_pool,test,positive,1,0.326292,0,identifier_primary,doctor77,dope903
core_few_shot_bge_m3_lr_l2_100pct_seed_20260321_fixed_base_threshold,market_item.xlsx|dark0de|seller_raw:dddprovider||market_item.xlsx|versus market|seller_raw:ddprovider,en_content_train_pool,test,negative,0,0.456868,0,semantic_only,dddprovider,ddprovider
core_few_shot_bge_m3_lr_l2_100pct_seed_20260321_fixed_base_threshold,market_item.xlsx|agartha market|seller_raw:Expediteshop||market_item.xlsx|agartha market|seller_raw:massiveshop,en_content_train_pool,test,positive,1,0.998786,1,identifier_plus_text,Expediteshop,massiveshop
core_few_shot_bge_m3_lr_l2_100pct_seed_20260321_fixed_base_threshold,market_item.xlsx|agartha market|seller_raw:biomed||market_item.xlsx|agartha market|seller_raw:massiveshop,en_content_train_pool,test,positive,1,0.992875,1,identifier_plus_text,biomed,massiveshop
core_few_shot_bge_m3_lr_l2_100pct_seed_20260321_fixed_base_threshold,market_item.xlsx|Cartel|seller_raw:Muankum12||market_item.xlsx|darkfox market|seller_raw:ThaKingDadpop,en_content_train_pool,test,positive,1,0.999542,1,text_clone_primary,Muankum12,ThaKingDadpop
core_few_shot_bge_m3_lr_l2_100pct_seed_20260321_fixed_base_threshold,market_item.xlsx|versus market|seller_raw:fraudbuddy||market_item.xlsx|versus market|seller_raw:melvinbankz,en_content_train_pool,test,negative,0,0.480185,0,semantic_structural,fraudbuddy,melvinbankz
core_few_shot_bge_m3_lr_l2_100pct_seed_20260321_fixed_base_threshold,market_item.xlsx|silk road 3.1|seller_raw:Stackx||market_item.xlsx|silk road 3.1|seller_raw:kkarolekk12,en_content_train_pool,test,negative,0,0.472639,0,semantic_structural,Stackx,kkarolekk12
core_few_shot_bge_m3_lr_l2_100pct_seed_20260321_fixed_base_threshold,market_item.xlsx|Lime|seller_raw:Hackman4all||market_item.xlsx|agartha market|seller_raw:blackhathacker,en_content_train_pool,test,positive,1,0.898551,1,identifier_plus_text,Hackman4all,blackhathacker
core_few_shot_bge_m3_lr_l2_100pct_seed_20260321_fixed_base_threshold,market_item.xlsx|Lime|seller_raw:Mrking||market_item.xlsx|darkfox market|seller_raw:Namara44,en_content_train_pool,test,positive,1,0.821073,1,identifier_plus_text,Mrking,Namara44
core_few_shot_bge_m3_lr_l2_100pct_seed_20260321_fixed_base_threshold,market_item.xlsx|vice city|seller_raw:FedEx||market_item.xlsx|vice city|seller_raw:KitKat,en_content_train_pool,test,negative,0,0.420954,0,semantic_only,FedEx,KitKat
core_few_shot_bge_m3_lr_l2_100pct_seed_20260321_fixed_base_threshold,market_item.xlsx|silk road 3.1|seller_raw:kidney||market_item.xlsx|silk road 3.1|seller_raw:vagi,en_content_train_pool,test,positive,1,0.885751,1,identifier_plus_text,kidney,vagi
core_few_shot_bge_m3_lr_l2_100pct_seed_20260321_fixed_base_threshold,market_item.xlsx|darkfox market|seller_raw:ThaKingDadpop||market_item.xlsx|tor2door market|seller_raw:Muankum12,en_content_train_pool,test,positive,1,0.996398,1,text_clone_primary,ThaKingDadpop,Muankum12
core_few_shot_bge_m3_lr_l2_100pct_seed_20260321_fixed_base_threshold,market_item.xlsx|tor2door market|seller_raw:fraudbuddy||market_item.xlsx|versus market|seller_raw:melvinbankz,en_content_train_pool,test,negative,0,0.334602,0,semantic_only,fraudbuddy,melvinbankz
core_few_shot_bge_m3_lr_l2_100pct_seed_20260321_fixed_base_threshold,market_item.xlsx|tor2door market|seller_raw:Melvinbankz||market_item.xlsx|vice city|seller_raw:Fraudbuddy,en_content_train_pool,test,negative,0,0.211176,0,semantic_only,Melvinbankz,Fraudbuddy
core_few_shot_bge_m3_lr_l2_100pct_seed_20260321_fixed_base_threshold,market_item.xlsx|silk road 3.1|seller_raw:WestUnionCommite||market_item.xlsx|silk road 3.1|seller_raw:goodman209,en_content_train_pool,test,negative,0,0.150827,0,semantic_only,WestUnionCommite,goodman209
core_few_shot_bge_m3_lr_l2_100pct_seed_20260321_fixed_base_threshold,market_item.xlsx|darkfox market|seller_raw:ThaKingDadpop||market_item.xlsx|vice city|seller_raw:Muankum12,en_content_train_pool,test,positive,1,0.999259,1,text_clone_primary,ThaKingDadpop,Muankum12
core_few_shot_bge_m3_lr_l2_100pct_seed_20260321_fixed_base_threshold,market_item.xlsx|apollon market|seller_raw:bestgroup1 (100%)||market_item.xlsx|versus market|seller_raw:bestgroup,en_content_train_pool,test,positive,1,0.99979,1,text_clone_primary,bestgroup1 (100%),bestgroup
core_few_shot_bge_m3_lr_l2_100pct_seed_20260321_fixed_base_threshold,market_item.xlsx|cypher market|seller_raw:monsterlabstore||market_item.xlsx|darkfox market|seller_raw:bestgroup,en_content_train_pool,test,positive,1,0.999439,1,text_clone_primary,monsterlabstore,bestgroup
core_few_shot_bge_m3_lr_l2_100pct_seed_20260321_fixed_base_threshold,market_item.xlsx|darkfox market|seller_raw:fraudbuddy||market_item.xlsx|versus market|seller_raw:melvinbankz,en_content_train_pool,test,negative,0,0.659018,1,semantic_structural,fraudbuddy,melvinbankz
core_few_shot_bge_m3_lr_l2_100pct_seed_20260321_fixed_base_threshold,market_item.xlsx|Cartel|seller_raw:melvinbankz||market_item.xlsx|vice city|seller_raw:Fraudbuddy,en_content_train_pool,test,negative,0,0.377491,0,semantic_only,melvinbankz,Fraudbuddy
core_few_shot_bge_m3_lr_l2_100pct_seed_20260321_fixed_base_threshold,market_item.xlsx|apollon market|seller_raw:DonkeyKong54 (100%)||market_item.xlsx|dark0de|seller_raw:toto1909,en_content_train_pool,test,negative,0,0.047199,0,semantic_only,DonkeyKong54 (100%),toto1909
core_few_shot_bge_m3_lr_l2_100pct_seed_20260321_fixed_base_threshold,market_item.xlsx|silk road 3.1|seller_raw:RS7||market_item.xlsx|vice city|seller_raw:FedEx,en_content_train_pool,test,negative,0,0.292492,0,semantic_only,RS7,FedEx
core_few_shot_bge_m3_lr_l2_100pct_seed_20260321_fixed_base_threshold,market_item.xlsx|Cartel|seller_raw:ttrebol35||market_item.xlsx|dark0de|seller_raw:firefly75,en_content_train_pool,test,positive,1,0.574429,1,identifier_plus_text,ttrebol35,firefly75
core_few_shot_bge_m3_lr_l2_100pct_seed_20260321_fixed_base_threshold,market_item.xlsx|darkfox market|seller_raw:Psychedelica||market_item.xlsx|vice city|seller_raw:PsychedelicaShop,en_content_train_pool,test,positive,1,0.975618,1,text_clone_primary,Psychedelica,PsychedelicaShop
core_few_shot_bge_m3_lr_l2_100pct_seed_20260321_fixed_base_threshold,market_item.xlsx|silk road 3.1|seller_raw:KingKongNL||market_item.xlsx|vice city|seller_raw:Lucky7,en_content_train_pool,test,negative,0,0.700385,1,semantic_structural,KingKongNL,Lucky7
core_few_shot_bge_m3_lr_l2_100pct_seed_20260321_fixed_base_threshold,market_item.xlsx|agartha market|seller_raw:fivestarlegit||market_item.xlsx|agartha market|seller_raw:johnstone14,en_content_train_pool,test,positive,1,0.672109,1,identifier_plus_text,fivestarlegit,johnstone14
core_few_shot_bge_m3_lr_l2_100pct_seed_20260321_fixed_base_threshold,market_item.xlsx|silk road 3.1|seller_raw:dope903||market_item.xlsx|silk road 3.1|seller_raw:mark7000,en_content_train_pool,test,positive,1,0.545981,1,identifier_primary,dope903,mark7000
core_few_shot_bge_m3_lr_l2_100pct_seed_20260321_fixed_base_threshold,market_item.xlsx|darkfox market|seller_raw:melvinbankz||market_item.xlsx|vice city|seller_raw:Fraudbuddy,en_content_train_pool,test,negative,0,0.300657,0,semantic_only,melvinbankz,Fraudbuddy
core_few_shot_bge_m3_lr_l2_100pct_seed_20260321_fixed_base_threshold,market_item.xlsx|dark0de|seller_raw:dddprovider||market_item.xlsx|darkfox market|seller_raw:ddprovider,en_content_train_pool,test,negative,0,0.724094,1,semantic_only,dddprovider,ddprovider
core_few_shot_bge_m3_lr_l2_100pct_seed_20260321_fixed_base_threshold,market_item.xlsx|silk road 3.1|seller_raw:susan393||market_item.xlsx|silk road 3.1|seller_raw:tortrustedmeds,en_content_train_pool,test,negative,0,0.488087,1,semantic_structural,susan393,tortrustedmeds
core_few_shot_bge_m3_lr_l2_100pct_seed_20260321_fixed_base_threshold,market_item.xlsx|darkfox market|seller_raw:GreenLeafDE||market_item.xlsx|tor2door market|seller_raw:PingPongUK,en_content_train_pool,test,negative,0,0.496863,1,semantic_only,GreenLeafDE,PingPongUK
core_few_shot_bge_m3_lr_l2_100pct_seed_20260321_fixed_base_threshold,market_item.xlsx|darkfox market|seller_raw:fraudbuddy||market_item.xlsx|darkfox market|seller_raw:melvinbankz,en_content_train_pool,test,negative,0,0.601314,1,semantic_structural,fraudbuddy,melvinbankz
core_few_shot_bge_m3_lr_l2_100pct_seed_20260321_fixed_base_threshold,market_item.xlsx|silk road 3.1|seller_raw:ADMlN||market_item.xlsx|silk road 3.1|seller_raw:goodman209,en_content_train_pool,test,negative,0,0.500101,1,semantic_structural,ADMlN,goodman209
core_few_shot_bge_m3_lr_l2_100pct_seed_20260321_fixed_base_threshold,market_item.xlsx|Cartel|seller_raw:fraudbuddy||market_item.xlsx|versus market|seller_raw:melvinbankz,en_content_train_pool,test,negative,0,0.468986,0,semantic_structural,fraudbuddy,melvinbankz
core_few_shot_bge_m3_lr_l2_100pct_seed_20260321_fixed_base_threshold,market_item.xlsx|Cartel|seller_raw:PsychedelicaShop||market_item.xlsx|darkfox market|seller_raw:Psychedelica,en_content_train_pool,test,positive,1,0.990214,1,text_clone_primary,PsychedelicaShop,Psychedelica
core_few_shot_bge_m3_lr_l2_100pct_seed_20260321_fixed_base_threshold,market_item.xlsx|dark0de|seller_raw:lordsheng||market_item.xlsx|versus market|seller_raw:ddprovider,en_content_train_pool,test,negative,0,0.310361,0,semantic_only,lordsheng,ddprovider
core_few_shot_bge_m3_lr_l2_100pct_seed_20260321_fixed_base_threshold,market_item.xlsx|Cartel|seller_raw:melvinbankz||market_item.xlsx|versus market|seller_raw:fraudbuddy,en_content_train_pool,test,negative,0,0.299323,0,semantic_structural,melvinbankz,fraudbuddy
core_few_shot_bge_m3_lr_l2_100pct_seed_20260321_fixed_base_threshold,market_item.xlsx|silk road 3.1|seller_raw:AccountNinja||market_item.xlsx|silk road 3.1|seller_raw:misaca,en_content_train_pool,test,negative,0,0.433699,0,semantic_structural,AccountNinja,misaca
core_few_shot_bge_m3_lr_l2_100pct_seed_20260321_fixed_base_threshold,market_item.xlsx|Cartel|seller_raw:dddprovider||market_item.xlsx|versus market|seller_raw:ddprovider,en_content_train_pool,test,negative,0,0.517473,1,semantic_structural,dddprovider,ddprovider
core_few_shot_bge_m3_lr_l2_100pct_seed_20260321_fixed_base_threshold,market_item.xlsx|Cartel|seller_raw:melvinbankz||market_item.xlsx|darkfox market|seller_raw:fraudbuddy,en_content_train_pool,test,negative,0,0.496935,1,semantic_structural,melvinbankz,fraudbuddy
core_few_shot_bge_m3_lr_l2_100pct_seed_20260321_fixed_base_threshold,market_item.xlsx|silk road 3.1|seller_raw:Stackx||market_item.xlsx|silk road 3.1|seller_raw:XREGORK,en_content_train_pool,test,negative,0,0.335184,0,semantic_structural,Stackx,XREGORK
core_few_shot_bge_m3_lr_l2_100pct_seed_20260321_fixed_base_threshold,market_item.xlsx|silk road 3.1|seller_raw:Benjo||market_item.xlsx|silk road 3.1|seller_raw:bennyman,en_content_train_pool,test,negative,0,0.557531,1,semantic_structural,Benjo,bennyman
core_few_shot_bge_m3_lr_l2_100pct_seed_20260321_fixed_base_threshold,market_item.xlsx|tor2door market|seller_raw:Melvinbankz||market_item.xlsx|versus market|seller_raw:fraudbuddy,en_content_train_pool,test,negative,0,0.284527,0,semantic_structural,Melvinbankz,fraudbuddy
core_few_shot_bge_m3_lr_l2_100pct_seed_20260321_fixed_base_threshold,market_item.xlsx|silk road 3.1|seller_raw:WestUnionCommite||market_item.xlsx|silk road 3.1|seller_raw:WesternTransfers84,en_content_train_pool,test,negative,0,0.389874,0,semantic_only,WestUnionCommite,WesternTransfers84
core_few_shot_bge_m3_lr_l2_100pct_seed_20260321_fixed_base_threshold,market_item.xlsx|silk road 3.1|seller_raw:der3313||market_item.xlsx|silk road 3.1|seller_raw:misaca,en_content_train_pool,test,negative,0,0.289635,0,semantic_structural,der3313,misaca
core_few_shot_bge_m3_lr_l2_100pct_seed_20260321_fixed_base_threshold,market_item.xlsx|silk road 3.1|seller_raw:geazy||market_item.xlsx|silk road 3.1|seller_raw:zymo,en_content_train_pool,test,negative,0,0.316462,0,semantic_structural,geazy,zymo
core_few_shot_bge_m3_lr_l2_100pct_seed_20260321_fixed_base_threshold,market_item.xlsx|darkfox market|seller_raw:fraudbuddy||market_item.xlsx|tor2door market|seller_raw:Melvinbankz,en_content_train_pool,test,negative,0,0.414256,0,semantic_structural,fraudbuddy,Melvinbankz
core_few_shot_bge_m3_lr_l2_100pct_seed_20260321_fixed_base_threshold,market_item.xlsx|silk road 3.1|seller_raw:kkarolekk12||market_item.xlsx|silk road 3.1|seller_raw:megaup,en_content_train_pool,test,negative,0,0.277725,0,semantic_structural,kkarolekk12,megaup
core_few_shot_bge_m3_lr_l2_100pct_seed_20260321_fixed_base_threshold,market_item.xlsx|darkfox market|seller_raw:Psychedelica||market_item.xlsx|tor2door market|seller_raw:PsychedelicaShop,en_content_train_pool,test,positive,1,0.968586,1,text_clone_primary,Psychedelica,PsychedelicaShop
core_few_shot_bge_m3_lr_l2_100pct_seed_20260321_fixed_base_threshold,market_item.xlsx|darkfox market|seller_raw:melvinbankz||market_item.xlsx|versus market|seller_raw:fraudbuddy,en_content_train_pool,test,negative,0,0.22726,0,semantic_structural,melvinbankz,fraudbuddy
core_few_shot_bge_m3_lr_l2_100pct_seed_20260321_fixed_base_threshold,market_item.xlsx|silk road 3.1|seller_raw:Stackx||market_item.xlsx|silk road 3.1|seller_raw:megaup,en_content_train_pool,test,negative,0,0.213537,0,semantic_structural,Stackx,megaup
core_few_shot_bge_m3_lr_l2_100pct_seed_20260321_fixed_base_threshold,market_item.xlsx|silk road 3.1|seller_raw:AccountNinja||market_item.xlsx|silk road 3.1|seller_raw:der3313,en_content_train_pool,test,negative,0,0.199397,0,semantic_structural,AccountNinja,der3313
core_few_shot_bge_m3_lr_l2_100pct_seed_20260321_fixed_base_threshold,market_item.xlsx|dark0de|seller_raw:fedex||market_item.xlsx|vice city|seller_raw:AudiRS7,en_content_train_pool,test,negative,0,0.529737,1,semantic_only,fedex,AudiRS7
core_few_shot_bge_m3_lr_l2_100pct_seed_20260321_fixed_base_threshold,market_item.xlsx|silk road 3.1|seller_raw:der3313||market_item.xlsx|silk road 3.1|seller_raw:dn21,en_content_train_pool,test,negative,0,0.280761,0,semantic_structural,der3313,dn21
core_few_shot_bge_m3_lr_l2_100pct_seed_20260321_fixed_base_threshold,market_item.xlsx|silk road 3.1|seller_raw:thugdos||market_item.xlsx|silk road 3.1|seller_raw:zymo,en_content_train_pool,test,negative,0,0.250598,0,semantic_structural,thugdos,zymo
core_few_shot_bge_m3_lr_l2_100pct_seed_20260321_fixed_base_threshold,market_item.xlsx|silk road 3.1|seller_raw:DrawkwarDAccounts||market_item.xlsx|silk road 3.1|seller_raw:zymo,en_content_train_pool,test,negative,0,0.466876,0,semantic_structural,DrawkwarDAccounts,zymo
core_few_shot_bge_m3_lr_l2_100pct_seed_20260321_fixed_base_threshold,market_item.xlsx|dark0de|seller_raw:lordsheng||market_item.xlsx|tor2door market|seller_raw:ddprovider,en_content_train_pool,test,negative,0,0.8233,1,semantic_only,lordsheng,ddprovider
core_few_shot_bge_m3_lr_l2_100pct_seed_20260321_fixed_base_threshold,market_item.xlsx|silk road 3.1|seller_raw:thebuffalo||market_item.xlsx|silk road 3.1|seller_raw:zymo,en_content_train_pool,test,negative,0,0.479499,0,semantic_structural,thebuffalo,zymo
core_few_shot_bge_m3_lr_l2_100pct_seed_20260321_fixed_base_threshold,market_item.xlsx|tor2door market|seller_raw:PingPongUK||market_item.xlsx|versus market|seller_raw:GreenLeafDE,en_content_train_pool,test,negative,0,0.181503,0,semantic_only,PingPongUK,GreenLeafDE
core_few_shot_bge_m3_lr_l2_100pct_seed_20260321_fixed_base_threshold,market_item.xlsx|tor2door market|seller_raw:GreenLeafDE||market_item.xlsx|tor2door market|seller_raw:PingPongUK,en_content_train_pool,test,negative,0,0.26647,0,semantic_structural,GreenLeafDE,PingPongUK
core_few_shot_bge_m3_lr_l2_100pct_seed_20260321_fixed_base_threshold,market_item.xlsx|cypher market|seller_raw:AudiRS7||market_item.xlsx|vice city|seller_raw:FedEx,en_content_train_pool,test,negative,0,0.29966,0,semantic_only,AudiRS7,FedEx
core_few_shot_bge_m3_lr_l2_100pct_seed_20260321_fixed_base_threshold,market_item.xlsx|dark0de|seller_raw:melvinbankz||market_item.xlsx|vice city|seller_raw:Fraudbuddy,en_content_train_pool,test,negative,0,0.43303,0,semantic_only,melvinbankz,Fraudbuddy
core_few_shot_bge_m3_lr_l2_100pct_seed_20260321_fixed_base_threshold,market_item.xlsx|silk road 3.1|seller_raw:DrawkwarDAccounts||market_item.xlsx|silk road 3.1|seller_raw:misaca,en_content_train_pool,test,negative,0,0.196383,0,semantic_structural,DrawkwarDAccounts,misaca
core_few_shot_bge_m3_lr_l2_100pct_seed_20260321_fixed_base_threshold,market_item.xlsx|silk road 3.1|seller_raw:AccountNinja||market_item.xlsx|silk road 3.1|seller_raw:Underground1231,en_content_train_pool,test,negative,0,0.047106,0,semantic_only,AccountNinja,Underground1231
core_few_shot_bge_m3_lr_l2_100pct_seed_20260321_fixed_base_threshold,market_item.xlsx|Cartel|seller_raw:Lucky7||market_item.xlsx|silk road 3.1|seller_raw:KingKongNL,en_content_train_pool,test,negative,0,0.341093,0,semantic_only,Lucky7,KingKongNL
core_few_shot_bge_m3_lr_l2_100pct_seed_20260321_fixed_base_threshold,market_item.xlsx|silk road 3.1|seller_raw:QuantichR||market_item.xlsx|silk road 3.1|seller_raw:jupiter022,en_content_train_pool,test,negative,0,0.509264,1,semantic_structural,QuantichR,jupiter022
core_few_shot_bge_m3_lr_l2_100pct_seed_20260321_fixed_base_threshold,market_item.xlsx|silk road 3.1|seller_raw:bamm||market_item.xlsx|silk road 3.1|seller_raw:kkarolekk12,en_content_train_pool,test,negative,0,0.165784,0,semantic_only,bamm,kkarolekk12
core_few_shot_bge_m3_lr_l2_100pct_seed_20260321_fixed_base_threshold,market_item.xlsx|silk road 3.1|seller_raw:kidney||market_item.xlsx|silk road 3.1|seller_raw:kome,en_content_train_pool,test,positive,1,0.436772,0,identifier_primary,kidney,kome
core_few_shot_bge_m3_lr_l2_100pct_seed_20260321_fixed_base_threshold,market_item.xlsx|dark0de|seller_raw:fedex||market_item.xlsx|vice city|seller_raw:KitKat,en_content_train_pool,test,negative,0,0.258223,0,semantic_only,fedex,KitKat
core_few_shot_bge_m3_lr_l2_100pct_seed_20260321_fixed_base_threshold,market_item.xlsx|silk road 3.1|seller_raw:Underground1231||market_item.xlsx|silk road 3.1|seller_raw:misaca,en_content_train_pool,test,negative,0,0.107353,0,semantic_only,Underground1231,misaca
core_few_shot_bge_m3_lr_l2_100pct_seed_20260321_fixed_base_threshold,market_item.xlsx|cannazon market|seller_raw:GreenLeafDE||market_item.xlsx|tor2door market|seller_raw:PingPongUK,en_content_train_pool,test,negative,0,0.320749,0,semantic_only,GreenLeafDE,PingPongUK
core_few_shot_bge_m3_lr_l2_100pct_seed_20260321_fixed_base_threshold,market_item.xlsx|silk road 3.1|seller_raw:shuklalabsATgmail||market_item.xlsx|silk road 3.1|seller_raw:vatsal,en_content_train_pool,test,negative,0,0.426893,0,semantic_structural,shuklalabsATgmail,vatsal
core_few_shot_bge_m3_lr_l2_100pct_seed_20260321_fixed_base_threshold,market_item.xlsx|silk road 3.1|seller_raw:Stackx||market_item.xlsx|silk road 3.1|seller_raw:bamm,en_content_train_pool,test,negative,0,0.194748,0,semantic_only,Stackx,bamm
core_few_shot_bge_m3_lr_l2_100pct_seed_20260321_fixed_base_threshold,market_item.xlsx|cypher market|seller_raw:AudiRS7||market_item.xlsx|dark0de|seller_raw:fedex,en_content_train_pool,test,negative,0,0.397317,0,semantic_only,AudiRS7,fedex
core_few_shot_bge_m3_lr_l2_100pct_seed_20260321_fixed_base_threshold,market_item.xlsx|dark0de|seller_raw:melvinbankz||market_item.xlsx|darkfox market|seller_raw:fraudbuddy,en_content_train_pool,test,negative,0,0.518487,1,semantic_structural,melvinbankz,fraudbuddy
core_few_shot_bge_m3_lr_l2_100pct_seed_20260321_fixed_base_threshold,market_item.xlsx|silk road 3.1|seller_raw:DrawkwarDAccounts||market_item.xlsx|silk road 3.1|seller_raw:premiumaccounts,en_content_train_pool,test,negative,0,0.40983,0,semantic_structural,DrawkwarDAccounts,premiumaccounts
core_few_shot_bge_m3_lr_l2_100pct_seed_20260321_fixed_base_threshold,market_item.xlsx|cypher market|seller_raw:AudiRS7||market_item.xlsx|darkfox market|seller_raw:FedEx,en_content_train_pool,test,negative,0,0.516291,1,semantic_only,AudiRS7,FedEx
core_few_shot_bge_m3_lr_l2_100pct_seed_20260321_fixed_base_threshold,market_item.xlsx|darkfox market|seller_raw:bestgroup||market_item.xlsx|silk road 3.1|seller_raw:bralle,en_content_train_pool,test,negative,0,0.245954,0,semantic_structural,bestgroup,bralle
core_few_shot_bge_m3_lr_l2_100pct_seed_20260321_fixed_base_threshold,market_item.xlsx|silk road 3.1|seller_raw:geazy||market_item.xlsx|silk road 3.1|seller_raw:thugdos,en_content_train_pool,test,negative,0,0.479377,0,semantic_structural,geazy,thugdos
core_few_shot_bge_m3_lr_l2_100pct_seed_20260321_fixed_base_threshold,market_item.xlsx|silk road 3.1|seller_raw:Excursive||market_item.xlsx|silk road 3.1|seller_raw:premiumaccounts,en_content_train_pool,test,negative,0,0.336183,0,semantic_structural,Excursive,premiumaccounts
core_few_shot_bge_m3_lr_l2_100pct_seed_20260321_fixed_base_threshold,market_item.xlsx|silk road 3.1|seller_raw:CardMoneyPro||market_item.xlsx|silk road 3.1|seller_raw:jupiter022,en_content_train_pool,test,negative,0,0.291798,0,semantic_structural,CardMoneyPro,jupiter022
core_few_shot_bge_m3_lr_l2_100pct_seed_20260321_fixed_base_threshold,market_item.xlsx|silk road 3.1|seller_raw:geazy||market_item.xlsx|silk road 3.1|seller_raw:thebuffalo,en_content_train_pool,test,negative,0,0.1968,0,semantic_structural,geazy,thebuffalo
core_few_shot_bge_m3_lr_l2_100pct_seed_20260321_fixed_base_threshold,market_item.xlsx|dark0de|seller_raw:melvinbankz||market_item.xlsx|versus market|seller_raw:fraudbuddy,en_content_train_pool,test,negative,0,0.362659,0,semantic_structural,melvinbankz,fraudbuddy
core_few_shot_bge_m3_lr_l2_100pct_seed_20260321_fixed_base_threshold,market_item.xlsx|silk road 3.1|seller_raw:AccountNinja||market_item.xlsx|silk road 3.1|seller_raw:thugdos,en_content_train_pool,test,negative,0,0.284819,0,semantic_structural,AccountNinja,thugdos
core_few_shot_bge_m3_lr_l2_100pct_seed_20260321_fixed_base_threshold,market_item.xlsx|tor2door market|seller_raw:Melvinbankz||market_item.xlsx|tor2door market|seller_raw:fraudbuddy,en_content_train_pool,test,negative,0,0.364398,0,semantic_structural,Melvinbankz,fraudbuddy
core_few_shot_bge_m3_lr_l2_100pct_seed_20260321_fixed_base_threshold,market_item.xlsx|silk road 3.1|seller_raw:Stackx||market_item.xlsx|silk road 3.1|seller_raw:whistle1221,en_content_train_pool,test,negative,0,0.315902,0,semantic_structural,Stackx,whistle1221
core_few_shot_bge_m3_lr_l2_100pct_seed_20260321_fixed_base_threshold,market_item.xlsx|silk road 3.1|seller_raw:Thecleaner786||market_item.xlsx|silk road 3.1|seller_raw:der3313,en_content_train_pool,test,negative,0,0.374368,0,semantic_structural,Thecleaner786,der3313
core_few_shot_bge_m3_lr_l2_100pct_seed_20260321_fixed_base_threshold,market_item.xlsx|dark0de|seller_raw:monsterlabstore||market_item.xlsx|silk road 3.1|seller_raw:bralle,en_content_train_pool,test,negative,0,0.139136,0,semantic_structural,monsterlabstore,bralle
core_few_shot_bge_m3_lr_l2_100pct_seed_20260321_fixed_base_threshold,market_item.xlsx|versus market|seller_raw:ddprovider||market_item.xlsx|vice city|seller_raw:Lordsheng,en_content_train_pool,test,negative,0,0.471116,0,semantic_only,ddprovider,Lordsheng
core_few_shot_bge_m3_lr_l2_100pct_seed_20260321_fixed_base_threshold,market_item.xlsx|Cartel|seller_raw:fraudbuddy||market_item.xlsx|tor2door market|seller_raw:Melvinbankz,en_content_train_pool,test,negative,0,0.428781,0,semantic_only,fraudbuddy,Melvinbankz
core_few_shot_bge_m3_lr_l2_100pct_seed_20260321_fixed_base_threshold,market_item.xlsx|silk road 3.1|seller_raw:thebuffalo||market_item.xlsx|silk road 3.1|seller_raw:thugdos,en_content_train_pool,test,negative,0,0.293343,0,semantic_structural,thebuffalo,thugdos
core_few_shot_bge_m3_lr_l2_100pct_seed_20260321_fixed_base_threshold,market_item.xlsx|silk road 3.1|seller_raw:Moneymover007||market_item.xlsx|silk road 3.1|seller_raw:jupiter022,en_content_train_pool,test,negative,0,0.692986,1,semantic_structural,Moneymover007,jupiter022
core_few_shot_bge_m3_lr_l2_100pct_seed_20260321_fixed_base_threshold,market_item.xlsx|Cartel|seller_raw:ttrebol35||market_item.xlsx|darkfox market|seller_raw:Firefly,en_content_train_pool,test,negative,0,0.543579,1,semantic_structural,ttrebol35,Firefly
core_few_shot_bge_m3_lr_l2_100pct_seed_20260321_fixed_base_threshold,market_item.xlsx|silk road 3.1|seller_raw:doctor77||market_item.xlsx|silk road 3.1|seller_raw:tortrustedmeds,en_content_train_pool,test,negative,0,0.724726,1,semantic_structural,doctor77,tortrustedmeds
core_few_shot_bge_m3_lr_l2_100pct_seed_20260321_fixed_base_threshold,market_item.xlsx|silk road 3.1|seller_raw:Eddiemiles22||market_item.xlsx|silk road 3.1|seller_raw:subway44,en_content_train_pool,test,negative,0,0.30158,0,semantic_only,Eddiemiles22,subway44
core_few_shot_bge_m3_lr_l2_100pct_seed_20260321_fixed_base_threshold,market_item.xlsx|silk road 3.1|seller_raw:jebak123||market_item.xlsx|silk road 3.1|seller_raw:jupiter022,en_content_train_pool,test,negative,0,0.534629,1,semantic_structural,jebak123,jupiter022
core_few_shot_bge_m3_lr_l2_100pct_seed_20260321_fixed_base_threshold,market_item.xlsx|silk road 3.1|seller_raw:citrek||market_item.xlsx|silk road 3.1|seller_raw:zymo,en_content_train_pool,test,negative,0,0.119467,0,semantic_only,citrek,zymo
core_few_shot_bge_m3_lr_l2_100pct_seed_20260321_fixed_base_threshold,market_item.xlsx|silk road 3.1|seller_raw:beckly7000||market_item.xlsx|silk road 3.1|seller_raw:vatsal,en_content_train_pool,test,negative,0,0.219232,0,semantic_structural,beckly7000,vatsal
core_few_shot_bge_m3_lr_l2_100pct_seed_20260321_fixed_base_threshold,market_item.xlsx|silk road 3.1|seller_raw:DrawkwarDAccounts||market_item.xlsx|silk road 3.1|seller_raw:geazy,en_content_train_pool,test,negative,0,0.220359,0,semantic_structural,DrawkwarDAccounts,geazy
core_few_shot_bge_m3_lr_l2_100pct_seed_20260321_fixed_base_threshold,market_item.xlsx|silk road 3.1|seller_raw:beckly7000||market_item.xlsx|silk road 3.1|seller_raw:shuklalabsATgmail,en_content_train_pool,test,negative,0,0.349209,0,semantic_structural,beckly7000,shuklalabsATgmail
core_few_shot_bge_m3_lr_l2_100pct_seed_20260321_fixed_base_threshold,market_item.xlsx|silk road 3.1|seller_raw:CardMoneyPro||market_item.xlsx|silk road 3.1|seller_raw:jebak123,en_content_train_pool,test,negative,0,0.23969,0,semantic_structural,CardMoneyPro,jebak123
core_few_shot_bge_m3_lr_l2_100pct_seed_20260321_fixed_base_threshold,market_item.xlsx|Cartel|seller_raw:bestgroup||market_item.xlsx|silk road 3.1|seller_raw:bralle,en_content_train_pool,test,negative,0,0.29965,0,semantic_structural,bestgroup,bralle
core_few_shot_bge_m3_lr_l2_100pct_seed_20260321_fixed_base_threshold,market_item.xlsx|versus market|seller_raw:fraudbuddy||market_item.xlsx|vice city|seller_raw:Melvinbankz,en_content_train_pool,test,negative,0,0.38718,0,semantic_only,fraudbuddy,Melvinbankz
core_few_shot_bge_m3_lr_l2_100pct_seed_20260321_fixed_base_threshold,market_item.xlsx|silk road 3.1|seller_raw:Nickybeverly110||market_item.xlsx|silk road 3.1|seller_raw:cocainelord110,en_content_train_pool,test,negative,0,0.184336,0,semantic_only,Nickybeverly110,cocainelord110
core_few_shot_bge_m3_lr_l2_100pct_seed_20260321_fixed_base_threshold,market_item.xlsx|silk road 3.1|seller_raw:vagi||market_item.xlsx|silk road 3.1|seller_raw:vatsalmedsgmailcom,en_content_train_pool,test,positive,1,0.109336,0,identifier_primary,vagi,vatsalmedsgmailcom
core_few_shot_bge_m3_lr_l2_100pct_seed_20260321_fixed_base_threshold,market_item.xlsx|Cartel|seller_raw:FedEx||market_item.xlsx|vice city|seller_raw:KitKat,en_content_train_pool,test,negative,0,0.537085,1,semantic_only,FedEx,KitKat
core_few_shot_bge_m3_lr_l2_100pct_seed_20260321_fixed_base_threshold,market_item.xlsx|silk road 3.1|seller_raw:CardMoneyPro||market_item.xlsx|silk road 3.1|seller_raw:QuantichR,en_content_train_pool,test,negative,0,0.228415,0,semantic_only,CardMoneyPro,QuantichR
core_few_shot_bge_m3_lr_l2_100pct_seed_20260321_fixed_base_threshold,market_item.xlsx|Cartel|seller_raw:fraudbuddy||market_item.xlsx|Cartel|seller_raw:melvinbankz,en_content_train_pool,test,negative,0,0.426268,0,semantic_structural,fraudbuddy,melvinbankz
core_few_shot_bge_m3_lr_l2_100pct_seed_20260321_fixed_base_threshold,market_item.xlsx|silk road 3.1|seller_raw:Benjo||market_item.xlsx|silk road 3.1|seller_raw:chani,en_content_train_pool,test,negative,0,0.669483,1,semantic_structural,Benjo,chani
core_few_shot_bge_m3_lr_l2_100pct_seed_20260321_fixed_base_threshold,market_item.xlsx|darkfox market|seller_raw:fraudbuddy||market_item.xlsx|vice city|seller_raw:Melvinbankz,en_content_train_pool,test,negative,0,0.41181,0,semantic_only,fraudbuddy,Melvinbankz
core_few_shot_bge_m3_lr_l2_100pct_seed_20260321_fixed_base_threshold,market_item.xlsx|silk road 3.1|seller_raw:premiumaccounts||market_item.xlsx|silk road 3.1|seller_raw:zymo,en_content_train_pool,test,negative,0,0.498362,1,semantic_structural,premiumaccounts,zymo
core_few_shot_bge_m3_lr_l2_100pct_seed_20260321_fixed_base_threshold,market_item.xlsx|dark0de|seller_raw:luckyy7||market_item.xlsx|silk road 3.1|seller_raw:KingKongNL,en_content_train_pool,test,negative,0,0.468511,0,semantic_structural,luckyy7,KingKongNL
core_few_shot_bge_m3_lr_l2_100pct_seed_20260321_fixed_base_threshold,market_item.xlsx|tor2door market|seller_raw:ddprovider||market_item.xlsx|vice city|seller_raw:Lordsheng,en_content_train_pool,test,negative,0,0.777978,1,semantic_structural,ddprovider,Lordsheng
core_few_shot_bge_m3_lr_l2_100pct_seed_20260321_fixed_base_threshold,market_item.xlsx|darkfox market|seller_raw:frankDuke||market_item.xlsx|silk road 3.1|seller_raw:kome,en_content_train_pool,test,positive,1,0.237963,0,identifier_primary,frankDuke,kome
core_few_shot_bge_m3_lr_l2_100pct_seed_20260321_fixed_base_threshold,market_item.xlsx|silk road 3.1|seller_raw:DrawkwarDAccounts||market_item.xlsx|silk road 3.1|seller_raw:thebuffalo,en_content_train_pool,test,negative,0,0.506655,1,semantic_structural,DrawkwarDAccounts,thebuffalo
core_few_shot_bge_m3_lr_l2_100pct_seed_20260321_fixed_base_threshold,market_item.xlsx|Lime|seller_raw:thimasnow||market_item.xlsx|agartha market|seller_raw:firsttrust420,en_content_train_pool,test,positive,1,0.608688,1,identifier_primary,thimasnow,firsttrust420
core_few_shot_bge_m3_lr_l2_100pct_seed_20260321_fixed_base_threshold,market_item.xlsx|dark0de|seller_raw:dddprovider||market_item.xlsx|dark0de|seller_raw:lordsheng,en_content_train_pool,test,negative,0,0.526946,1,semantic_structural,dddprovider,lordsheng
core_few_shot_bge_m3_lr_l2_100pct_seed_20260321_fixed_base_threshold,market_item.xlsx|silk road 3.1|seller_raw:kkarolekk12||market_item.xlsx|silk road 3.1|seller_raw:whistle1221,en_content_train_pool,test,negative,0,0.234574,0,semantic_structural,kkarolekk12,whistle1221
core_few_shot_bge_m3_lr_l2_100pct_seed_20260321_fixed_base_threshold,market_item.xlsx|silk road 3.1|seller_raw:DrawkwarDAccounts||market_item.xlsx|silk road 3.1|seller_raw:thugdos,en_content_train_pool,test,negative,0,0.312404,0,semantic_structural,DrawkwarDAccounts,thugdos
core_few_shot_bge_m3_lr_l2_100pct_seed_20260321_fixed_base_threshold,market_item.xlsx|Lime|seller_raw:thimasnow||market_item.xlsx|agartha market|seller_raw:davidesales,en_content_train_pool,test,positive,1,0.739287,1,identifier_primary,thimasnow,davidesales
core_few_shot_bge_m3_lr_l2_100pct_seed_20260321_fixed_base_threshold,market_item.xlsx|silk road 3.1|seller_raw:dn21||market_item.xlsx|silk road 3.1|seller_raw:misaca,en_content_train_pool,test,negative,0,0.143004,0,semantic_structural,dn21,misaca
core_few_shot_bge_m3_lr_l2_100pct_seed_20260321_fixed_base_threshold,market_item.xlsx|silk road 3.1|seller_raw:misaca||market_item.xlsx|silk road 3.1|seller_raw:thebuffalo,en_content_train_pool,test,negative,0,0.149741,0,semantic_structural,misaca,thebuffalo
core_few_shot_bge_m3_lr_l2_100pct_seed_20260321_fixed_base_threshold,market_item.xlsx|silk road 3.1|seller_raw:megaup||market_item.xlsx|silk road 3.1|seller_raw:reg0rk,en_content_train_pool,test,negative,0,0.20945,0,semantic_structural,megaup,reg0rk
core_few_shot_bge_m3_lr_l2_100pct_seed_20260321_fixed_base_threshold,market_item.xlsx|silk road 3.1|seller_raw:coopine||market_item.xlsx|silk road 3.1|seller_raw:mickey009,en_content_train_pool,test,positive,1,0.267045,0,identifier_primary,coopine,mickey009
core_few_shot_bge_m3_lr_l2_100pct_seed_20260321_fixed_base_threshold,market_item.xlsx|agartha market|seller_raw:vinicius12||market_item.xlsx|dark0de|seller_raw:coady2011,en_content_train_pool,test,positive,1,0.143457,0,identifier_primary,vinicius12,coady2011
core_few_shot_bge_m3_lr_l2_100pct_seed_20260321_fixed_base_threshold,market_item.xlsx|silk road 3.1|seller_raw:KingKongNL||market_item.xlsx|silk road 3.1|seller_raw:Streetlegend,en_content_train_pool,test,negative,0,0.48092,0,semantic_structural,KingKongNL,Streetlegend
core_few_shot_bge_m3_lr_l2_100pct_seed_20260321_fixed_base_threshold,market_item.xlsx|Cartel|seller_raw:fraudbuddy||market_item.xlsx|dark0de|seller_raw:melvinbankz,en_content_train_pool,test,negative,0,0.244766,0,semantic_structural,fraudbuddy,melvinbankz
core_few_shot_bge_m3_lr_l2_100pct_seed_20260321_fixed_base_threshold,market_item.xlsx|apollon market|seller_raw:MickeyMouseNL (96%)||market_item.xlsx|apollon market|seller_raw:PostNL (100%),en_content_train_pool,test,negative,0,0.573428,1,semantic_structural,MickeyMouseNL (96%),PostNL (100%)
core_few_shot_bge_m3_lr_l2_100pct_seed_20260321_fixed_base_threshold,market_item.xlsx|silk road 3.1|seller_raw:AccountNinja||market_item.xlsx|silk road 3.1|seller_raw:dn21,en_content_train_pool,test,negative,0,0.123848,0,semantic_structural,AccountNinja,dn21
core_few_shot_bge_m3_lr_l2_100pct_seed_20260321_fixed_base_threshold,market_item.xlsx|Cartel|seller_raw:fraudbuddy||market_item.xlsx|darkfox market|seller_raw:melvinbankz,en_content_train_pool,test,negative,0,0.299834,0,semantic_structural,fraudbuddy,melvinbankz
core_few_shot_bge_m3_lr_l2_100pct_seed_20260321_fixed_base_threshold,market_item.xlsx|vice city|seller_raw:Fraudbuddy||market_item.xlsx|vice city|seller_raw:Melvinbankz,en_content_train_pool,test,negative,0,0.366023,0,semantic_structural,Fraudbuddy,Melvinbankz
core_few_shot_bge_m3_lr_l2_100pct_seed_20260321_fixed_base_threshold,market_item.xlsx|silk road 3.1|seller_raw:KingKongNL||market_item.xlsx|silk road 3.1|seller_raw:Lucky7,en_content_train_pool,test,negative,0,0.518493,1,semantic_structural,KingKongNL,Lucky7
core_few_shot_bge_m3_lr_l2_100pct_seed_20260321_fixed_base_threshold,market_item.xlsx|apollon market|seller_raw:bestgroup1 (100%)||market_item.xlsx|silk road 3.1|seller_raw:bralle,en_content_train_pool,test,negative,0,0.307796,0,semantic_structural,bestgroup1 (100%),bralle
core_few_shot_bge_m3_lr_l2_100pct_seed_20260321_fixed_base_threshold,market_item.xlsx|silk road 3.1|seller_raw:AccountNinja||market_item.xlsx|silk road 3.1|seller_raw:thebuffalo,en_content_train_pool,test,negative,0,0.152323,0,semantic_structural,AccountNinja,thebuffalo
core_few_shot_bge_m3_lr_l2_100pct_seed_20260321_fixed_base_threshold,market_item.xlsx|silk road 3.1|seller_raw:premiumaccounts||market_item.xlsx|silk road 3.1|seller_raw:thebuffalo,en_content_train_pool,test,negative,0,0.405562,0,semantic_structural,premiumaccounts,thebuffalo
core_few_shot_bge_m3_lr_l2_100pct_seed_20260321_fixed_base_threshold,market_item.xlsx|silk road 3.1|seller_raw:ez1969||market_item.xlsx|silk road 3.1|seller_raw:zymo,en_content_train_pool,test,negative,0,0.246398,0,semantic_structural,ez1969,zymo
core_few_shot_bge_m3_lr_l2_100pct_seed_20260321_fixed_base_threshold,market_item.xlsx|silk road 3.1|seller_raw:premiumaccounts||market_item.xlsx|silk road 3.1|seller_raw:thugdos,en_content_train_pool,test,negative,0,0.293595,0,semantic_structural,premiumaccounts,thugdos
core_few_shot_bge_m3_lr_l2_100pct_seed_20260321_fixed_base_threshold,market_item.xlsx|silk road 3.1|seller_raw:der3313||market_item.xlsx|silk road 3.1|seller_raw:zymo,en_content_train_pool,test,negative,0,0.289928,0,semantic_structural,der3313,zymo
core_few_shot_bge_m3_lr_l2_100pct_seed_20260321_fixed_base_threshold,market_item.xlsx|agartha market|seller_raw:firsttrust420||market_item.xlsx|agartha market|seller_raw:stonerpharma247,en_content_train_pool,test,negative,0,0.673961,1,semantic_structural,firsttrust420,stonerpharma247
core_few_shot_bge_m3_lr_l2_100pct_seed_20260321_fixed_base_threshold,market_item.xlsx|Cartel|seller_raw:lloydspharma||market_item.xlsx|dark0de|seller_raw:lloydspharma1,en_content_train_pool,test,positive,1,0.968452,1,text_clone_primary,lloydspharma,lloydspharma1
core_few_shot_bge_m3_lr_l2_100pct_seed_20260321_fixed_base_threshold,market_item.xlsx|dark0de|seller_raw:50bucks||market_item.xlsx|dark0de|seller_raw:toto1909,en_content_train_pool,test,negative,0,0.163404,0,semantic_structural,50bucks,toto1909
core_few_shot_bge_m3_lr_l2_100pct_seed_20260321_fixed_base_threshold,market_item.xlsx|silk road 3.1|seller_raw:geazy||market_item.xlsx|silk road 3.1|seller_raw:premiumaccounts,en_content_train_pool,test,negative,0,0.313895,0,semantic_structural,geazy,premiumaccounts
core_few_shot_bge_m3_lr_l2_100pct_seed_20260321_fixed_base_threshold,market_item.xlsx|silk road 3.1|seller_raw:Benjo||market_item.xlsx|silk road 3.1|seller_raw:kennedybrown,en_content_train_pool,test,negative,0,0.466208,0,semantic_structural,Benjo,kennedybrown
core_few_shot_bge_m3_lr_l2_100pct_seed_20260321_fixed_base_threshold,market_item.xlsx|silk road 3.1|seller_raw:AccountCartel||market_item.xlsx|silk road 3.1|seller_raw:misaca,en_content_train_pool,test,negative,0,0.230144,0,semantic_structural,AccountCartel,misaca
core_few_shot_bge_m3_lr_l2_100pct_seed_20260321_fixed_base_threshold,market_item.xlsx|silk road 3.1|seller_raw:ez1969||market_item.xlsx|silk road 3.1|seller_raw:thebuffalo,en_content_train_pool,test,negative,0,0.215795,0,semantic_structural,ez1969,thebuffalo
core_few_shot_bge_m3_lr_l2_100pct_seed_20260321_fixed_base_threshold,market_item.xlsx|silk road 3.1|seller_raw:Garda||market_item.xlsx|silk road 3.1|seller_raw:megaup,en_content_train_pool,test,negative,0,0.22248,0,semantic_structural,Garda,megaup
core_few_shot_bge_m3_lr_l2_100pct_seed_20260321_fixed_base_threshold,market_item.xlsx|silk road 3.1|seller_raw:Biochemistz||market_item.xlsx|silk road 3.1|seller_raw:Biohazard,en_content_train_pool,test,positive,1,0.455345,0,identifier_primary,Biochemistz,Biohazard
core_few_shot_bge_m3_lr_l2_100pct_seed_20260321_fixed_base_threshold,market_item.xlsx|silk road 3.1|seller_raw:coopine||market_item.xlsx|silk road 3.1|seller_raw:mickey099,en_content_train_pool,test,positive,1,0.174077,0,identifier_primary,coopine,mickey099
core_few_shot_bge_m3_lr_l2_100pct_seed_20260321_fixed_base_threshold,market_item.xlsx|silk road 3.1|seller_raw:Thecleaner786||market_item.xlsx|silk road 3.1|seller_raw:dn21,en_content_train_pool,test,negative,0,0.229745,0,semantic_structural,Thecleaner786,dn21
core_few_shot_bge_m3_lr_l2_100pct_seed_20260321_fixed_base_threshold,market_item.xlsx|silk road 3.1|seller_raw:Undergroundnation||market_item.xlsx|silk road 3.1|seller_raw:counterfeitbuyers,en_content_train_pool,test,positive,1,0.384445,0,identifier_primary,Undergroundnation,counterfeitbuyers
core_few_shot_bge_m3_lr_l2_100pct_seed_20260321_fixed_base_threshold,market_item.xlsx|silk road 3.1|seller_raw:counterfeitbuyers||market_item.xlsx|silk road 3.1|seller_raw:gunman2013,en_content_train_pool,test,positive,1,0.387236,0,identifier_primary,counterfeitbuyers,gunman2013
core_few_shot_bge_m3_lr_l2_100pct_seed_20260321_fixed_base_threshold,market_item.xlsx|silk road 3.1|seller_raw:Counterfeitking2013||market_item.xlsx|silk road 3.1|seller_raw:counterfeitbuyers,en_content_train_pool,test,positive,1,0.370965,0,identifier_primary,Counterfeitking2013,counterfeitbuyers
core_few_shot_bge_m3_lr_l2_100pct_seed_20260321_fixed_base_threshold,market_item.xlsx|silk road 3.1|seller_raw:counterfeitbuyers||market_item.xlsx|silk road 3.1|seller_raw:ibuyuk,en_content_train_pool,test,positive,1,0.097774,0,identifier_primary,counterfeitbuyers,ibuyuk
