tree
version=v4
num_class=1
num_tree_per_iteration=1
label_index=0
max_feature_idx=25
objective=binary sigmoid:1
feature_names=same_market_raw_bool same_source_dataset_bool profile_category_jaccard shared_title_count_capped shared_description_count_capped shared_category_count_capped shared_title_idf_sum shared_description_idf_sum shared_title_idf_mean shared_description_idf_mean boilerplate_ratio_max boilerplate_ratio_gap_abs shared_boilerplate_count shared_low_df_sentence_count shared_rare_ngram_count item_count_percentile_gap_abs price_median_percentile_gap_abs title_length_median_percentile_gap_abs description_length_median_percentile_gap_abs digit_ratio_mean_percentile_gap_abs punct_ratio_mean_percentile_gap_abs repeated_title_share_percentile_gap_abs repeated_description_share_percentile_gap_abs max_category_share_percentile_gap_abs embedding_cosine_gte_multilingual_base reranker_score_gte_multilingual_reranker_base
feature_infos=[0:1] [0:1] [0:1] [0:5] [0:5] [0:5] [0:70.616864000000007] [0:79.443972000000002] [0:8.8271080000000008] [0:8.8271080000000008] [0:0.20000000000000001] [0:0.20000000000000001] [0:1] [0:9] [0:8] [0:0.70916299999999999] [0:0.96791400000000005] [0:0.92293000000000003] [0:0.88129299999999999] [0:0.90190499999999996] [0:0.93838699999999997] [0:0.78087600000000001] [0:0.625498] [0:0.99467300000000003] [0.88623300000000005:0.99833300000000003] [0.41123199999999999:0.96361600000000003]
tree_sizes=882 577 784 870 664 883 880 758 872 865 890 867 877 785 679 867 886 778 849 790 776 767 866 741 789 886 786 684 855 845 880 858 884 762 849 766 652 658 863 776 885 660 762 661 768 748 658 657 853 669 864 659 860 865 871 763 761 658 743 651 661 890 871 892 660 861 884 884 661 680 855 847 768 874 648 892 768 650 678 727 735 658 669 655 676 851 873 862 847 840 663 847 872 866 842 662 661 893 685 681 864 757 672 755 865 755 831 658 770 780 684 763 770

Tree=0
num_leaves=7
num_cat=0
split_feature=25 24 21 4 5 3
split_gain=97.5179 20.0525 18.4712 12.9703 14.3552 8.68347
threshold=0.67941450000000014 0.97683300000000017 0.10762700000000001 1.0000000180025095e-35 1.5000000000000002 1.0000000180025095e-35
decision_type=2 2 8 10 10 8
left_child=3 2 -2 4 -1 -3
right_child=1 5 -4 -5 -6 -7
leaf_value=-0.040729583803594573 -0.034111883400611678 0.013244156288119669 0.017502831779978682 0.012312566444812293 0.010285809498918665 0.043070895615373368
leaf_weight=40.573925122618675 7.0346232652664211 22.15482160449028 13.258037805557249 3.2045437693595877 3.383457511663436 29.315611839294434
leaf_count=318 38 79 85 10 11 155
internal_value=0.000775756 0.0227021 -0.00119085 -0.0313524 -0.0357577 0.0322196
internal_weight=118.925 71.7631 20.2927 47.1619 43.9574 51.4704
internal_count=696 357 123 339 329 234
is_linear=0
shrinkage=1


Tree=1
num_leaves=4
num_cat=0
split_feature=4 23 23
split_gain=58.1498 41.1511 17.9547
threshold=1.0000000180025095e-35 0.0074560000000000008 0.51918300000000006
decision_type=10 8 8
left_child=1 -1 -3
right_child=-2 2 -4
leaf_value=-0.036909093442754969 0.04132975568955749 0.02372007470216559 -0.0074744990857739243
leaf_weight=30.853656604886055 21.873289033770561 22.493635669350624 43.202509924769402
leaf_count=158 59 73 415
internal_value=6.48106e-05 -0.00994615 0.00333891
internal_weight=118.423 96.5498 65.6961
internal_count=705 646 488
is_linear=0
shrinkage=0.03


Tree=2
num_leaves=6
num_cat=0
split_feature=4 23 24 24 23
split_gain=59.6459 44.7947 32.6968 2.90549 2.81774
threshold=1.0000000180025095e-35 0.0074560000000000008 0.96561050000000004 0.98260900000000007 0.48434650000000007
decision_type=10 8 2 2 10
left_child=1 3 -3 -1 -2
right_child=4 2 -4 -5 -6
leaf_value=-0.047811934064828879 0.045387943531768317 -0.033384768325671534 0.014899183840775152 -0.016309021863508789 0.0052465091366347503
leaf_weight=17.152615740895275 20.183482334017757 13.020282745361326 54.63504447042942 12.489484176039694 4.5094547271728507
leaf_count=96 51 122 374 58 16
internal_value=0.00135512 -0.00919537 0.00415937 -0.0381763 0.0405031
internal_weight=121.99 97.2974 67.6553 29.6421 24.6929
internal_count=717 650 496 154 67
is_linear=0
shrinkage=0.03


Tree=3
num_leaves=7
num_cat=0
split_feature=25 4 3 21 22 25
split_gain=87.7512 18.1459 16.4869 10.4839 7.94731 2.68577
threshold=0.6828955000000001 1.0000000180025095e-35 1.0000000180025095e-35 0.12386950000000001 0.040069000000000007 0.69913950000000014
decision_type=2 10 8 10 10 2
left_child=1 4 3 -2 -1 -4
right_child=2 -3 5 -5 -6 -7
leaf_value=-0.039464789878609012 -0.0060614802138164179 0.016809801766612051 0 0.024990470053505496 -0.002541264033344935 0.036112717196729857
leaf_weight=38.100431337952614 23.171630337834358 4.618530645966529 2.3924963772296897 12.035887688398359 8.5536601990461332 37.403176061809063
leaf_count=312 98 14 21 37 36 218
internal_value=0.00101023 -0.0280678 0.0215878 0.00489734 -0.0338619 0.0342745
internal_weight=126.276 51.2726 75.0032 35.2075 46.6541 39.7957
internal_count=736 362 374 135 348 239
is_linear=0
shrinkage=0.03


Tree=4
num_leaves=5
num_cat=0
split_feature=3 24 21 2
split_gain=57.5237 36.264 28.1224 16.8238
threshold=1.5000000000000002 0.9784480000000001 0.11378600000000001 0.70833350000000006
decision_type=10 2 10 10
left_child=1 2 -1 -3
right_child=-2 3 -4 -5
leaf_value=-0.036984418422921515 0.046230869444578535 0.016329244871588541 0.017711010424501919 -0.019380500233916659
leaf_weight=40.76047470793128 17.328394889831543 43.220180124044418 7.7627989202737799 12.587294474244116
leaf_count=325 42 266 25 60
internal_value=0 -0.00880628 -0.0271302 0.00718703
internal_weight=121.659 104.331 48.5233 55.8075
internal_count=718 676 350 326
is_linear=0
shrinkage=0.03


Tree=5
num_leaves=7
num_cat=0
split_feature=25 24 5 21 4 20
split_gain=93.9281 22.1193 15.3918 12.3524 11.8685 7.28844
threshold=0.6828955000000001 0.97683300000000017 1.5000000000000002 0.14425450000000004 1.0000000180025095e-35 0.23524500000000001
decision_type=2 2 10 10 10 10
left_child=2 3 4 -2 -1 -3
right_child=1 5 -4 -5 -6 -7
leaf_value=-0.037700646751657477 -0.020239812018453162 0.03580933278783565 0.016846337961340586 0.023799373451558834 0.0084064869421737291 0.00020247180316624577
leaf_weight=45.256175749003887 13.017295844852926 47.198797345161438 3.4386159479618064 5.6709396094083777 3.370535433292388 7.7139211744070044
leaf_count=360 103 213 10 16 11 30
internal_value=0.000658 0.0223487 -0.0290068 -0.00404939 -0.0336209 0.031595
internal_weight=125.666 73.601 52.0653 18.6882 48.6267 54.9127
internal_count=743 362 381 119 371 243
is_linear=0
shrinkage=0.03


Tree=6
num_leaves=7
num_cat=0
split_feature=25 23 23 3 23 23
split_gain=70.5642 17.2463 19.819 16.1681 4.5627 2.13477
threshold=0.70601300000000011 0.0074560000000000008 0.51918300000000006 1.0000000180025095e-35 0.0097775000000000015 0.76460150000000004
decision_type=2 10 10 8 10 8
left_child=1 -1 -3 4 -2 -5
right_child=3 2 -4 5 -6 -7
leaf_value=-0.034712830508207816 -0.011744309622855267 0.022436001758353218 -0.028934491033573099 0.043768949833249041 0.01103038017862823 0.017599586380215661
leaf_weight=37.862050537019968 8.7874854207038897 11.771762207150461 9.4239421486854535 17.789828926324844 18.770993322134018 17.245530385524035
leaf_count=321 40 37 49 44 67 159
internal_value=-0.000148656 -0.0233089 0 0.0213125 0.00234653 0.0340804
internal_weight=121.652 59.0578 21.1957 62.5938 27.5585 35.0354
internal_count=717 407 86 310 107 203
is_linear=0
shrinkage=0.03


Tree=7
num_leaves=6
num_cat=0
split_feature=24 19 21 24 24
split_gain=54.8953 25.3399 23.4869 9.32274 1.73568
threshold=0.9742360000000001 0.00032450000000000008 0.15176500000000001 0.98241700000000021 0.91044300000000011
decision_type=2 8 10 2 2
left_child=2 -2 4 -3 -1
right_child=1 3 -4 -5 -6
leaf_value=0 -0.027870005837877639 0.0031208371722589241 0.018571935327592076 0.0280145886130545 -0.036551005314896974
leaf_weight=1.2126125432550896 7.7201016694307318 22.982426282018423 6.1918746381998053 51.239854417741299 33.763576254248619
leaf_count=7 41 140 19 257 271
internal_value=0.00102056 0.015326 -0.0258812 0.0211156 -0.0353862
internal_weight=123.11 81.9424 41.1681 74.2223 34.9762
internal_count=735 438 297 397 278
is_linear=0
shrinkage=0.03


Tree=8
num_leaves=7
num_cat=0
split_feature=25 3 5 4 2 23
split_gain=66.134 16.8786 16.256 15.0509 14.3256 4.15291
threshold=0.6828955000000001 1.0000000180025095e-35 1.5000000000000002 1.0000000180025095e-35 0.32575750000000009 0.76460150000000004
decision_type=2 8 10 10 10 8
left_child=2 4 3 -1 -2 -3
right_child=1 5 -4 -5 -6 -7
leaf_value=-0.036234600674941303 0.018804844235231644 0.042028134508117744 0.016836757048248552 0.011528618384457588 -0.016865911459067014 0.014984676087390989
leaf_weight=42.753033190965652 18.372459292411804 18.640566512942314 4.6166550815105429 4.3630525618791571 16.004191741347313 19.80398628488183
leaf_count=340 61 47 14 14 74 187
internal_value=0 0.0179713 -0.0252996 -0.0307877 0.00137473 0.0309141
internal_weight=124.554 72.8212 51.7327 47.1161 34.3767 38.4446
internal_count=737 369 368 354 135 234
is_linear=0
shrinkage=0.03


Tree=9
num_leaves=7
num_cat=0
split_feature=25 24 5 4 15 4
split_gain=75.0683 18.8879 12.703 9.01585 6.49285 6.02759
threshold=0.67941450000000014 0.97683300000000017 1.5000000000000002 3.5000000000000004 0.010153500000000001 1.0000000180025095e-35
decision_type=2 2 10 10 8 10
left_child=2 5 3 -1 -3 -2
right_child=1 4 -4 -5 -6 -7
leaf_value=-0.036544315963471012 -0.013874205730748039 0 0.011774758843610525 0.0098509558942734953 0.03165224873456722 0.018750339711185879
leaf_weight=41.933092642575502 15.596224796026947 5.1306720077991477 3.7879370748996726 1.8180743604898442 44.991453979164362 3.6263461709022513
leaf_count=335 110 21 12 5 212 10
internal_value=-0.000504739 0.0188563 -0.0287829 -0.0334663 0.0281975 -0.0046692
internal_weight=116.884 69.3447 47.5391 43.7512 50.1221 19.2226
internal_count=705 353 352 340 233 120
is_linear=0
shrinkage=0.03


Tree=10
num_leaves=7
num_cat=0
split_feature=25 3 4 2 24 18
split_gain=57.447 16.6675 13.5397 12.4276 6.57838 3.11067
threshold=0.6828955000000001 1.0000000180025095e-35 1.0000000180025095e-35 0.25833350000000005 0.9574950000000001 0.3242985000000001
decision_type=2 8 10 10 2 10
left_child=2 3 5 -2 -3 -1
right_child=1 4 -4 -5 -6 -7
leaf_value=-0.032783893343558211 0.017753689185688808 -0.0088690841259416054 0.013929910036385084 -0.016503588445928051 0.033888619752524954 -0.0027977376510260007
leaf_weight=35.823887545615435 17.149463713169098 1.1680993363261212 4.7740918397903434 14.861263528466223 35.299696303904057 6.4849110394716254
leaf_count=302 57 15 15 69 207 29
internal_value=0.000614592 0.0181021 -0.0237814 0.000941208 0.0311889 -0.0293394
internal_weight=115.561 68.4785 47.0829 32.0107 36.4678 42.3088
internal_count=694 348 346 126 222 331
is_linear=0
shrinkage=0.03


Tree=11
num_leaves=7
num_cat=0
split_feature=25 24 4 21 24 16
split_gain=56.3901 16.6548 14.9765 12.2435 3.57517 2.90778
threshold=0.67941450000000014 0.97683300000000017 1.0000000180025095e-35 0.10762700000000001 0.9742360000000001 0.37409400000000009
decision_type=2 2 10 8 2 10
left_child=2 3 4 -2 -1 -3
right_child=1 5 -4 -5 -6 -7
leaf_value=-0.038562889140445325 -0.02867809821139769 0.027675019301555387 0.017458869952116689 0.012969967244685522 -0.014622586304398496 0
leaf_weight=21.608312487602234 8.0747801810503024 49.751476272940636 4.413372501730918 11.207743201404808 22.31638365238905 3.8236571699380866
leaf_count=179 43 234 13 75 164 15
internal_value=0.000877962 0.0175166 -0.0231744 -0.00463725 -0.0287516 0.0258435
internal_weight=121.196 72.8577 48.3381 19.2825 43.9247 53.5751
internal_count=723 367 356 118 343 249
is_linear=0
shrinkage=0.03


Tree=12
num_leaves=7
num_cat=0
split_feature=25 23 23 3 2 4
split_gain=58.9314 13.31 13.5136 12.2567 11.2439 1.5348
threshold=0.6828955000000001 0.0074560000000000008 0.33739050000000004 1.5000000000000002 0.24264700000000003 1.0000000180025095e-35
decision_type=2 10 10 10 10 8
left_child=1 5 -3 4 -2 -1
right_child=3 2 -4 -5 -6 -7
leaf_value=-0.042073969065955556 0.018299036417474823 0.021525571936771189 -0.023221796911822887 0.03975061963951667 -0.0085581210719199476 -0.015525060360302005
leaf_weight=19.735427275300026 36.995550982654095 8.3731004893779772 9.8281390964984876 15.064906507730482 17.645507007837296 12.882252279669045
leaf_count=115 232 26 51 38 77 179
internal_value=0 -0.0238991 -0.00108861 0.0175128 0.00911144 -0.0346216
internal_weight=120.525 50.8189 18.2012 69.706 54.6411 32.6177
internal_count=718 371 77 347 309 294
is_linear=0
shrinkage=0.03


Tree=13
num_leaves=6
num_cat=0
split_feature=25 4 2 5 4
split_gain=62.2123 12.0212 11.6398 11.2364 6.85457
threshold=0.6828955000000001 1.0000000180025095e-35 0.32575750000000009 1.5000000000000002 1.0000000180025095e-35
decision_type=2 10 10 10 10
left_child=3 2 -2 4 -1
right_child=1 -3 -4 -5 -6
leaf_value=-0.033456358277792864 0.016935593626913447 0.036269258807235444 -0.012199193346437385 0.011840002973697555 0.0026872891310280372
leaf_weight=41.187080942094326 36.13615907356143 19.287942066788673 14.312691688537596 3.7892867028713217 3.1252148151397696
leaf_count=335 238 52 65 12 11
internal_value=-0.000260952 0.0173222 0.00788779 -0.0258601 -0.0302644
internal_weight=117.838 69.7368 50.4489 48.1016 44.3123
internal_count=713 355 303 358 346
is_linear=0
shrinkage=0.03


Tree=14
num_leaves=5
num_cat=0
split_feature=4 24 18 21
split_gain=44.4125 25.227 24.8113 15.1652
threshold=1.0000000180025095e-35 0.98004200000000008 0.073028000000000023 0.11378600000000001
decision_type=10 2 8 10
left_child=1 3 -3 -1
right_child=-2 2 -4 -5
leaf_value=-0.031680920946562177 0.033636075862062721 -0.023103365599646524 0.0200697466053519 0.010456954144408798
leaf_weight=40.142186094075441 24.089602738618851 14.94110533595085 31.947021741420031 6.6240860223770133
leaf_count=343 68 75 219 23
internal_value=-6.69157e-05 -0.00982126 0.00514908 -0.024839
internal_weight=117.744 93.6544 46.8881 46.7663
internal_count=728 660 294 366
is_linear=0
shrinkage=0.03


Tree=15
num_leaves=7
num_cat=0
split_feature=25 21 7 25 25 15
split_gain=43.5093 14.0466 6.90561 5.49693 4.32589 3.20405
threshold=0.65566600000000019 1.0000000180025095e-35 16.375431000000003 0.58551750000000002 0.67342200000000008 0.069844000000000003
decision_type=2 8 10 2 2 10
left_child=3 2 -2 -1 -3 -5
right_child=1 4 -4 5 -6 -7
leaf_value=-0.03707677144539763 -0.016089613794956673 -0.001972312136624113 0.017128050461419016 0 0.02219612880243127 -0.020975772512803078
leaf_weight=17.37920930981636 16.63970355689526 4.4650425724685183 4.4262369573116294 11.183453198522331 57.001773461699486 8.1628998219966871
leaf_count=145 79 39 13 93 313 44
internal_value=0.000571065 0.0128405 -0.00659847 -0.0251341 0.0199651 -0.00952606
internal_weight=119.258 82.5328 21.0659 36.7256 61.4668 19.3464
internal_count=726 444 92 282 352 137
is_linear=0
shrinkage=0.03


Tree=16
num_leaves=7
num_cat=0
split_feature=24 22 19 4 3 24
split_gain=42.5286 17.8129 13.3966 9.90049 3.54288 2.2722
threshold=0.98004200000000008 0.088896500000000017 0.0041160000000000007 1.0000000180025095e-35 1.5000000000000002 0.96561050000000004
decision_type=2 10 8 10 10 2
left_child=1 3 -2 -1 -4 -3
right_child=2 5 4 -5 -6 -7
leaf_value=-0.032081996267610935 -0.016653138522890021 -0.0020570077289591821 0.01488434245820228 0.0085179121894276011 0.036946549314453618 0.017963780799088325
leaf_weight=37.433990657329559 6.1487949639558783 4.1891763508319846 43.603049781173468 3.6912789493799201 13.12107878923416 8.0367955267429334
leaf_count=323 32 19 261 12 34 26
internal_value=0.000672555 -0.0182202 0.0172593 -0.0274266 0.0220895 0.0100798
internal_weight=116.224 53.3512 62.8729 41.1253 56.7241 12.226
internal_count=707 380 327 335 295 45
is_linear=0
shrinkage=0.03


Tree=17
num_leaves=6
num_cat=0
split_feature=25 4 5 3 2
split_gain=45.7078 13.7964 10.7121 7.66339 9.08445
threshold=0.70601300000000011 1.0000000180025095e-35 1.5000000000000002 1.5000000000000002 0.34848450000000003
decision_type=2 10 10 10 10
left_child=1 2 -1 4 -2
right_child=3 -3 -4 -5 -6
leaf_value=-0.027986103875941554 0.017590215557103162 0.017540316330025511 0.01324953207435766 0.036681937802381048 -0.0093784940409781716
leaf_weight=46.137967608869076 36.62673594430089 5.3327684253454199 3.5939279347658148 13.735104620456694 11.901372924447058
leaf_count=375 222 16 11 36 53
internal_value=0.000494582 -0.0186284 -0.023853 0.0179453 0.0102331
internal_weight=117.328 55.0647 49.7319 62.2632 48.5281
internal_count=713 402 386 311 275
is_linear=0
shrinkage=0.03


Tree=18
num_leaves=7
num_cat=0
split_feature=24 15 22 7 19 22
split_gain=34.7821 19.3511 5.25261 3.45644 2.69942 1.69395
threshold=0.96775100000000014 0.012924500000000002 0.044107500000000001 8.0568855000000017 0.0013750000000000001 0.24325000000000002
decision_type=2 8 10 10 10 10
left_child=3 4 -3 5 -2 -1
right_child=1 2 -4 -5 -6 -7
leaf_value=-0.03564715113910099 -0.0302206064913116 0.0067084342882639206 0.025159365061507871 0 -0.0026001591563710904 0
leaf_weight=21.017866786569364 6.8279236555099514 43.781358480453491 26.911357253789902 1.9122591018676747 9.7223577350378019 1.8537734448909748
leaf_count=184 41 343 85 7 43 8
internal_value=-0.000971491 0.00782658 0.0148777 -0.0305228 -0.0184185 -0.0334775
internal_weight=112.027 87.243 70.6927 24.7839 16.5503 22.8716
internal_count=711 512 428 199 84 192
is_linear=0
shrinkage=0.03


Tree=19
num_leaves=6
num_cat=0
split_feature=24 21 19 23 3
split_gain=39.2168 30.5453 17.869 8.70679 3.31286
threshold=0.98241700000000021 0.024992000000000004 0.00032450000000000008 0.0014810000000000001 1.0000000180025095e-35
decision_type=2 8 8 10 10
left_child=1 -1 -2 -3 -4
right_child=2 3 4 -5 -6
leaf_value=-0.038380519229421248 -0.026010656303748162 -0.0096669950458778044 0.013130624720960068 0.019529209262923179 0.034455924917662098
leaf_weight=29.554627224802971 4.8344229608774176 18.068296521902088 32.667478885501623 12.823080211877821 16.034388765692711
leaf_count=171 29 225 204 41 44
internal_value=-0.00165592 -0.0180329 0.0162799 0.00222314 0.0223238
internal_weight=113.982 60.446 53.5363 30.8914 48.7019
internal_count=714 437 277 266 248
is_linear=0
shrinkage=0.03


Tree=20
num_leaves=6
num_cat=0
split_feature=25 3 21 5 3
split_gain=43.5666 9.34792 10.2071 9.16752 8.68167
threshold=0.67941450000000014 1.5000000000000002 0.10762700000000001 1.5000000000000002 2.5000000000000004
decision_type=2 10 8 10 10
left_child=3 2 -2 4 -1
right_child=1 -3 -4 -5 -6
leaf_value=-0.028077944612350494 -0.0038262921966883026 0.036150391482537292 0.020006271360530105 0.011501491480050396 0.014433930802352965
leaf_weight=40.411480993032455 26.184764117002487 14.540887862443922 30.752064846456051 4.3527399003505698 2.0063281655311576
leaf_count=340 110 39 217 14 5
internal_value=0.00136593 0.0160812 0.00890243 -0.0201339 -0.024586
internal_weight=118.248 71.4777 56.9368 46.7705 42.4178
internal_count=725 366 327 359 345
is_linear=0
shrinkage=0.03


Tree=21
num_leaves=6
num_cat=0
split_feature=4 24 2 22 19
split_gain=37.1406 27.8441 13.1736 9.98283 3.13356
threshold=1.0000000180025095e-35 0.98260900000000007 0.70833350000000006 0.088896500000000017 0.24827850000000004
decision_type=10 2 10 8 10
left_child=1 3 -3 -1 -2
right_child=4 2 -4 -5 -6
leaf_value=-0.035166209932176139 0.035410400036569152 0.020445280643845209 -0.015057044499218113 -0.0069164546984711809 0
leaf_weight=24.994493305683136 20.876635506749157 28.666384156793356 9.9052163362503034 27.347970716655254 3.1645036339759818
leaf_count=147 58 190 50 268 12
internal_value=0.000467069 -0.00821226 0.010178 -0.0221233 0.0316681
internal_weight=114.955 90.9141 38.5716 52.3425 24.0411
internal_count=725 655 240 415 70
is_linear=0
shrinkage=0.03


Tree=22
num_leaves=7
num_cat=0
split_feature=25 24 5 4 21 23
split_gain=46.4155 15.6015 12.0439 10.7998 3.14109 2.15026
threshold=0.70601300000000011 0.97683300000000017 1.5000000000000002 1.0000000180025095e-35 0.29816800000000004 0.82154200000000011
decision_type=2 2 10 10 10 10
left_child=2 4 3 -1 -2 -3
right_child=1 5 -4 -5 -6 -7
leaf_value=-0.03107685020024285 -0.017016130353232101 0.026593439595749842 0.014310569501848338 0.0091568361080939745 0.0087329658954715741 0
leaf_weight=43.873745240271091 10.339568726718424 39.418678503483534 4.505053147673606 4.2793707996606818 2.337145432829856 2.8244847953319541
leaf_count=383 78 192 14 14 7 11
internal_value=-0.00222651 0.0163403 -0.0219668 -0.0265875 -0.00959249 0.0249056
internal_weight=107.578 54.9199 52.6582 48.1531 12.6767 42.2432
internal_count=699 288 411 397 85 203
is_linear=0
shrinkage=0.03


Tree=23
num_leaves=6
num_cat=0
split_feature=4 25 2 19 5
split_gain=32.0209 22.16 11.4883 4.82924 2.17777
threshold=1.0000000180025095e-35 0.64408250000000011 0.32575750000000009 0.24827850000000004 1.5000000000000002
decision_type=10 2 10 10 10
left_child=1 4 -3 -2 -1
right_child=3 2 -4 -5 -6
leaf_value=-0.029631604805419699 0.035445547401192733 0.011656412635201131 -0.014595395590779955 0 0
leaf_weight=26.682005301117901 19.766316995024685 42.392778515815735 18.925098910927773 2.9729198813438407 1.3548511117696751
leaf_count=239 55 299 92 12 5
internal_value=0.000906902 -0.0071007 0.00278479 0.0306987 -0.0278667
internal_weight=112.094 89.3547 61.3179 22.7392 28.0369
internal_count=702 635 391 67 244
is_linear=0
shrinkage=0.03


Tree=24
num_leaves=6
num_cat=0
split_feature=4 23 23 19 15
split_gain=20.3068 19.2677 9.08985 5.77438 0.79778
threshold=1.0000000180025095e-35 0.0074560000000000008 0.51918300000000006 0.24827850000000004 0.19394000000000003
decision_type=10 8 8 10 10
left_child=1 4 -3 -2 -1
right_child=3 2 -4 -5 -6
leaf_value=-0.027496870416636524 0.03200943073922323 0.018079209564907418 -0.0043915691122073091 -0.0033237591937886127 -0.00040962259939503892
leaf_weight=23.817280888557438 17.006124451756481 21.539192467927933 41.889517311006784 2.7478308528661719 3.5003147572278968
leaf_count=136 49 72 411 12 17
internal_value=0.000332511 -0.00558465 0.00325934 0.0259858 -0.0253996
internal_weight=110.5 90.7463 63.4287 19.754 27.3176
internal_count=697 636 483 61 153
is_linear=0
shrinkage=0.03


Tree=25
num_leaves=7
num_cat=0
split_feature=24 19 2 2 20 2
split_gain=25.534 13.8893 8.40473 4.54564 3.96197 0.551971
threshold=0.9784480000000001 0.0041160000000000007 0.41428550000000003 0.042241500000000008 0.23524500000000001 0.47222200000000009
decision_type=2 8 8 10 8 10
left_child=2 -2 3 -1 -3 -4
right_child=1 4 5 -5 -6 -7
leaf_value=-0.01021313744573759 -0.018547672696557934 0.025721276396045829 -0.011665245041772403 0.014314437218052504 0.0068481583082107252 -0.034263998236491025
leaf_weight=15.585462868213655 7.4138976484537116 31.827788755297661 12.037757381796839 7.5206495374441138 25.627056803554296 11.667771637439726
leaf_count=77 42 102 173 27 209 74
internal_value=0.00105938 0.0132418 -0.0150008 -0.000353125 0.018557 -0.0265112
internal_weight=111.68 64.8687 46.8116 23.1061 57.4548 23.7055
internal_count=704 353 351 104 311 247
is_linear=0
shrinkage=0.03


Tree=26
num_leaves=6
num_cat=0
split_feature=4 24 19 23 21
split_gain=28.1739 19.9721 14.8399 7.29689 4.22506
threshold=1.0000000180025095e-35 0.97216550000000013 0.053732500000000009 0.68669650000000015 0.30858750000000007
decision_type=10 2 8 10 10
left_child=1 4 -3 -2 -1
right_child=3 2 -4 -5 -6
leaf_value=-0.030464720083044093 0.033815865436475141 -0.023291078224017232 0.0095342097038985715 -0.0051344898638971351 0.002657169082637792
leaf_weight=27.71673329919577 18.862240031361583 13.348824337124823 47.148348607122898 2.9287746250629416 1.5657935887575138
leaf_count=246 54 73 334 13 5
internal_value=-0.000763303 -0.00858271 0.00106057 0.0273829 -0.027682
internal_weight=111.571 89.7797 60.4972 21.791 29.2825
internal_count=725 658 407 67 251
is_linear=0
shrinkage=0.03


Tree=27
num_leaves=5
num_cat=0
split_feature=3 22 18 17
split_gain=28.6374 13.302 7.80354 0.575552
threshold=1.5000000000000002 0.040069000000000007 0.29332350000000001 0.0056475000000000006
decision_type=10 8 10 10
left_child=1 3 -3 -1
right_child=-2 2 -4 -5
leaf_value=-0.030325209947842761 0.034663330684444722 -0.0023443848968184599 0.023101887660545353 -0.012769645866461069
leaf_weight=7.7914207428693762 15.392597705125807 44.098810363560915 10.672861739993094 32.002981945872307
leaf_count=50 44 422 34 160
internal_value=7.76575e-05 -0.00613714 0.00303698 -0.0187928
internal_weight=109.959 94.5661 54.7717 39.7944
internal_count=710 666 456 210
is_linear=0
shrinkage=0.03


Tree=28
num_leaves=7
num_cat=0
split_feature=25 3 18 21 24 19
split_gain=29.2865 9.6063 8.62714 6.10587 7.6564 0.0771221
threshold=0.67941450000000014 1.5000000000000002 0.21173600000000004 0.054827500000000008 0.98004200000000008 0.1901245
decision_type=2 10 8 10 2 10
left_child=3 2 -2 4 -1 -5
right_child=1 -3 -4 5 -6 -7
leaf_value=-0.032868204544319435 -0.010443111296251554 0.032475499235881215 0.013499503889018691 0.0064031350728974996 -0.0030225826877604582 0
leaf_weight=24.496758285909891 18.116447031497955 12.673565179109572 32.123952988535166 3.4022398442029944 14.997695550322531 1.8129581809043882
leaf_count=228 81 37 227 12 107 8
internal_value=-0.00113628 0.0115703 0.00420047 -0.0192485 -0.0232541 0.004848
internal_weight=107.624 62.914 50.2404 44.7097 39.4945 5.2152
internal_count=700 345 308 355 335 20
is_linear=0
shrinkage=0.03


Tree=29
num_leaves=7
num_cat=0
split_feature=24 25 25 3 24 3
split_gain=30.7495 26.4153 7.22506 6.42794 2.14463 0.686519
threshold=0.97216550000000013 0.59288600000000014 0.73836200000000007 1.0000000180025095e-35 0.91978300000000013 1.5000000000000002
decision_type=2 2 2 8 2 8
left_child=2 -2 4 -3 -1 -4
right_child=1 3 5 -5 -6 -7
leaf_value=0 -0.029354467523140613 0.0059381687763313852 -0.005332929448552794 0.026040242889246994 -0.034131690111329709 0.0081564418628023994
leaf_weight=1.3060432262718737 9.8958861604332906 34.879335314035416 4.2040611803531638 34.162348043173552 21.05095012485981 3.2076899223029613
leaf_count=9 89 137 19 230 200 25
internal_value=0 0.0099356 -0.024448 0.0169714 -0.0320757 0
internal_weight=108.706 78.9376 29.7687 69.0417 22.357 7.41175
internal_count=709 456 253 367 209 44
is_linear=0
shrinkage=0.03


Tree=30
num_leaves=7
num_cat=0
split_feature=25 5 24 24 21 2
split_gain=29.2272 12.6268 8.11523 7.75253 2.9414 1.84158
threshold=0.71720200000000012 1.5000000000000002 0.97683300000000017 0.99371650000000011 0.10762700000000001 0.32575750000000009
decision_type=2 10 2 2 8 10
left_child=1 3 4 -1 -2 -4
right_child=2 -3 5 -5 -6 -7
leaf_value=-0.024574353099368163 -0.019574292291718583 0.015957853740792383 0.024819728973797417 0.014308556608414949 0.0040898504252155528 0.0052100596163781468
leaf_weight=47.871398452669382 4.4929729104042027 6.3013631552457801 27.717205356806517 2.1425613686442366 7.0598621405661115 12.301422864198683
leaf_count=417 25 20 151 9 52 47
internal_value=-0.00154691 -0.0163216 0.0140474 -0.0216273 -0.0051898 0.0202729
internal_weight=107.887 56.3153 51.5715 50.014 11.5528 40.0186
internal_count=721 446 275 426 77 198
is_linear=0
shrinkage=0.03


Tree=31
num_leaves=7
num_cat=0
split_feature=25 23 23 4 21 16
split_gain=30.743 8.33395 7.21533 5.39467 6.13098 1.58516
threshold=0.6828955000000001 0.0074560000000000008 0.22888150000000004 1.0000000180025095e-35 0.15176500000000001 0.27133100000000004
decision_type=2 10 8 10 8 10
left_child=1 -1 -3 4 -2 -5
right_child=3 2 -4 5 -6 -7
leaf_value=-0.026757141785875578 -0.003211703776508373 0.020876348606068719 -0.014953727986386693 0.030593125217286458 0.016177829378187184 0
leaf_weight=28.564517073333263 23.563967525959015 5.8720996826887104 8.7485728561878204 14.577376171946527 26.404962226748466 2.5916388332843772
leaf_count=283 101 18 48 44 211 10
internal_value=0.00066918 -0.0180803 0 0.0134147 0.00680385 0.0272936
internal_weight=110.323 43.1852 14.6207 67.1379 49.9689 17.169
internal_count=715 349 66 366 312 54
is_linear=0
shrinkage=0.03


Tree=32
num_leaves=7
num_cat=0
split_feature=25 21 23 15 24 24
split_gain=25.0128 10.0824 6.64974 8.39132 6.19197 3.88441
threshold=0.67941450000000014 1.0000000180025095e-35 1.0000000180025095e-35 0.054924500000000008 0.98286250000000008 0.9574950000000001
decision_type=2 8 8 8 2 2
left_child=2 4 -1 -4 -2 -3
right_child=1 5 3 -5 -6 -7
leaf_value=-0.030422555321084843 -0.028508107857175141 -0.0099220631081704223 0.020199971946857163 -0.014239395955070544 0.0050186307587339581 0.018957244933437877
leaf_weight=17.461952343583107 5.2353035956621152 1.3281225264072407 5.2359928786754635 21.572748742997646 7.9051982462406158 51.306524947285652
leaf_count=117 31 16 16 229 30 289
internal_value=0 0.0112906 -0.0170516 -0.00515065 -0.0092961 0.0171936
internal_weight=110.046 65.7751 44.2707 26.8087 13.1405 52.6346
internal_count=728 366 362 245 61 305
is_linear=0
shrinkage=0.03


Tree=33
num_leaves=6
num_cat=0
split_feature=25 5 20 21 25
split_gain=29.3487 8.62023 4.6179 3.18115 1.55432
threshold=0.67941450000000014 1.5000000000000002 0.71501550000000014 0.10762700000000001 0.78670050000000014
decision_type=2 10 10 10 2
left_child=1 3 4 -1 -2
right_child=2 -3 -4 -5 -6
leaf_value=-0.024949350638606028 0.0078280145160067819 0.013329531412096441 -0.013492718935316438 0 0.021164211391509972
leaf_weight=35.064941268414259 30.905057340860367 3.9290397912263861 1.9798722565174092 2.8773182928562155 29.855247233062983
leaf_count=327 184 12 12 12 154
internal_value=0.000580042 -0.0178545 0.0135925 -0.0225565 0.0155389
internal_weight=104.611 41.8713 62.7402 37.9423 60.7603
internal_count=701 351 350 339 338
is_linear=0
shrinkage=0.03


Tree=34
num_leaves=7
num_cat=0
split_feature=24 21 19 5 16 15
split_gain=22.8216 22.0348 8.95182 3.82341 2.19157 0.700846
threshold=0.98241700000000021 0.12386950000000001 0.00032450000000000008 1.5000000000000002 0.47296400000000005 0.10974700000000001
decision_type=2 10 8 8 10 10
left_child=1 3 -2 -1 -4 -3
right_child=2 5 4 -5 -6 -7
leaf_value=-0.027831599834699367 -0.013522938129138806 0 0.021830389531638548 -0.0067293559479546074 0 0.024051265822701361
leaf_weight=26.910708531737328 4.9456603676080695 2.8866660147905341 42.991877146065235 19.803580429404974 1.7705442756414402 9.2056261897087079
leaf_count=168 30 11 235 245 8 28
internal_value=0.00120333 -0.0109115 0.0159101 -0.0204351 0.0204353 0.0206405
internal_weight=108.515 58.8066 49.7081 46.7143 44.7624 12.0923
internal_count=725 452 273 413 243 39
is_linear=0
shrinkage=0.03


Tree=35
num_leaves=6
num_cat=0
split_feature=25 3 5 3 24
split_gain=23.8856 8.32494 6.55965 4.80891 4.38039
threshold=0.67941450000000014 1.5000000000000002 1.5000000000000002 2.5000000000000004 0.95910000000000017
decision_type=2 10 10 10 2
left_child=2 4 3 -1 -2
right_child=1 -3 -4 -5 -6
leaf_value=-0.023356963756772348 -0.018768227684852198 0.030928636137759639 0.0095703821060385968 0.0093201218710973685 0.0074524648382374888
leaf_weight=37.806539591401815 3.04818096384406 12.459906071424482 4.2808539718389502 1.5315750837326039 49.611726138740778
leaf_count=353 26 39 14 4 298
internal_value=0 0.0111088 -0.0167572 -0.0208059 0.00446593
internal_weight=108.739 65.1198 43.619 39.3381 52.6599
internal_count=734 363 371 357 324
is_linear=0
shrinkage=0.03


Tree=36
num_leaves=5
num_cat=0
split_feature=25 3 21 25
split_gain=24.1156 14.7962 13.2325 0.358543
threshold=0.59288600000000014 1.5000000000000002 0.11378600000000001 0.58551750000000002
decision_type=2 10 8 2
left_child=3 2 -2 -1
right_child=1 -3 -4 -5
leaf_value=-0.031883155569747641 -0.01036962348572938 0.032452341675054015 0.013697381039480773 0
leaf_weight=13.897445455193518 38.668697044253349 14.220658808946608 37.110609292984009 1.793682537972926
leaf_count=144 189 44 310 16
internal_value=0.000781139 0.00727067 0.00110843 -0.0300287
internal_weight=105.691 90 75.7793 15.6911
internal_count=703 543 499 160
is_linear=0
shrinkage=0.03


Tree=37
num_leaves=5
num_cat=0
split_feature=25 24 22 16
split_gain=32.5192 17.4617 8.7794 1.69496
threshold=0.62888350000000015 0.97683300000000017 0.088896500000000017 0.47296400000000005
decision_type=2 2 8 10
left_child=-1 2 -2 -3
right_child=1 3 -4 -5
leaf_value=-0.029014180084715735 -0.027444552482397109 0.02021559470572477 0.0037068376315060087 0
leaf_weight=21.57961593568325 10.137103825807573 55.025399945676327 16.429391015321016 2.8876798301935187
leaf_count=214 63 293 126 12
internal_value=0.00120003 0.00999126 -0.00874369 0.0190854
internal_weight=106.059 84.4796 26.5665 57.9131
internal_count=708 494 189 305
is_linear=0
shrinkage=0.03


Tree=38
num_leaves=7
num_cat=0
split_feature=25 24 20 25 25 24
split_gain=22.9241 14.7305 5.69039 4.2445 1.89074 1.17002
threshold=0.62888350000000015 0.96561050000000004 0.47980200000000006 0.74926650000000017 0.58551750000000002 0.97216550000000013
decision_type=2 2 10 2 2 2
left_child=4 3 -3 -2 -1 -6
right_child=1 2 -4 -5 5 -7
leaf_value=-0.03053718373714126 -0.029360142456058475 0.016557579077715365 -0.0091792117673062598 0.001724102780643685 -0.015094384082577243 0
leaf_weight=12.98301236331463 7.3481082729995233 69.292862374335527 5.1841333359479895 3.1820091307163239 3.6127247214317304 6.2919850312173367
leaf_count=139 71 378 27 17 40 44
internal_value=0.00157014 0.00907549 0.0140928 -0.0194502 -0.0229679 -0.00592892
internal_weight=107.895 85.0071 74.477 10.5301 22.8877 9.90471
internal_count=716 493 405 88 223 84
is_linear=0
shrinkage=0.03


Tree=39
num_leaves=6
num_cat=0
split_feature=25 5 20 3 3
split_gain=23.122 9.34464 7.12163 3.33334 2.85135
threshold=0.67941450000000014 1.5000000000000002 0.47980200000000006 2.5000000000000004 1.5000000000000002
decision_type=2 10 10 10 10
left_child=1 3 4 -1 -2
right_child=2 -3 -4 -5 -6
leaf_value=-0.023125127344326535 0.0099198626551829112 0.015290933027347221 -0.015493634084325188 0.0054467112160503138 0.029166400691909428
leaf_weight=35.624475993216038 47.363160204142332 4.3188865631818762 4.1996677070856085 1.1311206221580494 11.191621720790861
leaf_count=339 288 13 23 3 37
internal_value=0.000685047 -0.0158546 0.0121964 -0.0211466 0.015328
internal_weight=103.829 41.0745 62.7544 36.7556 58.5548
internal_count=703 355 348 342 325
is_linear=0
shrinkage=0.03


Tree=40
num_leaves=7
num_cat=0
split_feature=25 21 24 24 21 20
split_gain=22.345 12.3472 6.54834 4.45043 2.46352 2.23653
threshold=0.71720200000000012 0.062116500000000012 0.97683300000000017 0.99371650000000011 0.14425450000000004 0.51507150000000002
decision_type=2 10 2 2 8 10
left_child=1 3 4 -1 -2 -4
right_child=2 -3 5 -5 -6 -7
leaf_value=-0.022332740891427109 -0.01787480113560173 0.016182023939040894 0.020376791721004379 0.008207678954002897 0.0038882363501870714 -0.00044947361779625533
leaf_weight=43.236308161169291 4.2457691580057118 6.963942974805831 37.718482136726379 1.7183372601866711 7.1365971937775621 1.9781101047992695
leaf_count=405 24 24 199 8 53 9
internal_value=-0.000332544 -0.0140685 0.0130803 -0.0200993 -0.00417895 0.0186777
internal_weight=102.998 51.9186 51.079 44.9546 11.3824 39.6966
internal_count=722 437 285 413 77 208
is_linear=0
shrinkage=0.03


Tree=41
num_leaves=5
num_cat=0
split_feature=4 25 5 19
split_gain=24.8599 17.6427 5.86939 2.32231
threshold=1.0000000180025095e-35 0.62888350000000015 1.5000000000000002 0.24827850000000004
decision_type=10 2 8 10
left_child=1 -1 -3 -2
right_child=3 2 -4 -5
leaf_value=-0.027391403028433067 0.032642415389073594 -0.0067831789477842261 0.010533324202349981 0
leaf_weight=21.452495966106653 17.555075287818912 28.957795344293118 34.239317059516907 2.8165345937013617
leaf_count=223 55 139 293 11
internal_value=0.00144562 -0.00563961 0.00219765 0.0291151
internal_weight=105.021 84.6496 63.1971 20.3716
internal_count=721 655 432 66
is_linear=0
shrinkage=0.03


Tree=42
num_leaves=6
num_cat=0
split_feature=24 25 21 19 24
split_gain=17.9842 15.2403 11.4462 2.72452 0.81993
threshold=0.9742360000000001 0.58551750000000002 0.12386950000000001 0.57113900000000017 0.91978300000000013
decision_type=2 2 10 10 2
left_child=2 -2 4 -3 -1
right_child=1 3 -4 -5 -6
leaf_value=0 -0.025187822611345889 0.016197418429237692 0.012725228788741492 -0.0046476139976171218 -0.025827341410911281
leaf_weight=1.1432774253189588 6.7064461037516585 58.952858820557594 6.3989693820476523 2.555060848593711 26.020020853728056
leaf_count=9 72 335 22 14 255
internal_value=0.000413769 0.00945279 -0.0164055 0.0146906 -0.0248456
internal_weight=101.777 68.2144 33.5623 61.5079 27.1633
internal_count=707 421 286 349 264
is_linear=0
shrinkage=0.03


Tree=43
num_leaves=5
num_cat=0
split_feature=25 3 21 0
split_gain=19.9603 12.0091 4.62508 2.8795
threshold=0.62888350000000015 1.5000000000000002 0.090908500000000017 inf
decision_type=2 8 10 8
left_child=-1 2 -2 -3
right_child=1 3 -4 -5
leaf_value=-0.026394241360052875 -0.011358714936955176 0.029354625369970674 0.0084722127995226042 0.0071831824331935771
leaf_weight=22.004394743591547 32.402774527668953 11.120200902223585 10.872049778699873 21.201790127903223
leaf_count=229 158 37 39 236
internal_value=-0.00294466 0.00424618 -0.00550198 0.0175058
internal_weight=97.6012 75.5968 43.2748 32.322
internal_count=699 470 197 273
is_linear=0
shrinkage=0.03


Tree=44
num_leaves=6
num_cat=0
split_feature=4 23 24 24 23
split_gain=18.2927 14.2041 10.7703 2.30708 1.11358
threshold=1.0000000180025095e-35 0.0063255000000000013 0.96561050000000004 0.98260900000000007 0.68669650000000015
decision_type=10 8 2 2 10
left_child=1 3 -3 -1 -2
right_child=4 2 -4 -5 -6
leaf_value=-0.03170609849486497 0.028067877062442122 -0.02225516819021298 0.0082441684515108925 -0.0062734435316387054 0
leaf_weight=13.403901830315592 16.085617661476139 9.6717657782137376 51.677452027797699 10.608901619911192 3.1264739483594886
leaf_count=102 54 112 392 56 12
internal_value=0.000572565 -0.00528191 0.00215633 -0.0235251 0.0251356
internal_weight=104.574 85.362 61.3492 24.0128 19.2121
internal_count=728 662 504 158 66
is_linear=0
shrinkage=0.03


Tree=45
num_leaves=6
num_cat=0
split_feature=4 24 17 21 19
split_gain=19.7442 11.7929 9.14992 7.27463 2.09444
threshold=1.0000000180025095e-35 0.98004200000000008 0.0089760000000000031 0.29816800000000004 0.23227000000000003
decision_type=10 2 8 8 10
left_child=1 3 -3 -1 -2
right_child=4 2 -4 -5 -6
leaf_value=-0.026521655312687138 0.030629141205542908 -0.021196514908263492 0.011695346279809019 0 0
leaf_weight=23.975717604160309 14.908259794116022 6.2148869335651389 34.624207630753517 16.713874895125628 2.813997194170951
leaf_count=160 49 42 237 209 11
internal_value=0.000330602 -0.00582227 0.00489756 -0.0168656 0.0268288
internal_weight=99.2509 81.5287 40.8391 40.6896 17.7223
internal_count=708 648 279 369 60
is_linear=0
shrinkage=0.03


Tree=46
num_leaves=5
num_cat=0
split_feature=3 23 23 9
split_gain=14.8625 12.7111 7.1181 1.11755
threshold=1.5000000000000002 0.0063255000000000013 0.51918300000000006 8.0951295000000005
decision_type=10 8 8 10
left_child=1 3 -3 -1
right_child=-2 2 -4 -5
leaf_value=-0.022330461971959641 0.029105722492494004 0.016256979517133258 -0.003539375686303913 0
leaf_weight=23.014063946902755 11.352001726627348 21.854678750038147 41.215671289712191 2.5924712270498267
leaf_count=155 39 76 423 11
internal_value=0.000487435 -0.00368147 0.00329295 -0.0204524
internal_weight=100.029 88.6769 63.0704 25.6065
internal_count=704 665 499 166
is_linear=0
shrinkage=0.03


Tree=47
num_leaves=5
num_cat=0
split_feature=3 24 25 25
split_gain=18.4342 12.5011 9.04237 4.9074
threshold=1.5000000000000002 0.97216550000000013 0.58551750000000002 0.73836200000000007
decision_type=10 2 2 2
left_child=1 3 -3 -1
right_child=-2 2 -4 -5
leaf_value=-0.027204208538926324 0.030008072251228431 -0.024144811538298654 0.0072241477479557782 0
leaf_weight=19.950710210949186 13.502116292715071 6.4111585579812518 56.429523188620806 6.2015657946467391
leaf_count=211 48 74 345 41
internal_value=0.000587562 -0.00438307 0.00261384 -0.0207637
internal_weight=102.495 88.993 62.8407 26.1523
internal_count=719 671 419 252
is_linear=0
shrinkage=0.03


Tree=48
num_leaves=7
num_cat=0
split_feature=4 18 23 24 5 25
split_gain=16.2964 10.5144 8.88943 5.29882 4.21587 2.00746
threshold=1.0000000180025095e-35 0.3242985000000001 0.82154200000000011 0.97216550000000013 1.5000000000000002 0.58551750000000002
decision_type=8 10 8 2 10 2
left_child=1 4 -2 -3 -1 -4
right_child=2 3 5 -5 -6 -7
leaf_value=-0.02513225580884142 0.026863364858790376 -0.010160571501759964 -0.01470912309420219 0.020978711547305087 0 0.0038099384706500733
leaf_weight=30.941214710474014 16.07768127322197 4.9018192216753951 3.40296517685056 8.1393050849437696 8.4441252052783948 26.029481504112482
leaf_count=200 56 33 68 27 34 296
internal_value=-0.00151057 -0.0128347 0.0109031 0.00769281 -0.0204029 0
internal_weight=97.9366 52.4265 45.5101 13.0411 39.3853 29.4324
internal_count=714 294 420 60 234 364
is_linear=0
shrinkage=0.03


Tree=49
num_leaves=5
num_cat=0
split_feature=3 24 23 21
split_gain=15.2929 11.4151 7.75354 3.48986
threshold=1.5000000000000002 0.97138100000000016 0.0063255000000000013 0.30858750000000007
decision_type=10 2 8 10
left_child=1 3 -3 -1
right_child=-2 2 -4 -5
leaf_value=-0.02422189731854936 0.028453511486313351 -0.01299871489020284 0.0086752080604820571 0.0030239159584827505
leaf_weight=22.837496388703588 11.515705868601797 17.894246384501457 45.743975810706615 2.0887348204851142
leaf_count=233 42 106 332 7
internal_value=0 -0.00468718 0.00181976 -0.0207849
internal_weight=100.08 88.5645 63.6382 24.9262
internal_count=720 678 438 240
is_linear=0
shrinkage=0.03


Tree=50
num_leaves=7
num_cat=0
split_feature=25 22 3 16 24 23
split_gain=17.1265 8.78501 5.31558 2.8227 3.67613 2.36306
threshold=0.73728700000000014 0.041865000000000006 1.5000000000000002 0.34860800000000008 0.97716600000000009 0.32194050000000007
decision_type=2 10 10 10 2 8
left_child=1 2 -1 4 -2 -3
right_child=3 5 -4 -5 -6 -7
leaf_value=-0.020190060303412079 0 0.016370661611078162 0.011463289175979175 -0.0044541216880767372 0.020588821033380399 -0.0030835889491907151
leaf_weight=39.523176319897175 8.6711457855999452 8.3842269331216777 2.1843377649784079 3.0767107158899298 31.947116490453482 5.4856343269348153
leaf_count=403 57 32 7 14 177 29
internal_value=0.000121577 -0.0103951 -0.0172033 0.013949 0.0162413 0.00771797
internal_weight=99.2723 55.5774 41.7075 43.695 40.6183 13.8699
internal_count=719 471 410 248 234 61
is_linear=0
shrinkage=0.03


Tree=51
num_leaves=5
num_cat=0
split_feature=3 24 25 22
split_gain=15.3878 11.8678 8.06918 3.74428
threshold=1.5000000000000002 0.97270850000000009 0.58551750000000002 0.15225800000000003
decision_type=10 2 2 10
left_child=1 3 -3 -1
right_child=-2 2 -4 -5
leaf_value=-0.025932079204148875 0.028172727945488273 -0.023845004659185442 0.0059366782764674669 0
leaf_weight=21.647575259208683 11.147339165210722 6.387273956090211 55.382908448576927 3.7304221987724295
leaf_count=240 41 77 345 15
internal_value=-0.000600445 -0.00542875 0.00143216 -0.0215714
internal_weight=98.2955 87.1482 61.7702 25.378
internal_count=718 677 422 255
is_linear=0
shrinkage=0.03


Tree=52
num_leaves=7
num_cat=0
split_feature=25 20 4 23 15 18
split_gain=14.6793 5.3138 2.81487 2.79888 1.4766 1.254
threshold=0.63428800000000007 0.47980200000000006 1.0000000180025095e-35 0.0074560000000000008 0.072277500000000008 0.46046750000000009
decision_type=2 10 10 10 10 10
left_child=3 2 -2 5 -5 -1
right_child=1 -3 -4 4 -6 -7
leaf_value=-0.025108217605345873 0.0054346549610429524 -0.01371348528731847 0.020869647625657982 0.011806725208981916 -0.0096453413420827007 0
leaf_weight=16.922085259109743 53.47042877599597 5.8818332552909842 16.109341040253639 2.3409242630004874 3.2819064557552338 0.92443773895501991
leaf_count=214 365 38 61 8 23 6
internal_value=0.000669264 0.00744188 0.0101365 -0.0183489 0 -0.0234164
internal_weight=98.931 75.4616 69.5798 23.4694 5.62283 17.8465
internal_count=715 464 426 251 31 220
is_linear=0
shrinkage=0.03


Tree=53
num_leaves=7
num_cat=0
split_feature=25 24 25 2 5 7
split_gain=13.4509 8.64707 4.58402 4.39137 2.53071 2.15941
threshold=0.63428800000000007 0.96775100000000014 0.74926650000000017 0.32575750000000009 1.5000000000000002 8.6832670000000025
decision_type=2 2 2 10 10 10
left_child=4 2 -2 -3 5 -1
right_child=1 3 -4 -5 -6 -7
leaf_value=-0.023804873538381129 -0.025694990444528283 0.016443071240426505 0.0049156147090029609 0 0.0024624521700999133 0.00074694882334947225
leaf_weight=19.393960278481252 7.2292123362421972 43.482098035514355 3.9161015301942825 21.207267202436924 1.5204034894704808 0.88189037144184013
leaf_count=225 76 278 22 94 5 3
internal_value=0.000454699 0.00678396 -0.0140571 0.0112817 -0.0185131 -0.0214895
internal_weight=97.6309 75.8347 11.1453 64.6894 21.7963 20.2759
internal_count=703 470 98 372 233 228
is_linear=0
shrinkage=0.03


Tree=54
num_leaves=7
num_cat=0
split_feature=25 5 21 3 4 23
split_gain=12.1103 5.80166 4.82701 4.49777 2.259 0.120179
threshold=0.67941450000000014 1.5000000000000002 0.11378600000000001 1.0000000180025095e-35 1.0000000180025095e-35 0.048504000000000005
decision_type=2 10 10 8 8 10
left_child=1 4 3 -2 -1 -4
right_child=2 -3 5 -5 -6 -7
leaf_value=-0.023830304574095861 -0.0066684213660996973 0.010722298381664544 0 0.01100139360803308 -0.0035056520747164246 0.023860560541744222
leaf_weight=18.837436094880108 20.346150830388069 4.5975086688995352 2.650112345814704 24.052399124950171 12.966848477721213 12.587004736065863
leaf_count=150 95 15 11 212 185 42
internal_value=0.000170234 -0.0125604 0.00864944 0.00236151 -0.0174222 0.0219241
internal_weight=96.0375 36.4018 59.6357 44.3985 31.8043 15.2371
internal_count=710 350 360 307 335 53
is_linear=0
shrinkage=0.03


Tree=55
num_leaves=6
num_cat=0
split_feature=25 24 20 25 24
split_gain=12.2843 10.2989 5.47034 2.67187 1.65118
threshold=0.59288600000000014 0.96561050000000004 0.47980200000000006 0.74926650000000017 0.94942250000000017
decision_type=2 2 10 2 2
left_child=4 3 -3 -2 -1
right_child=1 2 -4 -5 -6
leaf_value=0 -0.023776172557529316 0.013621224169613602 -0.010853528937848847 0.00013324701331296027 -0.025265709146257725
leaf_weight=1.3654439151287068 8.1825033724307996 65.568920984864235 5.7021178752183905 2.9269274100661269 11.617930125445126
leaf_count=14 93 404 33 18 140
internal_value=0.00163011 0.00637683 0.0108999 -0.0166617 -0.0221551
internal_weight=95.3638 82.3805 71.271 11.1094 12.9834
internal_count=702 548 437 111 154
is_linear=0
shrinkage=0.03


Tree=56
num_leaves=6
num_cat=0
split_feature=21 24 16 17 24
split_gain=10.3737 17.6453 4.0105 3.42079 1.51157
threshold=0.11378600000000001 0.98260900000000007 0.41710000000000008 1.0000000180025095e-35 0.9871835000000001
decision_type=10 2 8 8 2
left_child=1 2 -1 -3 -2
right_child=4 3 -4 -5 -6
leaf_value=-0.025831359571391817 0.024133677458058059 -0.0051367558342686253 -0.004689696304883229 0.014626595748324041 0
leaf_weight=18.927393168210983 14.76504471153021 5.8526675105094901 22.170110151171684 33.347859032452106 2.3032006174325934
leaf_count=131 51 36 271 217 10
internal_value=0.0016578 -0.00274056 -0.0162017 0.0108096 0.0211613
internal_weight=97.3663 80.298 41.0975 39.2005 17.0682
internal_count=716 655 402 253 61
is_linear=0
shrinkage=0.03


Tree=57
num_leaves=5
num_cat=0
split_feature=3 24 25 22
split_gain=10.8228 8.61629 9.50639 2.3432
threshold=1.5000000000000002 0.96847300000000014 0.58551750000000002 0.13270100000000004
decision_type=10 2 2 10
left_child=1 3 -3 -1
right_child=-2 2 -4 -5
leaf_value=-0.024076757570673547 0.026556371359956182 -0.024371727108032544 0.0064939057652040957 0
leaf_weight=14.745040714740755 9.9285354763269407 7.2971886657178393 60.754547994583845 2.4772445634007445
leaf_count=180 39 90 383 12
internal_value=0.000710065 -0.00275964 0.00187266 -0.0201095
internal_weight=95.2026 85.274 68.0517 17.2223
internal_count=704 665 473 192
is_linear=0
shrinkage=0.03


Tree=58
num_leaves=6
num_cat=0
split_feature=25 20 21 18 18
split_gain=11.6098 6.6281 3.31526 1.34412 0.619633
threshold=0.59288600000000014 0.47980200000000006 0.090908500000000017 0.3242985000000001 0.33511250000000009
decision_type=2 10 10 10 10
left_child=3 2 -2 -1 -3
right_child=1 4 -4 -5 -6
leaf_value=-0.025013362862019096 0.0045389593811549413 -0.019377931263096292 0.02018355415407299 0 0
leaf_weight=10.900984972715376 59.985157266259193 5.5652667433023444 17.094663441181183 2.0104950964450827 1.5323617011308668
leaf_count=151 450 41 62 13 8
internal_value=0.00152319 0.00605228 0.00900937 -0.021693 -0.0162263
internal_weight=97.0889 84.1774 77.0798 12.9115 7.09763
internal_count=725 561 512 164 49
is_linear=0
shrinkage=0.03


Tree=59
num_leaves=5
num_cat=0
split_feature=25 3 23 22
split_gain=11.191 7.14202 4.92229 1.05271
threshold=0.59288600000000014 1.5000000000000002 0.0063255000000000013 0.11148500000000001
decision_type=2 10 8 10
left_child=3 2 -2 -1
right_child=1 -3 -4 -5
leaf_value=-0.027184516417255375 -0.012810437285150895 0.024908546008892654 0.0042898759909213201 0
leaf_weight=10.706494472920893 17.538674332201481 8.8564562797546369 54.572713512927294 1.1742080152034748
leaf_count=149 99 37 410 8
internal_value=-0.000630539 0.00332505 0 -0.0248398
internal_weight=92.8485 80.9678 72.1114 11.8807
internal_count=703 546 509 157
is_linear=0
shrinkage=0.03


Tree=60
num_leaves=5
num_cat=0
split_feature=3 22 23 25
split_gain=14.0799 9.6771 5.70364 2.60335
threshold=1.5000000000000002 0.044107500000000001 0.0097775000000000015 0.75215500000000013
decision_type=10 8 10 2
left_child=1 3 -3 -1
right_child=-2 2 -4 -5
leaf_value=-0.021130958945842038 0.026944629391510003 -0.0050644583876739519 0.013870907114420183 0
leaf_weight=27.144040398299694 10.808668747544287 30.274473626166582 20.960905596613884 9.2835614979267103
leaf_count=196 44 393 80 39
internal_value=-0.000947436 -0.00549516 0.0024678 -0.0167915
internal_weight=98.4716 87.663 51.2354 36.4276
internal_count=752 708 473 235
is_linear=0
shrinkage=0.03


Tree=61
num_leaves=7
num_cat=0
split_feature=25 22 6 20 20 17
split_gain=12.0534 6.32797 4.29144 2.81894 1.61234 1.17583
threshold=0.74368000000000001 0.041865000000000006 8.6832670000000025 0.22300750000000003 0.088090000000000016 0.07051650000000001
decision_type=2 10 8 10 8 8
left_child=1 2 -1 -3 5 -2
right_child=4 3 -4 -5 -6 -7
leaf_value=-0.020692294768799371 0.0097640968349495798 0.01634730729843837 -9.6884508111723801e-05 -0.0055682019383955757 0.017435661320816528 -0.0047789452453591598
leaf_weight=24.469506718218327 6.1207495331764195 9.4545863419771177 18.172386270016432 4.5077301263809195 27.133444122970104 6.0052298754453668
leaf_count=181 25 36 258 25 173 28
internal_value=0.00103934 -0.00735961 -0.0131559 0.00776983 0.0135216 0.00105913
internal_weight=95.8636 56.6042 42.6419 13.9623 39.2594 12.126
internal_count=726 500 439 61 226 53
is_linear=0
shrinkage=0.03


Tree=62
num_leaves=7
num_cat=0
split_feature=23 24 23 17 2 9
split_gain=10.5964 7.6263 7.02955 3.0243 2.48015 2.4322
threshold=0.0063255000000000013 0.98241700000000021 0.61503100000000011 0.0056475000000000006 0.47222200000000009 8.4592630000000018
decision_type=10 2 10 8 10 8
left_child=1 5 4 -3 -2 -1
right_child=2 3 -4 -5 -6 -7
leaf_value=-0.028625680855798048 0.02263901682053435 -0.013131097666759677 -0.0045380723600449329 0.0082555554081986532 0 -0.0060153877293995569
leaf_weight=11.112495243549349 25.128885045647625 4.2418235614895847 12.936592750251291 21.845622319728136 5.2123485803604117 15.470714528113602
leaf_count=102 91 33 72 180 23 225
internal_value=0.000707331 -0.00781501 0.0115618 0.00275106 0.0191168 -0.0184256
internal_weight=95.9485 52.6707 43.2778 26.0874 30.3412 26.5832
internal_count=726 540 186 213 114 327
is_linear=0
shrinkage=0.03


Tree=63
num_leaves=7
num_cat=0
split_feature=22 24 25 3 22 18
split_gain=11.0158 9.14317 4.19429 2.96973 2.59891 0.597737
threshold=0.0022595000000000007 0.97138100000000016 0.58551750000000002 2.5000000000000004 0.12851350000000003 0.071565500000000018
decision_type=8 2 2 10 10 10
left_child=3 4 -3 5 -2 -1
right_child=1 2 -4 -5 -6 -7
leaf_value=-0.027522720071781578 -0.018400746954426773 -0.012567478681852314 0.014026938711375917 0.0050178346832249251 0.00061308980425821009 -0.0070517264192301197
leaf_weight=10.837071597576147 11.834508307278158 2.4312933832406989 49.688547316938639 1.4175813794136036 6.1327505633234969 10.01628192514181
leaf_count=91 156 45 319 6 28 68
internal_value=-0.000493088 0.00510945 0.0116256 -0.017825 -0.0113208 -0.0210713
internal_weight=92.358 70.0871 52.1198 22.2709 17.9673 20.8534
internal_count=713 548 364 165 184 159
is_linear=0
shrinkage=0.03


Tree=64
num_leaves=5
num_cat=0
split_feature=25 3 20 18
split_gain=10.8032 7.03134 4.02673 2.91734
threshold=0.59288600000000014 1.0000000180025095e-35 0.47980200000000006 0.31245100000000009
decision_type=2 10 10 8
left_child=-1 2 -2 -3
right_child=1 3 -4 -5
leaf_value=-0.022901127160575848 0.0035080956230397497 0.027884881310825192 -0.016855768195572138 0
leaf_weight=11.443145640194414 60.016283247619867 11.33196152746677 7.0495175644755355 2.3841249644756326
leaf_count=157 444 45 50 12
internal_value=0.000716863 0.00512077 0.000309349 0.0225742
internal_weight=92.225 80.7819 67.0658 13.7161
internal_count=708 551 494 57
is_linear=0
shrinkage=0.03


Tree=65
num_leaves=7
num_cat=0
split_feature=24 22 19 20 23 4
split_gain=9.06792 8.64378 5.97792 3.05854 2.1792 1.83919
threshold=0.9742360000000001 0.13270100000000004 0.0041160000000000007 0.23524500000000001 0.042189000000000011 1.0000000180025095e-35
decision_type=2 8 8 8 10 8
left_child=1 5 -2 -4 -3 -1
right_child=2 4 3 -5 -6 -7
leaf_value=-0.030695102182275009 -0.016111765486358343 -0.0046040877396221428 0.016356758307989456 0.0014978464583178374 0.01479332498651386 0
leaf_weight=12.750936478376389 5.7667816877365103 9.7190519832074624 28.737331718206406 29.859120439738035 4.9478030055761328 1.4035070687532432
leaf_count=114 49 149 115 272 17 6
internal_value=0 -0.013091 0.0063401 0.00971384 0.00164233 -0.0277238
internal_weight=93.1845 28.8213 64.3632 58.5965 14.6669 14.1544
internal_count=722 286 436 387 166 120
is_linear=0
shrinkage=0.03


Tree=66
num_leaves=7
num_cat=0
split_feature=4 18 24 24 18 21
split_gain=10.5385 8.72881 5.03822 2.82669 1.75085 0.914741
threshold=1.0000000180025095e-35 0.26234300000000005 0.96561050000000004 0.98260900000000007 0.10388000000000001 0.024992000000000004
decision_type=10 8 2 2 10 10
left_child=1 3 -3 -1 -2 -6
right_child=4 2 -4 -5 5 -7
leaf_value=-0.02473023438174661 0.025867493693853015 -0.013770216151546378 0.0087585169202989959 -0.0027808897384675887 -0.0051561325883922168 0.01103937775319098
leaf_weight=15.427171513438227 11.237791478633882 8.0108287185430509 35.967810958623886 13.48835803568363 3.1212541162967673 2.4200397878885269
leaf_count=117 44 114 333 70 15 10
internal_value=0.000266377 -0.00450472 0.00339896 -0.0166552 0.0200499 0
internal_weight=89.6733 72.8942 43.9786 28.9155 16.7791 5.54129
internal_count=703 634 447 187 69 25
is_linear=0
shrinkage=0.03


Tree=67
num_leaves=7
num_cat=0
split_feature=25 24 5 21 9 19
split_gain=10.5667 4.56024 3.96512 2.72612 2.50034 1.61046
threshold=0.70601300000000011 0.97683300000000017 1.5000000000000002 0.29816800000000004 8.4592630000000018 0.0041160000000000007
decision_type=2 2 10 8 10 8
left_child=2 3 4 -2 -1 -3
right_child=1 5 -4 -5 -6 -7
leaf_value=-0.016326081054844861 -0.01636164673735677 -0.0018568877563327573 0.0080811741110373599 0.0055322271259179651 0.0064156561567080758 0.015661151077212446
leaf_weight=34.710701312869787 5.9921739697456333 1.330360323190688 4.839257523417472 6.7664735279977331 1.3132353723049153 37.258583966642618
leaf_count=386 35 7 17 54 4 214
internal_value=4.95009e-05 0.00918823 -0.0105931 -0.00400392 -0.0142988 0.0142455
internal_weight=92.2108 51.3476 40.8632 12.7586 36.0239 38.5889
internal_count=717 310 407 89 390 221
is_linear=0
shrinkage=0.03


Tree=68
num_leaves=5
num_cat=0
split_feature=25 20 22 18
split_gain=10.9888 7.88176 3.21479 0.329114
threshold=0.58551750000000002 0.47203500000000004 0.044107500000000001 0.50213100000000011
decision_type=2 10 10 10
left_child=-1 2 -2 -3
right_child=1 3 -4 -5
leaf_value=-0.024992051812641955 0.0024033442307423588 -0.021019383368125224 0.016346616484811546 0
leaf_weight=10.274277232587336 49.684891674667597 6.565901391208171 24.512916885316372 1.3743717819452284
leaf_count=148 419 53 97 7
internal_value=7.60341e-05 0.00433421 0.00785467 -0.0189535
internal_weight=92.4124 82.1381 74.1978 7.94027
internal_count=724 576 516 60
is_linear=0
shrinkage=0.03


Tree=69
num_leaves=5
num_cat=0
split_feature=3 5 21 18
split_gain=8.96627 5.95753 5.22678 3.04381
threshold=1.5000000000000002 1.0000000180025095e-35 0.12386950000000001 0.62345250000000008
decision_type=10 8 10 10
left_child=1 3 -3 -1
right_child=-2 2 -4 -5
leaf_value=-0.021154830090303851 0.024812227034744547 -0.0012391450764643861 0.023987073188786907 0.0049009795293749924
leaf_weight=15.96773722022772 9.1404069513082487 60.564657434821129 5.2015819549560538 1.7107843905687321
leaf_count=106 41 558 16 6
internal_value=0.000429197 -0.00266304 0.0012792 -0.0168374
internal_weight=92.5852 83.4448 65.7662 17.6785
internal_count=727 686 574 112
is_linear=0
shrinkage=0.03


Tree=70
num_leaves=7
num_cat=0
split_feature=22 7 18 7 8 23
split_gain=5.10518 5.18248 3.96197 2.48445 2.06894 1.85049
threshold=0.041865000000000006 34.876909000000005 0.29332350000000001 8.6832670000000025 8.5413945000000009 0.46689250000000004
decision_type=8 10 10 10 10 8
left_child=1 4 3 -2 -1 -4
right_child=2 -3 5 -5 -6 -7
leaf_value=-0.015861981222447103 -0.0025897647229923492 0.014844122377696828 0.025591938851390061 0.015546271633491572 0.0039667626913022069 0
leaf_weight=30.395672596991062 37.874051440507174 3.3046423941850653 6.9644085690379116 5.117386355996131 1.6363516747951496 2.7015552669763574
leaf_count=209 406 14 24 22 7 13
internal_value=-0.000651449 -0.00933162 0.00482353 0 -0.0137397 0.0195899
internal_weight=87.9941 35.3367 52.6574 42.9914 32.032 9.66596
internal_count=695 230 465 428 216 37
is_linear=0
shrinkage=0.03


Tree=71
num_leaves=7
num_cat=0
split_feature=24 21 20 20 24 20
split_gain=10.2088 6.0021 3.71783 3.16397 1.66718 0.261142
threshold=0.97511300000000012 0.12386950000000001 1.0000000180025095e-35 0.15729500000000005 0.91978300000000013 0.067708000000000004
decision_type=2 10 8 8 2 10
left_child=1 4 -2 -4 -1 -3
right_child=2 5 3 -5 -6 -7
leaf_value=0 -0.01208611363605081 0 0.018651706265064842 0.0028208748338024465 -0.021346281156770817 0.012263858772842201
leaf_weight=1.0060456320643485 3.6822812333703032 2.6349973306059828 22.828567072749138 32.476501602679491 22.1029953956604 2.8829461634159088
leaf_count=10 35 11 91 275 260 10
internal_value=0.000729133 -0.0128052 0.00808324 0.0104935 -0.0195099 0.00873405
internal_weight=87.6143 28.627 58.9873 55.3051 23.109 5.51794
internal_count=692 291 401 366 270 21
is_linear=0
shrinkage=0.03


Tree=72
num_leaves=6
num_cat=0
split_feature=4 23 23 24 24
split_gain=7.83602 5.82526 5.12983 4.64057 3.9258
threshold=1.0000000180025095e-35 0.0074560000000000008 0.71218550000000014 0.96561050000000004 0.98260900000000007
decision_type=10 8 10 2 2
left_child=1 4 -2 -3 -1
right_child=2 3 -4 -5 -6
leaf_value=-0.02785206470583345 0.024649592176304663 -0.015534305127619035 -0.0075171911265685147 0.0051188719942007084 0
leaf_weight=9.8563738837838191 13.667600885033609 9.0934058465063554 2.8068464100360861 45.662356205284595 7.6673166677355757
leaf_count=97 58 120 14 376 44
internal_value=5.31632e-05 -0.00401598 0.0173149 0.00054079 -0.0177139
internal_weight=88.7539 72.2795 16.4744 54.7558 17.5237
internal_count=709 637 72 496 141
is_linear=0
shrinkage=0.03


Tree=73
num_leaves=7
num_cat=0
split_feature=4 18 25 23 15 23
split_gain=9.89351 10.2437 4.07756 2.73712 2.09703 0.291701
threshold=1.0000000180025095e-35 0.09123100000000002 0.58551750000000002 0.71218550000000014 0.48365300000000006 1.0000000180025095e-35
decision_type=10 8 2 8 10 10
left_child=1 4 -3 5 -1 -2
right_child=3 2 -4 -5 -6 -7
leaf_value=-0.02576785317920911 0.0010649026837142583 -0.019413301410479061 0.0037017789611043204 -0.0012887045873010926 0 0.026317572512871947
leaf_weight=18.817198514938358 3.4319293200969669 4.8982038497924796 47.604647807776928 2.3142147958278665 1.2847313359379757 9.2606454193592054
leaf_count=141 16 95 406 11 6 38
internal_value=-0.00168666 -0.00668611 7.20145e-05 0.0179194 -0.023353 0.0229102
internal_weight=87.6116 72.6048 52.5029 15.0068 20.1019 12.6926
internal_count=713 648 501 65 147 54
is_linear=0
shrinkage=0.03


Tree=74
num_leaves=5
num_cat=0
split_feature=3 23 21 25
split_gain=8.21405 5.88185 4.31806 2.29693
threshold=1.5000000000000002 0.0063255000000000013 0.12386950000000001 0.74768800000000013
decision_type=10 8 10 2
left_child=1 3 -3 -1
right_child=-2 2 -4 -5
leaf_value=-0.02157080393414525 0.023954339262396793 -0.0017901354159868571 0.017449891213472495 0
leaf_weight=14.064950145781042 8.583433195948599 48.353551000356674 9.7692535668611509 7.40663057565689
leaf_count=130 41 462 34 31
internal_value=0 -0.00300525 0.00165065 -0.0154918
internal_weight=88.1778 79.5944 58.1228 21.4716
internal_count=698 657 496 161
is_linear=0
shrinkage=0.03


Tree=75
num_leaves=7
num_cat=0
split_feature=24 22 4 25 24 20
split_gain=10.4584 6.88152 6.87927 6.03232 1.81554 1.58922
threshold=0.98241700000000021 0.13270100000000004 1.0000000180025095e-35 0.61938900000000008 0.98782300000000012 0.051839000000000003
decision_type=2 10 8 2 2 10
left_child=1 2 -1 -2 -5 -3
right_child=3 5 -4 4 -6 -7
leaf_value=-0.027194617835129116 -0.010500565441412889 -0.002744360155788592 -7.3599746489372891e-05 0.023609540236734724 0.0058085454597077502 0.015055822522934843
leaf_weight=17.150696992874146 5.7520978376269332 2.2333362624049178 18.40866769105196 16.991330064833164 18.268401231616735 8.246774420142172
leaf_count=154 65 12 236 93 115 32
internal_value=0.000544398 -0.00865831 -0.0150305 0.0114429 0.0163494 0.00927049
internal_weight=87.0513 46.0395 35.5594 41.0118 35.2597 10.4801
internal_count=707 434 390 273 208 44
is_linear=0
shrinkage=0.03


Tree=76
num_leaves=6
num_cat=0
split_feature=25 24 20 25 22
split_gain=8.34603 7.02469 5.25916 2.44067 1.37704
threshold=0.58551750000000002 0.96561050000000004 0.47980200000000006 0.74926650000000017 0.13270100000000004
decision_type=2 2 10 2 10
left_child=4 3 -3 -2 -1
right_child=1 2 -4 -5 -6
leaf_value=-0.024618114261926814 -0.021936720467523128 0.011364865352193568 -0.013299320320227907 0.00088801384822860346 0
leaf_weight=8.9871985614299739 7.7503814697265607 59.820399899035692 5.2588849812746039 2.7624511979520321 0.79991404712200243
leaf_count=149 103 397 36 17 5
internal_value=0.000405295 0.00436935 0.00843293 -0.0148534 -0.0217076
internal_weight=85.3792 75.5921 65.0793 10.5128 9.78711
internal_count=707 553 433 120 154
is_linear=0
shrinkage=0.03


Tree=77
num_leaves=5
num_cat=0
split_feature=3 24 16 24
split_gain=9.5702 6.27371 5.30766 1.02086
threshold=1.5000000000000002 0.97216550000000013 0.16651950000000001 0.91978300000000013
decision_type=10 2 8 2
left_child=1 3 -3 -1
right_child=-2 2 -4 -5
leaf_value=0 0.023466817382649559 -0.011531184617980108 0.0063184394528465063 -0.020114442089912133
leaf_weight=0.84893612936139362 8.2429515868425351 21.057838030159473 36.525450717657804 20.143614232540131
leaf_count=8 40 119 308 241
internal_value=-0.00204821 -0.00585718 0 -0.0187612
internal_weight=86.8188 78.5758 57.5833 20.9926
internal_count=716 676 427 249
is_linear=0
shrinkage=0.03


Tree=78
num_leaves=5
num_cat=0
split_feature=3 2 2 25
split_gain=9.94807 5.29243 8.77962 0.436819
threshold=1.5000000000000002 0.58947350000000009 1.0000000180025095e-35 0.76001550000000007
decision_type=10 10 8 2
left_child=1 2 -1 -3
right_child=-2 3 -4 -5
leaf_value=-0.017805265081393764 0.024101058045179268 -0.023989015336128326 0.0056005186844505497 -0.0018460112315403744
leaf_weight=17.000730969011784 8.9258886128663999 9.5845845863223058 47.620040979236364 4.8687719106674185
leaf_count=113 44 89 462 22
internal_value=-0.0011166 -0.0051056 -0.000630277 -0.0198482
internal_weight=88 79.0741 64.6208 14.4534
internal_count=730 686 575 111
is_linear=0
shrinkage=0.03


Tree=79
num_leaves=6
num_cat=0
split_feature=4 23 2 17 15
split_gain=9.81696 5.08831 2.59948 1.63575 1.0664
threshold=1.0000000180025095e-35 0.0074560000000000008 0.47222200000000009 0.18384550000000002 0.19394000000000003
decision_type=10 8 10 8 10
left_child=1 4 -3 -2 -1
right_child=3 2 -4 -5 -6
leaf_value=-0.019963785148535331 0.024871139248865543 0.0028343748906414488 -0.014529270228722073 0 0
leaf_weight=15.167760338634254 10.912433266639706 47.155059114098549 6.1738956570625296 2.7615751028060922 3.0439273491501799
leaf_count=132 47 449 38 13 20
internal_value=0 -0.00477781 0 0.0206841 -0.0172079
internal_weight=85.2147 71.5406 53.329 13.674 18.2117
internal_count=699 639 487 60 152
is_linear=0
shrinkage=0.03


Tree=80
num_leaves=6
num_cat=0
split_feature=21 19 25 22 23
split_gain=5.98547 5.82222 3.26409 1.27874 1.13743
threshold=0.11378600000000001 0.38384450000000003 0.58551750000000002 0.42430300000000004 0.048504000000000005
decision_type=10 10 2 10 10
left_child=1 2 -1 4 -2
right_child=3 -3 -4 -5 -6
leaf_value=-0.015622314615654782 0 -0.022795593742160888 0.0029288715464713283 0 0.022891271866939178
leaf_weight=6.926331188529729 3.1698806956410399 8.5938274599611741 57.045721799135208 2.365002676844596 9.9396547526121122
leaf_count=122 16 80 453 11 38
internal_value=0.000200051 -0.00322228 0 0.0157897 0.0189038
internal_weight=88.0404 72.5659 63.9721 15.4745 13.1095
internal_count=720 655 575 65 54
is_linear=0
shrinkage=0.03


Tree=81
num_leaves=5
num_cat=0
split_feature=3 22 19 25
split_gain=8.31726 6.3392 3.30775 3.05956
threshold=1.5000000000000002 0.044107500000000001 0.11567250000000003 0.75215500000000013
decision_type=10 8 10 2
left_child=1 3 -3 -1
right_child=-2 2 -4 -5
leaf_value=-0.019833881038518745 0.023162952518046238 -0.0022351146226248439 0.013491001443012388 0
leaf_weight=21.580714758485559 8.3013222366571409 34.310983505100012 13.673017039895056 9.8139479756355268
leaf_count=180 43 392 57 41
internal_value=-0.000600027 -0.00420233 0.00218777 -0.0141802
internal_weight=87.68 79.3787 47.984 31.3947
internal_count=713 670 449 221
is_linear=0
shrinkage=0.03


Tree=82
num_leaves=5
num_cat=0
split_feature=3 22 24 19
split_gain=6.57401 5.56113 3.86439 3.77901
threshold=1.5000000000000002 0.040069000000000007 0.9757300000000001 0.12216500000000001
decision_type=10 8 2 10
left_child=1 2 -1 -3
right_child=-2 3 -4 -5
leaf_value=-0.026089955791837757 0.022327206628038641 -0.0018182989446138423 -0.0024274106817184552 0.0146349306996149
leaf_weight=9.5288995988667029 7.595559522509574 35.517997048795223 20.486019447445869 14.390797547996042
leaf_count=105 40 411 117 60
internal_value=0 -0.00276655 -0.0125364 0.00291966
internal_weight=87.5193 79.9237 30.0149 49.9088
internal_count=733 693 222 471
is_linear=0
shrinkage=0.03


Tree=83
num_leaves=5
num_cat=0
split_feature=25 3 21 22
split_gain=6.00573 4.17538 3.01017 1.21135
threshold=0.58551750000000002 1.5000000000000002 0.11378600000000001 0.13270100000000004
decision_type=2 10 8 10
left_child=3 2 -2 -1
right_child=1 -3 -4 -5
leaf_value=-0.021167351181063349 -0.0035384952484123411 0.022608484372056991 0.008054092074053807 0
leaf_weight=7.6114734932780248 36.19786724448204 7.9762398451566687 35.198878146708012 0.70262387394905079
leaf_count=134 197 43 338 4
internal_value=0.00202342 0.0050637 0.00186777 -0.0179965
internal_weight=87.6871 79.373 71.3967 8.3141
internal_count=716 578 535 138
is_linear=0
shrinkage=0.03


Tree=84
num_leaves=5
num_cat=0
split_feature=3 5 2 20
split_gain=6.76244 3.38831 2.49043 1.46074
threshold=1.5000000000000002 1.5000000000000002 0.51315800000000011 0.47980200000000006
decision_type=10 10 8 10
left_child=1 3 -3 -1
right_child=-2 2 -4 -5
leaf_value=-0.0025125643029660278 0.022822285207771527 0.017129551098745751 -0.0050348756576080534 -0.016502902378483814
leaf_weight=60.055161386728287 8.1458656936883909 9.6421187967061961 2.7495265305042276 6.8214527182281008
leaf_count=567 44 33 13 66
internal_value=0.00067984 -0.00198019 0.0102397 -0.00501616
internal_weight=87.4141 79.2683 12.3916 66.8766
internal_count=723 679 46 633
is_linear=0
shrinkage=0.03


Tree=85
num_leaves=7
num_cat=0
split_feature=24 23 24 23 24 16
split_gain=8.84256 6.56947 5.75534 5.10305 3.82573 2.05449
threshold=0.98260900000000007 0.0074560000000000008 0.98782300000000012 0.57592050000000017 0.99338300000000013 0.018858500000000004
decision_type=2 8 2 8 2 8
left_child=1 -1 5 -3 -4 -2
right_child=2 3 4 -5 -6 -7
leaf_value=-0.025236275301039075 0 0.012127719308405768 -0.0071201601267561537 -0.0085255996287294054 0.016743621957188506 0.025851933545663747
leaf_weight=9.7756348326802236 2.2683135271072414 14.759057283401487 15.686505403369667 24.250382166355848 5.9025407843291751 16.405116904526949
leaf_count=107 12 59 129 300 33 98
internal_value=0.0014946 -0.00655321 0.0117176 0 0 0.0226509
internal_weight=89.0476 48.7851 40.2625 39.0094 21.589 18.6734
internal_count=738 466 272 359 162 110
is_linear=0
shrinkage=0.03


Tree=86
num_leaves=7
num_cat=0
split_feature=24 22 23 9 24 23
split_gain=5.89562 3.47788 2.8233 2.38807 2.1967 1.04486
threshold=0.97138100000000016 0.12851350000000003 0.0063255000000000013 1.0000000180025095e-35 0.98260900000000007 0.93003350000000007
decision_type=2 10 8 8 2 10
left_child=1 5 4 -4 -2 -1
right_child=2 -3 3 -5 -6 -7
leaf_value=-0.020192712412965805 -0.017473093373092833 0.0037273579315470532 0.015962963878575293 0.0013569216054652195 0.0015117329836664911 0
leaf_weight=15.267918106168512 4.3448438793420818 5.2760573327541342 21.164664670825005 27.149115245789289 11.872567363083361 0.85626963526010591
leaf_count=213 43 24 84 281 67 6
internal_value=0.000324368 -0.011965 0.00519458 0.00889916 -0.00394714 -0.0184477
internal_weight=85.9314 21.4002 64.5312 48.3138 16.2174 16.1242
internal_count=718 243 475 365 110 219
is_linear=0
shrinkage=0.03


Tree=87
num_leaves=7
num_cat=0
split_feature=24 2 2 24 24 2
split_gain=6.2892 5.53375 3.77317 3.61944 4.48682 2.37587
threshold=0.98241700000000021 0.47222200000000009 1.0000000180025095e-35 0.98782300000000012 0.99338300000000013 0.32575750000000009
decision_type=2 10 10 2 2 10
left_child=1 2 -1 5 -5 -2
right_child=3 -3 -4 4 -6 -7
leaf_value=-0.0069933653368535759 0.022484380671561163 -0.025586607791974643 0.013363243532378777 -0.0096487067263586225 0.016329053405858225 0
leaf_weight=27.741008352488279 12.806214008480312 9.2392075397074205 7.8321180492639533 14.400925669819118 6.0690543428063384 4.5809924602508536
leaf_count=314 82 90 33 120 36 21
internal_value=-0.000324224 -0.00801866 -0.00104298 0.00796958 0 0.0169431
internal_weight=82.6695 44.8123 35.5731 37.8572 20.47 17.3872
internal_count=696 437 347 259 156 103
is_linear=0
shrinkage=0.03


Tree=88
num_leaves=7
num_cat=0
split_feature=25 24 21 24 24 5
split_gain=6.95471 5.99961 7.27072 2.31318 1.56263 1.35098
threshold=0.60697000000000012 0.98260900000000007 0.10762700000000001 0.98782300000000012 0.94634850000000015 1.5000000000000002
decision_type=2 2 10 2 2 10
left_child=4 2 -2 -3 -1 -6
right_child=1 3 -4 -5 5 -7
leaf_value=0 -0.011639737358950339 0.020091047825139624 0.014322765167259076 0.0023753581500254948 -0.023946416076915313 0
leaf_weight=1.142360720783471 28.134869780391455 17.454072009772062 10.56527093797922 17.741982463747263 10.141479840502141 1.0495876520872105
leaf_count=15 264 103 42 115 173 4
internal_value=0.000197485 0.00418881 -0.00331197 0.0128341 -0.0179009 -0.0211031
internal_weight=86.2296 73.8962 38.7001 35.1961 12.3334 11.1911
internal_count=716 524 306 218 192 177
is_linear=0
shrinkage=0.03


Tree=89
num_leaves=7
num_cat=0
split_feature=4 18 24 19 15 9
split_gain=4.84159 7.53237 6.53807 4.32611 1.21852 0.556657
threshold=1.0000000180025095e-35 0.071565500000000018 0.98004200000000008 0.24211000000000002 0.17807550000000003 8.0951295000000005
decision_type=10 8 2 8 10 10
left_child=1 4 -3 5 -1 -2
right_child=3 2 -4 -5 -6 -7
leaf_value=-0.022192413826075175 0 -0.0077522322495072425 0.012041809924687213 -0.0078801081780879769 0 0.02475479918167215
leaf_weight=14.069756712764503 2.7491054087877247 25.561140317469835 27.34585066139698 2.7453766167163858 2.6275759153068057 9.4535963088273984
leaf_count=115 14 297 215 14 15 45
internal_value=0 -0.00324301 0.00203921 0.0141505 -0.0192647 0.0216572
internal_weight=84.5524 69.6043 52.907 14.9481 16.6973 12.2027
internal_count=715 642 512 73 130 59
is_linear=0
shrinkage=0.03


Tree=90
num_leaves=5
num_cat=0
split_feature=25 24 21 15
split_gain=5.31409 5.11192 3.81586 1.51898
threshold=0.59288600000000014 0.95910000000000017 0.10762700000000001 0.30061300000000007
decision_type=2 2 8 10
left_child=3 -2 -3 -1
right_child=1 2 -4 -5
leaf_value=-0.022520472342494782 -0.019939249686348928 -0.0011319456908711447 0.011684814345859934 0
leaf_weight=8.2905094120651448 4.9706390276551238 36.736566595733166 35.382984764873981 0.59422621130943376
leaf_count=147 66 197 308 4
internal_value=-0.000146359 0.00230477 0.00497232 -0.0191516
internal_weight=85.9749 77.0902 72.1196 8.88474
internal_count=722 571 505 151
is_linear=0
shrinkage=0.03


Tree=91
num_leaves=7
num_cat=0
split_feature=24 25 2 25 24 25
split_gain=7.9601 5.73919 3.7221 3.1071 1.42209 0.680698
threshold=0.97138100000000016 0.58551750000000002 0.70833350000000006 0.73836200000000007 0.91044300000000011 0.77046150000000013
decision_type=2 2 10 2 2 2
left_child=3 -2 -3 4 -1 -5
right_child=1 2 -4 5 -6 -7
leaf_value=0 -0.018077361136262488 0.012134678505800625 -0.0048565386861792155 0.0097272427573966355 -0.023554719849421035 -0.0040596686093074541
leaf_weight=0.71401725709438579 4.7549592852592459 49.314533330500126 10.266250610351561 2.2486502900719634 13.5908837467432 4.0387638732790947
leaf_count=6 83 336 60 13 202 31
internal_value=0 0.00549786 0.00863511 -0.0147442 -0.0214003 0
internal_weight=84.9281 64.3357 59.5808 20.5923 14.3049 6.28741
internal_count=731 479 396 252 208 44
is_linear=0
shrinkage=0.03


Tree=92
num_leaves=7
num_cat=0
split_feature=24 4 24 24 23 25
split_gain=9.70278 4.29395 4.18598 4.79756 2.9835 2.23178
threshold=0.98260900000000007 1.0000000180025095e-35 0.98798800000000009 0.99338300000000013 0.07700750000000002 0.65134950000000014
decision_type=2 10 2 2 8 2
left_child=1 4 5 -4 -1 -2
right_child=2 -3 3 -5 -6 -7
leaf_value=-0.026743719387703417 0 0.0096827736793900446 -0.0074500304544682745 0.019655263767827121 -0.0054997507311433762 0.024306445556504335
leaf_weight=8.6730001494288427 2.0576299615204361 5.5288513153791419 15.131624318659307 5.5728304125368586 28.433239409700036 15.567603737115858
leaf_count=103 15 24 123 31 306 94
internal_value=0.000367576 -0.00881934 0.0112107 0.00014428 -0.0128423 0.0208441
internal_weight=80.9648 42.6351 38.3297 20.7045 37.1062 17.6252
internal_count=696 433 263 154 409 109
is_linear=0
shrinkage=0.03


Tree=93
num_leaves=7
num_cat=0
split_feature=24 22 24 24 23 23
split_gain=8.29851 3.94266 2.72553 3.61335 2.68543 1.61346
threshold=0.98260900000000007 0.040069000000000007 0.98798800000000009 0.99338300000000013 0.57592050000000017 0.82863950000000008
decision_type=2 8 2 2 8 8
left_child=1 5 -2 -4 -3 -1
right_child=2 4 3 -5 -6 -7
leaf_value=-0.024078375170400981 0.01699203345238863 0.0079282989574518837 -0.0067715154924886502 0.016074574597834082 -0.0087346994233302739 0
leaf_weight=11.934032484889027 18.591301880776882 11.526609525084497 14.467079523950817 6.4888396710157386 17.091107638552785 2.0278362110257158
leaf_count=124 121 50 124 37 246 13
internal_value=0 -0.00899378 0.00942789 0.000177428 -0.000958908 -0.0206118
internal_weight=82.1268 42.5796 39.5472 20.9559 28.6177 13.9619
internal_count=715 433 282 161 296 137
is_linear=0
shrinkage=0.03


Tree=94
num_leaves=7
num_cat=0
split_feature=25 2 2 9 17 16
split_gain=4.68389 3.45614 6.02105 3.04889 0.874874 0.548374
threshold=0.77888600000000008 0.47222200000000009 1.0000000180025095e-35 7.9813810000000007 0.45923900000000001 0.45897800000000005
decision_type=2 10 10 8 10 10
left_child=1 2 -1 -3 5 -2
right_child=4 3 -4 -5 -6 -7
leaf_value=-0.0061236217575337372 0.013847376808664089 -0.021158021267170375 0.017340599551573334 0.0045517582784960799 0 0
leaf_weight=31.751946687698364 20.689256481826312 11.991360336542126 10.687524303793905 2.1107942610979089 1.5000382214784611 1.6468366533517826
leaf_count=374 146 111 43 9 8 7
internal_value=0.000317413 -0.00402042 0 -0.0154322 0.0110242 0.0126415
internal_weight=80.3778 56.5416 42.4395 14.1022 23.8361 22.3361
internal_count=698 537 417 120 161 153
is_linear=0
shrinkage=0.03


Tree=95
num_leaves=5
num_cat=0
split_feature=3 13 24 19
split_gain=5.44964 3.56695 6.43752 5.64175
threshold=1.5000000000000002 1.0000000180025095e-35 0.98260900000000007 0.031058000000000006
decision_type=10 10 2 10
left_child=1 2 -1 -3
right_child=-2 3 -4 -5
leaf_value=-0.0074240366050523036 0.021113618425304865 0.0059412933509901877 0.010520109069621733 -0.031298676169536709
leaf_weight=39.155479066073895 6.9780762195587149 2.9841384962201101 28.356503251940012 5.7108396291732788
leaf_count=417 41 12 220 32
internal_value=0 -0.00240098 0 -0.0177071
internal_weight=83.185 76.207 67.512 8.69498
internal_count=722 681 637 44
is_linear=0
shrinkage=0.03


Tree=96
num_leaves=5
num_cat=0
split_feature=3 21 24 0
split_gain=4.66925 4.52745 3.62072 3.10002
threshold=1.5000000000000002 0.054827500000000008 0.98301200000000011 1.0000000180025095e-35
decision_type=10 8 2 10
left_child=1 2 -1 -3
right_child=-2 3 -4 -5
leaf_value=-0.01965707891056542 0.018761355809834266 -0.0014598301393475414 0 0.017150912887230915
leaf_weight=19.012897811830044 5.6641563326120368 32.437125159427524 14.317336142063139 6.8364697471261016
leaf_count=174 35 396 72 26
internal_value=-0.00156382 -0.00422783 -0.0120179 0.00205737
internal_weight=78.268 72.6038 33.3302 39.2736
internal_count=703 668 246 422
is_linear=0
shrinkage=0.03


Tree=97
num_leaves=7
num_cat=0
split_feature=24 24 24 20 20 17
split_gain=5.20639 4.01908 3.16504 2.85408 2.2773 0.940864
threshold=0.98241700000000021 0.98782300000000012 0.99359700000000017 0.22300750000000003 0.10823300000000001 0.77108950000000009
decision_type=2 2 2 8 10 8
left_child=3 -2 -3 4 -1 -5
right_child=1 2 -4 5 -6 -7
leaf_value=-0.0062040892124182396 0.016170007918726446 -0.0087861395151977613 0.01337689101657045 -0.02059199366616005 0.013291431775776325 -0.0042134586259728983
leaf_weight=9.9044354595243913 17.710130587220192 15.856223013252022 4.9802665002644053 11.124116949737074 5.8047217279672614 14.350807096809147
leaf_count=69 113 135 32 100 29 230
internal_value=-0.000616734 0.00664219 -0.00121336 -0.00807946 0.000372389 -0.013835
internal_weight=79.7307 38.5466 20.8365 41.1841 15.7092 25.4749
internal_count=708 280 167 428 98 330
is_linear=0
shrinkage=0.03


Tree=98
num_leaves=5
num_cat=0
split_feature=3 22 24 23
split_gain=6.06885 5.04749 2.3005 2.29938
threshold=1.5000000000000002 0.044107500000000001 0.98260900000000007 0.0097775000000000015
decision_type=10 8 2 10
left_child=1 2 -1 -3
right_child=-2 3 -4 -5
leaf_value=-0.021181215200102816 0.021090316187555282 -0.0027632520667441934 -0.0017481584315488872 0.0096167258103158348
leaf_weight=13.380286995321514 7.0701705738902083 26.808175219222903 14.860549442470072 19.154747672379017
leaf_count=136 43 372 79 82
internal_value=-0.000416567 -0.00359424 -0.0130655 0.00205643
internal_weight=81.2739 74.2038 28.2408 45.9629
internal_count=712 669 215 454
is_linear=0
shrinkage=0.03


Tree=99
num_leaves=5
num_cat=0
split_feature=3 24 22 7
split_gain=5.1137 3.12456 3.87366 3.05102
threshold=1.5000000000000002 0.97326400000000013 0.13270100000000004 1.0000000180025095e-35
decision_type=10 2 10 10
left_child=1 2 -1 -3
right_child=-2 3 -4 -5
leaf_value=-0.018523759857294351 0.020215824783135279 0.0043471590827979358 0.0046200631357840357 -0.012964673955544204
leaf_weight=16.72182735987008 6.6130109354853621 45.135139636695385 5.5477578639984122 8.0608740970492345
leaf_count=248 42 367 24 39
internal_value=-6.63596e-05 -0.00293098 -0.011707 0.000637954
internal_weight=82.0786 75.4656 22.2696 53.196
internal_count=720 678 272 406
is_linear=0
shrinkage=0.03


Tree=100
num_leaves=7
num_cat=0
split_feature=2 2 9 25 25 7
split_gain=4.69535 5.71387 4.51161 3.40012 1.86734 1.69774
threshold=0.47222200000000009 1.0000000180025095e-35 8.5431960000000018 0.71720200000000012 0.77888600000000008 8.0568855000000017
decision_type=8 8 8 2 2 10
left_child=1 3 -2 -1 -4 -3
right_child=2 5 4 -5 -6 -7
leaf_value=-0.01578738887375437 -0.017375002619267568 0.022553030146782876 -0.0045122222270513532 0.006077450531509555 0.010058928456630071 0
leaf_weight=8.1865417212247866 18.347117848694324 13.369511798024179 17.934632480144504 10.08744056522846 9.3972057774662954 2.8821125403046599
leaf_count=77 149 54 282 46 97 15
internal_value=-0.00055243 0.00705387 -0.00699821 -0.00315258 7.94189e-06 0.0187916
internal_weight=80.2046 34.5256 45.679 18.274 27.3318 16.2516
internal_count=720 192 528 123 379 69
is_linear=0
shrinkage=0.03


Tree=101
num_leaves=6
num_cat=0
split_feature=25 24 3 24 25
split_gain=4.95842 4.07891 3.44936 1.59901 1.3715
threshold=0.59288600000000014 0.96397750000000004 1.0000000180025095e-35 0.91978300000000013 0.74926650000000017
decision_type=2 2 8 2 2
left_child=3 4 -3 -1 -2
right_child=1 2 -4 -5 -6
leaf_value=0.00024689267613694393 -0.020545036980342612 -0.0002669649940570151 0.012491792870548378 -0.021995833553359972 0
leaf_weight=0.46877365186810394 4.9361038990318766 34.701882623136044 29.960707493126392 8.1931068580597621 2.7433054111897945
leaf_count=3 75 176 291 161 19
internal_value=0 0.00253998 0.00549304 -0.0184657 -0.0140744
internal_weight=81.0039 72.342 64.6626 8.66188 7.67941
internal_count=725 561 467 164 94
is_linear=0
shrinkage=0.03


Tree=102
num_leaves=5
num_cat=0
split_feature=3 23 23 24
split_gain=5.4217 3.50474 3.70692 2.62992
threshold=1.5000000000000002 0.0063255000000000013 0.096218500000000012 0.99493650000000011
decision_type=10 8 8 2
left_child=1 3 -3 -1
right_child=-2 2 -4 -5
leaf_value=-0.017932850148033145 0.020798351184491328 0.016773300991598912 -0.0023276149897775555 0.0050666894600793827
leaf_weight=15.494585920125248 6.9426647126674643 7.9656467139720908 47.518768494948745 2.0485080331563941
leaf_count=158 44 29 481 7
internal_value=0 -0.00275873 0.000621394 -0.0134391
internal_weight=79.9702 73.0275 55.4844 17.5431
internal_count=719 675 510 165
is_linear=0
shrinkage=0.03


Tree=103
num_leaves=6
num_cat=0
split_feature=24 21 24 24 4
split_gain=5.2609 1.94788 5.64523 3.10575 1.30244
threshold=0.96397750000000004 0.10762700000000001 0.98260900000000007 0.98782300000000012 2.5000000000000004
decision_type=2 8 2 2 10
left_child=4 2 -2 -3 -1
right_child=1 3 -4 -5 -6
leaf_value=-0.020635706230959578 -0.01489049789412982 0.012617626378002161 0.0076325393892949477 -0.0051171273420790335 0
leaf_weight=9.125282365828749 14.008654370903967 28.142157141119242 20.394551426172256 7.7134099230170241 0.91727848351001817
leaf_count=142 115 257 102 93 4
internal_value=0 0.00318611 -0.00119529 0.00792983 -0.0174931
internal_weight=80.3013 70.2588 34.4032 35.8556 10.0426
internal_count=713 567 217 350 146
is_linear=0
shrinkage=0.03


Tree=104
num_leaves=7
num_cat=0
split_feature=24 3 13 19 3 15
split_gain=5.55014 2.43078 3.12987 1.51315 1.2346 1.38207
threshold=0.97216550000000013 1.0000000180025095e-35 1.0000000180025095e-35 0.23227000000000003 1.5000000000000002 0.51299900000000009
decision_type=2 10 10 8 10 10
left_child=4 2 -2 -3 5 -1
right_child=1 3 -4 -5 -6 -7
leaf_value=-0.015984787862489167 0.0054447011080287783 0.022866554226181522 -0.014182814106989435 0 0.0018989335749157259 0.0011424133024359037
leaf_weight=17.080287119373686 47.09711217135191 7.7121490612626049 5.0953008681535712 2.0499833077192315 1.051585480570792 0.99625159054994483
leaf_count=232 385 45 26 10 5 4
internal_value=0.00133 0.00601266 0.00231825 0.0182258 -0.01124 -0.0135892
internal_weight=81.0827 61.9545 52.1924 9.76213 19.1281 18.0765
internal_count=707 466 411 55 241 236
is_linear=0
shrinkage=0.03


Tree=105
num_leaves=6
num_cat=0
split_feature=3 2 2 25 19
split_gain=3.99112 2.70621 7.80317 1.2134 1.10686
threshold=1.0000000180025095e-35 1.0000000180025095e-35 0.41428550000000003 0.77046150000000013 0.24211000000000002
decision_type=10 8 8 2 8
left_child=1 3 -3 -1 -2
right_child=4 2 -4 -5 -6
leaf_value=-0.0031024825124802559 0.019043668248008041 0.018251629365697106 -0.0056335851796995998 -0.026303454678145946 0
leaf_weight=11.316536474972962 8.4654806256294215 13.644191376864908 43.642902793362737 2.5182687044143668 1.6865040957927711
leaf_count=87 50 55 504 15 8
internal_value=0 -0.00240886 0.00018274 -0.0130424 0.0155053
internal_weight=81.2739 71.1219 57.2871 13.8348 10.152
internal_count=719 661 559 102 58
is_linear=0
shrinkage=0.03


Tree=106
num_leaves=7
num_cat=0
split_feature=2 9 2 19 19 24
split_gain=5.04751 3.78002 3.68725 3.34147 2.02538 1.86729
threshold=0.47222200000000009 8.2542165000000018 1.0000000180025095e-35 0.26683700000000005 0.18038500000000005 0.98850850000000012
decision_type=10 10 10 10 10 2
left_child=2 5 3 -1 -4 -2
right_child=1 -3 4 -5 -6 -7
leaf_value=0.0030218302521001382 -0.023750460595942768 0.007546572956848044 0 -0.018493379229478621 0.023337854029702541 0
leaf_weight=38.785658190026879 11.136169642210012 3.3021311014890662 7.8950402289629009 4.6775368824601165 8.8125976249575597 5.1924508512020102
leaf_count=433 108 18 39 39 36 34
internal_value=0 -0.0119843 0.00452319 0 0.015296 -0.0180444
internal_weight=79.8016 19.6308 60.1708 43.4632 16.7076 16.3286
internal_count=707 160 547 472 75 142
is_linear=0
shrinkage=0.03


Tree=107
num_leaves=5
num_cat=0
split_feature=3 16 24 24
split_gain=4.05874 2.79987 2.72598 2.2997
threshold=1.5000000000000002 0.16651950000000001 0.98595300000000019 0.96561050000000004
decision_type=10 8 2 2
left_child=1 2 -1 -3
right_child=-2 3 -4 -5
leaf_value=-0.01732860633767664 0.019649788331910136 -0.0085333443908515716 0 0.0057808803245163725
leaf_weight=13.023241445422174 6.2219903394579879 9.0171282514929754 10.96617282181978 41.342458557337523
leaf_count=108 41 135 59 369
internal_value=0.000630914 -0.00127324 -0.00934723 0.00231996
internal_weight=80.571 74.349 23.9894 50.3596
internal_count=712 671 167 504
is_linear=0
shrinkage=0.03


Tree=108
num_leaves=6
num_cat=0
split_feature=4 18 24 23 15
split_gain=3.58927 7.06286 3.39972 2.12047 1.62603
threshold=1.0000000180025095e-35 0.071565500000000018 0.97927450000000016 0.71218550000000014 0.48365300000000006
decision_type=10 8 2 8 10
left_child=1 4 -3 -2 -1
right_child=3 2 -4 -5 -6
leaf_value=-0.021704313627762355 0.019485793016975072 -0.0047632222240193509 0.0094403149792696948 -0.0026964450080537022 0
leaf_weight=13.652454223483799 9.4269925132393801 23.647284049540758 28.617324769496918 1.6031740307807929 1.0541584044694889
leaf_count=125 51 283 229 9 5
internal_value=6.35798e-05 -0.00235222 0.00256132 0.0142363 -0.0189838
internal_weight=78.0014 66.9712 52.2646 11.0302 14.7066
internal_count=702 642 512 60 130
is_linear=0
shrinkage=0.03


Tree=109
num_leaves=6
num_cat=0
split_feature=21 24 24 19 24
split_gain=4.5691 4.65666 3.03376 1.73721 1.50602
threshold=0.10762700000000001 0.9742360000000001 0.98659500000000011 0.0041160000000000007 0.91044300000000011
decision_type=10 2 2 8 2
left_child=1 4 -2 -3 -1
right_child=2 3 -4 -5 -6
leaf_value=0.0013769619499748877 0.020888621231621853 -0.01097895433660109 -0.005258440506163 0.0044323650928109488 -0.017381117020470009
leaf_weight=0.8068289570510413 11.328857310116289 4.0527812018990508 1.8939997330307949 42.298425856977701 16.312638724222779
leaf_count=7 49 44 12 336 249
internal_value=0.000457865 -0.00266413 0.0150143 0.00189148 -0.0149325
internal_weight=76.6935 63.4707 13.2229 46.3512 17.1195
internal_count=697 636 61 380 256
is_linear=0
shrinkage=0.03


Tree=110
num_leaves=5
num_cat=0
split_feature=3 21 0 17
split_gain=5.23043 4.59392 2.48786 1.27067
threshold=1.5000000000000002 0.11378600000000001 1.0000000180025095e-35 0.31178900000000004
decision_type=10 8 10 10
left_child=1 3 -3 -1
right_child=-2 2 -4 -5
leaf_value=-0.015838096588274557 0.018566274286992104 -0.0015865799576176242 0.016307035959303325 -1.902850005282341e-05
leaf_weight=27.246495984494686 5.7065961807966223 31.027287615463138 5.3594784289598456 10.007595423609017
leaf_count=204 40 387 21 81
internal_value=-0.00285758 -0.00557096 0.00132865 -0.012652
internal_weight=79.3475 73.6409 36.3868 37.2541
internal_count=733 693 408 285
is_linear=0
shrinkage=0.03


Tree=111
num_leaves=6
num_cat=0
split_feature=4 19 24 19 9
split_gain=3.75551 5.44954 3.51041 2.73583 0.108539
threshold=1.0000000180025095e-35 0.053732500000000009 0.97138100000000016 0.24211000000000002 8.0951295000000005
decision_type=10 8 2 8 10
left_child=1 -1 -3 4 -2
right_child=3 2 -4 -5 -6
leaf_value=-0.019612181069844789 0 -0.0096173294965053811 0.0060716938066376442 -0.0042106526990929108 0.022475768074454866
leaf_weight=10.68832917511463 2.8820071741938555 14.583824671804903 40.585854109376669 2.3059510737657556 7.7169976234436035
leaf_count=92 14 210 339 12 42
internal_value=0.000166411 -0.00251136 0.00112654 0.0136142 0.0197717
internal_weight=78.763 65.858 55.1697 12.905 10.599
internal_count=709 641 549 68 56
is_linear=0
shrinkage=0.03


Tree=112
num_leaves=6
num_cat=0
split_feature=25 4 7 19 15
split_gain=4.1447 1.99375 4.63967 3.15619 1.28059
threshold=0.59288600000000014 1.0000000180025095e-35 1.0000000180025095e-35 0.24827850000000004 0.30061300000000007
decision_type=2 10 10 10 10
left_child=4 2 -2 -3 -1
right_child=1 3 -4 -5 -6
leaf_value=-0.019207570753563826 0.0036791822315780892 0.020584234532796036 -0.024918952042099686 -0.0059285093601579575 0
leaf_weight=7.3946522921323767 56.45118772611022 10.122737668454645 2.4982027858495703 2.0869445204734793 0.54968580976128567
leaf_count=150 477 55 15 12 4
internal_value=0.00110041 0.00393325 0.000834912 0.0138046 -0.0156554
internal_weight=79.1034 71.1591 58.9494 12.2097 7.94434
internal_count=713 559 492 67 154
is_linear=0
shrinkage=0.03


end of trees

feature_importances:
embedding_cosine_gte_multilingual_base=110
reranker_score_gte_multilingual_reranker_base=80
shared_title_count_capped=52
max_category_share_percentile_gap_abs=52
repeated_title_share_percentile_gap_abs=41
shared_description_count_capped=40
profile_category_jaccard=30
digit_ratio_mean_percentile_gap_abs=29
repeated_description_share_percentile_gap_abs=28
shared_category_count_capped=22
punct_ratio_mean_percentile_gap_abs=22
description_length_median_percentile_gap_abs=18
item_count_percentile_gap_abs=14
price_median_percentile_gap_abs=10
shared_description_idf_mean=9
title_length_median_percentile_gap_abs=9
shared_description_idf_sum=8
same_market_raw_bool=3
shared_low_df_sentence_count=2
shared_title_idf_sum=1
shared_title_idf_mean=1

parameters:
[boosting: gbdt]
[objective: binary]
[metric: binary_logloss,auc]
[tree_learner: serial]
[device_type: cpu]
[data_sample_strategy: bagging]
[data: ]
[valid: ]
[num_iterations: 120]
[learning_rate: 0.03]
[num_leaves: 7]
[num_threads: 0]
[seed: 20260322]
[deterministic: 1]
[force_col_wise: 1]
[force_row_wise: 0]
[histogram_pool_size: -1]
[max_depth: 3]
[min_data_in_leaf: 10]
[min_sum_hessian_in_leaf: 0.001]
[bagging_fraction: 0.8]
[pos_bagging_fraction: 1]
[neg_bagging_fraction: 1]
[bagging_freq: 1]
[bagging_seed: 20260322]
[bagging_by_query: 0]
[feature_fraction: 0.6]
[feature_fraction_bynode: 1]
[feature_fraction_seed: 20260322]
[extra_trees: 0]
[extra_seed: 18836]
[early_stopping_round: 0]
[early_stopping_min_delta: 0]
[first_metric_only: 0]
[max_delta_step: 0]
[lambda_l1: 1]
[lambda_l2: 3]
[linear_lambda: 0]
[min_gain_to_split: 0.05]
[drop_rate: 0.1]
[max_drop: 50]
[skip_drop: 0.5]
[xgboost_dart_mode: 0]
[uniform_drop: 0]
[drop_seed: 22382]
[top_rate: 0.2]
[other_rate: 0.1]
[min_data_per_group: 100]
[max_cat_threshold: 32]
[cat_l2: 10]
[cat_smooth: 10]
[max_cat_to_onehot: 4]
[top_k: 20]
[monotone_constraints: ]
[monotone_constraints_method: basic]
[monotone_penalty: 0]
[feature_contri: ]
[forcedsplits_filename: ]
[refit_decay_rate: 0.9]
[cegb_tradeoff: 1]
[cegb_penalty_split: 0]
[cegb_penalty_feature_lazy: ]
[cegb_penalty_feature_coupled: ]
[path_smooth: 0]
[interaction_constraints: ]
[verbosity: -1]
[saved_feature_importance_type: 0]
[use_quantized_grad: 0]
[num_grad_quant_bins: 4]
[quant_train_renew_leaf: 0]
[stochastic_rounding: 1]
[linear_tree: 0]
[max_bin: 255]
[max_bin_by_feature: ]
[min_data_in_bin: 3]
[bin_construct_sample_cnt: 200000]
[data_random_seed: 20260322]
[is_enable_sparse: 1]
[enable_bundle: 1]
[use_missing: 1]
[zero_as_missing: 0]
[feature_pre_filter: 1]
[pre_partition: 0]
[two_round: 0]
[header: 0]
[label_column: ]
[weight_column: ]
[group_column: ]
[ignore_column: ]
[categorical_feature: ]
[forcedbins_filename: ]
[precise_float_parser: 0]
[parser_config_file: ]
[objective_seed: 31326]
[num_class: 1]
[is_unbalance: 0]
[scale_pos_weight: 1]
[sigmoid: 1]
[boost_from_average: 1]
[reg_sqrt: 0]
[alpha: 0.9]
[fair_c: 1]
[poisson_max_delta_step: 0.7]
[tweedie_variance_power: 1.5]
[lambdarank_truncation_level: 30]
[lambdarank_norm: 1]
[label_gain: ]
[lambdarank_position_bias_regularization: 0]
[eval_at: ]
[multi_error_top_k: 1]
[auc_mu_weights: ]
[num_machines: 1]
[local_listen_port: 12400]
[time_out: 120]
[machine_list_filename: ]
[machines: ]
[gpu_platform_id: -1]
[gpu_device_id: -1]
[gpu_use_dp: 0]
[num_gpu: 1]

end of parameters

pandas_categorical:null
