tree
version=v4
num_class=1
num_tree_per_iteration=1
label_index=0
max_feature_idx=29
objective=binary sigmoid:1
feature_names=same_market_raw_bool same_source_dataset_bool profile_category_jaccard shared_title_count_capped shared_description_count_capped shared_category_count_capped shared_title_idf_sum shared_description_idf_sum shared_title_idf_mean shared_description_idf_mean boilerplate_ratio_max boilerplate_ratio_gap_abs shared_boilerplate_count shared_low_df_sentence_count shared_rare_ngram_count item_count_percentile_gap_abs price_median_percentile_gap_abs title_length_median_percentile_gap_abs description_length_median_percentile_gap_abs digit_ratio_mean_percentile_gap_abs punct_ratio_mean_percentile_gap_abs repeated_title_share_percentile_gap_abs repeated_description_share_percentile_gap_abs max_category_share_percentile_gap_abs has_shared_contact_exact has_shared_pgp_fingerprint shared_contact_count_capped shared_pgp_fingerprint_count_capped embedding_cosine_gte_multilingual_base reranker_score_gte_multilingual_reranker_base
feature_infos=[0:1] [0:1] [0:1] [0:5] [0:5] [0:5] [0:70.616864000000007] [0:79.443972000000002] [0:8.8271080000000008] [0:8.8271080000000008] [0:0.20000000000000001] [0:0.20000000000000001] [0:1] [0:9] [0:8] [0:0.70916299999999999] [0:0.96791400000000005] [0:0.92293000000000003] [0:0.88129299999999999] [0:0.90190499999999996] [0:0.93838699999999997] [0:0.78087600000000001] [0:0.625498] [0:0.99695599999999995] [0:1] [0:0] [0:4] [0:0] [0.88623300000000005:0.99833300000000003] [0.41123199999999999:0.96361600000000003]
tree_sizes=890 885 867 663 889 791 781 876 857 888 867 881 890 845 892 844 869 790 773 851 788 782

Tree=0
num_leaves=7
num_cat=0
split_feature=28 20 22 24 16 20
split_gain=130.491 38.5107 33.5516 11.8025 7.64181 0.112099
threshold=0.97851850000000018 1.0000000180025095e-35 0.14709950000000002 1.0000000180025095e-35 0.29566500000000007 0.09586950000000001
decision_type=2 8 10 10 10 10
left_child=2 -2 3 -1 -3 -4
right_child=1 4 5 -5 -6 -7
leaf_value=-0.041161034797781139 -0.033810578386151861 0.031331350006369801 -7.8970330306222644e-10 0.0093786075910321752 -7.8970330306222644e-10 0.021508184776207254
leaf_weight=61.687045410275459 7.1404408216476432 73.088544107973576 2.4165900349616987 2.3660510182380667 9.7168991565704328 5.6583068370819092
leaf_count=499 40 360 9 7 38 16
internal_value=-0.0016655 0.0219416 -0.0312043 -0.0385107 0.0281129 0.0187763
internal_weight=162.074 89.9459 72.128 64.0531 82.8054 8.0749
internal_count=969 438 531 506 398 25
is_linear=0
shrinkage=1


Tree=1
num_leaves=7
num_cat=0
split_feature=28 29 22 26 3 22
split_gain=127.737 47.477 30.7743 11.1349 6.50291 4.39204
threshold=0.97851850000000018 0.61878350000000004 0.12851350000000003 1.0000000180025095e-35 1.0000000180025095e-35 0.0022595000000000007
decision_type=2 2 10 10 10 10
left_child=2 5 3 -1 -3 -2
right_child=1 4 -4 -5 -6 -7
leaf_value=-0.037349300270118388 -0.038462644898994584 0.023647428506031663 0.015007104433580352 0.011546453602974974 0.046957228724621769 0.001037949007882549
leaf_weight=59.888170089572668 7.7364353723824006 60.40350004285574 10.832379430532454 2.1947889029979697 25.73683899641037 1.2684767693281171
leaf_count=493 68 309 36 6 60 4
internal_value=0.00244911 0.0251689 -0.0266252 -0.0347072 0.0322944 -0.0315305
internal_weight=168.061 95.1453 72.9153 62.083 86.1403 9.00491
internal_count=976 441 535 499 369 72
is_linear=0
shrinkage=0.03


Tree=2
num_leaves=7
num_cat=0
split_feature=28 21 20 3 26 2
split_gain=101.818 52.5281 27.1875 10.6372 8.06327 1.5802
threshold=0.9785695000000002 0.052490000000000002 1.0000000180025095e-35 1.5000000000000002 1.0000000180025095e-35 0.81666650000000007
decision_type=2 10 8 10 10 10
left_child=1 4 5 -4 -1 -2
right_child=2 -3 3 -5 -6 -7
leaf_value=-0.038381619967398105 0 0.025126397817417868 0.018224161890022881 0.047417821769904694 0.0067051485304509204 -0.032545624037057762
leaf_weight=62.371183186769485 1.9523262977600087 12.457812592387198 65.626378130167723 16.646620482206345 1.7315452396869648 4.9600359946489334
leaf_count=518 8 37 357 36 5 29
internal_value=-0.000475601 -0.0255017 0.0208132 0.0259432 -0.0364713 -0.0265917
internal_weight=165.746 76.5605 89.1854 82.273 64.1027 6.91236
internal_count=990 560 430 393 523 37
is_linear=0
shrinkage=0.03


Tree=3
num_leaves=5
num_cat=0
split_feature=24 9 23 21
split_gain=56.5757 55.8825 25.6558 23.6004
threshold=1.0000000180025095e-35 7.9372940000000005 0.81133400000000011 0.00092500000000000015
decision_type=10 8 8 10
left_child=1 3 -3 -1
right_child=-2 2 -4 -5
leaf_value=-0.03496861046569779 0.0465405446671638 0.036279761431894278 0 -0.00053584448776796919
leaf_weight=48.619570225477219 18.377792596817017 24.497322276234627 45.504051230847836 30.341987177729607
leaf_count=254 41 65 502 123
internal_value=0.000704508 -0.00556009 0.0133971 -0.0226073
internal_weight=167.341 148.963 70.0014 78.9616
internal_count=985 944 567 377
is_linear=0
shrinkage=0.03


Tree=4
num_leaves=7
num_cat=0
split_feature=29 26 28 3 21 20
split_gain=124.436 33.3752 29.4225 20.5704 10.3005 6.01309
threshold=0.7019605000000001 1.0000000180025095e-35 0.97683400000000009 1.0000000180025095e-35 0.14425450000000004 0.25015000000000004
decision_type=2 10 2 10 10 10
left_child=1 3 4 -1 -2 -4
right_child=2 -3 5 -5 -6 -7
leaf_value=-0.036722612889943995 -0.017686191111962363 0.027875557875687768 0.03816120706967966 0.010926674259287462 0.021860220275951719 0.0070416321018452847
leaf_weight=66.378107730299234 15.229394324123861 6.6879431158304206 58.26423118263483 6.838162198662757 5.4788056015968314 10.574180871248243
leaf_count=530 119 17 245 23 15 38
internal_value=0.00108003 -0.0254534 0.0251381 -0.0316238 -0.00451574 0.0342923
internal_weight=169.451 79.9042 89.5466 73.2163 20.7082 68.8384
internal_count=987 570 417 553 134 283
is_linear=0
shrinkage=0.03


Tree=5
num_leaves=6
num_cat=0
split_feature=29 24 3 3 24
split_gain=100.677 39.0815 18.7464 11.6659 8.47606
threshold=0.71548950000000011 1.0000000180025095e-35 1.0000000180025095e-35 1.0000000180025095e-35 1.0000000180025095e-35
decision_type=2 10 10 10 8
left_child=1 2 -1 4 -2
right_child=3 -3 -4 -5 -6
leaf_value=-0.032712884543647541 0.0026912953315401398 0.034537396579676492 0.012928267576984282 0.044445017213681118 0.027248256737092556
leaf_weight=71.118605140596628 29.016914054751396 7.0852733999490729 6.4919820427894583 20.269861564040184 26.183014135807753
leaf_count=581 112 16 21 46 201
internal_value=0.000318592 -0.0215928 -0.0281839 0.0251763 0.015659
internal_weight=160.166 84.6959 77.6106 75.4698 55.1999
internal_count=977 618 602 359 313
is_linear=0
shrinkage=0.03


Tree=6
num_leaves=6
num_cat=0
split_feature=29 24 3 24 3
split_gain=92.3753 24.9548 21.7981 20.0426 11.3923
threshold=0.68428500000000014 1.0000000180025095e-35 1.5000000000000002 1.0000000180025095e-35 2.5000000000000004
decision_type=2 10 10 8 10
left_child=1 4 3 -2 -1
right_child=2 -3 -4 -5 -6
leaf_value=-0.0342218210689227 -0.0028643927913911595 0.02800319455768932 0.04551683720299176 0.026428232697927805 0.015843548424623866
leaf_weight=61.461153913289309 44.129990354180336 4.1406362354755393 18.764409750699997 33.825473584234715 1.8469064235687245
leaf_count=491 182 9 41 254 4
internal_value=-6.18823e-05 -0.0265331 0.0183402 0.00998368 -0.0316581
internal_weight=164.169 67.4487 96.7199 77.9555 63.3081
internal_count=981 504 477 436 495
is_linear=0
shrinkage=0.03


Tree=7
num_leaves=7
num_cat=0
split_feature=28 29 4 26 20 22
split_gain=88.3669 52.1276 25.2896 20.6455 6.05681 2.66235
threshold=0.97683400000000009 0.62835750000000012 1.0000000180025095e-35 1.0000000180025095e-35 0.23727050000000002 0.0022595000000000007
decision_type=2 2 10 10 10 10
left_child=2 5 3 -1 -3 -2
right_child=1 4 -4 -5 -6 -7
leaf_value=-0.035606506616785306 -0.034843444700549266 0.030768106895678344 0.02263477162365516 0.019362130977545845 0.0047446156734719013 0
leaf_weight=61.995344661176205 11.996953409165142 68.180107071995735 6.0999989360570899 4.1854534000158301 13.653146624565123 1.7753551602363575
leaf_count=501 103 323 17 11 51 7
internal_value=-0.000731662 0.0177893 -0.0253605 -0.0310076 0.0271013 -0.0307033
internal_weight=167.886 95.6056 72.2808 66.1808 81.8333 13.7723
internal_count=1013 484 529 512 374 110
is_linear=0
shrinkage=0.03


Tree=8
num_leaves=7
num_cat=0
split_feature=29 5 19 3 3 18
split_gain=88.5055 22.5558 13.7127 12.3305 8.46404 0.127948
threshold=0.69844400000000018 1.5000000000000002 0.5558725000000001 2.5000000000000004 1.5000000000000002 0.32467900000000011
decision_type=2 10 10 10 10 10
left_child=1 3 4 -1 -2 -4
right_child=2 -3 5 -5 -6 -7
leaf_value=-0.029912311597070522 0.017082363367258206 0.023452416082308174 -0.020772662600504713 0.0186822712618301 0.043336598206528132 0
leaf_weight=68.829929150640965 64.504449892789125 5.9057613760232917 2.7086618095636359 2.2996429204940787 17.228149712085724 2.0999225378036499
leaf_count=541 357 16 16 5 38 9
internal_value=0.000501973 -0.0222493 0.0211561 -0.0272441 0.0243089 -0.0173411
internal_weight=163.577 77.0353 86.5412 71.1296 81.7326 4.80858
internal_count=982 562 420 546 395 25
is_linear=0
shrinkage=0.03


Tree=9
num_leaves=7
num_cat=0
split_feature=29 28 24 21 5 20
split_gain=86.8885 35.7828 31.5293 15.5387 7.93496 7.0972
threshold=0.68428500000000014 0.97718500000000008 1.0000000180025095e-35 0.12386950000000001 1.5000000000000002 0.25015000000000004
decision_type=2 2 10 10 10 10
left_child=2 3 4 -2 -1 -3
right_child=1 5 -4 -5 -6 -7
leaf_value=-0.033792414252124793 -0.022204722209707158 0.033499365084140524 0.027435018760145941 0.021443854679280314 0.005702102680263119 0.0018830976751919419
leaf_weight=60.254704456776381 20.56089456751943 59.687996510416269 6.4596696496009818 7.3374749571084967 2.7051573246717444 9.8083612620830518
leaf_count=496 164 259 16 21 9 37
internal_value=0.000218875 0.0184536 -0.0246546 -0.00878648 -0.0314585 0.0297136
internal_weight=166.814 97.3947 69.4195 27.8984 62.9599 69.4964
internal_count=1002 481 521 185 505 296
is_linear=0
shrinkage=0.03


Tree=10
num_leaves=7
num_cat=0
split_feature=28 29 24 29 3 15
split_gain=81.3148 44.8886 20.2041 12.9628 8.20746 5.2168
threshold=0.97334950000000009 0.62835750000000012 1.0000000180025095e-35 0.7391445000000002 1.5000000000000002 0.03284850000000001
decision_type=2 2 10 2 10 10
left_child=2 5 3 -1 -3 -2
right_child=1 4 -4 -5 -6 -7
leaf_value=-0.041748587063583843 -0.034770302210158886 0.016659785715315862 0.020708791619358072 -0.0011141140594009501 0.041879243738048091 0
leaf_weight=40.97406305745244 12.595429088920357 73.269315417855978 3.996787577867507 10.454772248864172 17.446996450424194 3.6851916909217826
leaf_count=350 110 382 10 63 39 15
internal_value=-0.000432286 0.0145862 -0.0291987 -0.034556 0.0230156 -0.0270995
internal_weight=162.423 106.997 55.4256 51.4288 90.7163 16.2806
internal_count=969 546 423 413 421 125
is_linear=0
shrinkage=0.03


Tree=11
num_leaves=7
num_cat=0
split_feature=29 28 24 16 4 5
split_gain=77.5672 27.1248 23.4322 9.44909 8.85687 6.56344
threshold=0.68316900000000003 0.97683400000000009 1.0000000180025095e-35 0.47068100000000007 1.0000000180025095e-35 1.5000000000000002
decision_type=2 2 10 10 10 10
left_child=2 4 5 -3 -2 -1
right_child=1 3 -4 -5 -6 -7
leaf_value=-0.031384184912740573 -0.014548008319644508 0.029461236397856128 0.023921593246918411 -0.015886082052181616 0.023117707658738398 0.0038379283541005904
leaf_weight=60.467924386262894 23.56479033827782 65.851231101900339 5.5196771323680869 1.7079737931489933 3.8254704177379599 2.8729080706834784
leaf_count=495 170 290 14 10 9 10
internal_value=0 0.0173046 -0.0237341 0.0272629 -0.00653747 -0.0292331
internal_weight=163.81 94.9495 68.8605 67.5592 27.3903 63.3408
internal_count=998 479 519 300 179 505
is_linear=0
shrinkage=0.03


Tree=12
num_leaves=7
num_cat=0
split_feature=29 3 24 24 3 15
split_gain=64.4497 20.6296 18.1648 14.7663 14.5251 4.77732
threshold=0.68428500000000014 1.0000000180025095e-35 1.0000000180025095e-35 1.0000000180025095e-35 1.0000000180025095e-35 0.20060950000000002
decision_type=2 8 10 10 10 8
left_child=2 3 4 -2 -1 -3
right_child=1 5 -4 -5 -6 -7
leaf_value=-0.032285837047781631 -0.0078010076658754377 0.039916458522722763 0.019957110711638998 0.033257532380868232 0.010897237046800123 0.015183806388146632
leaf_weight=55.590704426169395 37.368945434689522 20.894019320607185 5.2154463082551947 6.7942227721214286 5.3775110840797415 27.087236486375332
leaf_count=479 161 49 14 15 18 246
internal_value=-0.000588769 0.0152549 -0.0227858 0 -0.0276756 0.0282575
internal_weight=158.328 92.1444 66.1837 44.1632 60.9682 47.9813
internal_count=982 471 511 176 497 295
is_linear=0
shrinkage=0.03


Tree=13
num_leaves=7
num_cat=0
split_feature=28 21 3 6 26 28
split_gain=56.2575 26.0995 15.413 18.851 2.99698 0.291767
threshold=0.97334950000000009 0.12386950000000001 1.5000000000000002 1.0000000180025095e-35 1.0000000180025095e-35 0.96118550000000014
decision_type=2 10 10 10 10 2
left_child=1 4 3 -2 -1 -3
right_child=2 5 -4 -5 -6 -7
leaf_value=-0.03121775985108742 0.013878819234023208 0 0.039590168127776826 -0.02351192424974528 0 0.023376829687749807
leaf_weight=48.736397568136454 76.909970715641975 1.5956416279077519 15.771331280469893 11.019608959555624 1.2463349997997273 6.3222466111183167
leaf_count=413 456 6 36 58 4 17
internal_value=0.000985137 -0.021846 0.0142697 0.00824185 -0.0300119 0.0210371
internal_weight=161.602 57.9006 103.701 87.9296 49.9827 7.91789
internal_count=990 440 550 514 417 23
is_linear=0
shrinkage=0.03


Tree=14
num_leaves=7
num_cat=0
split_feature=29 26 4 4 26 23
split_gain=75.8965 27.2125 9.87923 9.31008 11.2076 5.46338
threshold=0.70586950000000004 1.0000000180025095e-35 3.5000000000000004 1.0000000180025095e-35 1.0000000180025095e-35 0.73287700000000011
decision_type=2 10 10 8 8 10
left_child=1 2 -1 4 -2 -5
right_child=3 -3 -4 5 -6 -7
leaf_value=-0.027717140572871429 -0.00050496170385603732 0.02634138350402887 0.015102204907786311 0.032257520359088285 0.033908882095017946 -0.0026085506857711303
leaf_weight=69.166406866163015 30.305372789502144 7.4439370185136786 2.4351139664649954 43.808539874851704 8.0091322362422925 2.2468712776899329
leaf_count=561 123 19 6 248 18 10
internal_value=0.00125994 -0.0192949 -0.02531 0.0208622 0.00790254 0.0298895
internal_weight=163.415 79.0455 71.6015 84.3699 38.3145 46.0554
internal_count=985 586 567 399 141 258
is_linear=0
shrinkage=0.03


Tree=15
num_leaves=7
num_cat=0
split_feature=28 19 21 19 28 24
split_gain=54.0872 27.7195 23.6833 12.669 2.81439 2.79998
threshold=0.97334950000000009 0.0041160000000000007 0.12386950000000001 0.57113900000000017 0.9924940000000001 1.0000000180025095e-35
decision_type=2 8 10 10 2 10
left_child=2 4 5 -3 -2 -1
right_child=1 3 -4 -5 -6 -7
leaf_value=-0.030288211789025236 -0.034427692001725643 0.022069798474355213 0.021212283098211639 -0.015358916336921744 0 0
leaf_weight=47.808190766721964 7.5465862154960615 91.454269617795944 7.0868110060691825 5.8575266897678366 1.5495154857635496 1.2417999207973469
leaf_count=413 46 470 20 30 6 4
internal_value=0.0014521 0.0140878 -0.0214913 0.0191258 -0.0287059 -0.0291045
internal_weight=162.545 106.408 56.1368 97.3118 9.0961 49.05
internal_count=989 552 437 500 52 417
is_linear=0
shrinkage=0.03


Tree=16
num_leaves=7
num_cat=0
split_feature=28 2 20 28 20 28
split_gain=53.1718 17.0805 16.1998 13.2474 8.20982 1.82191
threshold=0.97851850000000018 0.47222200000000009 1.0000000180025095e-35 0.96567650000000016 0.24224200000000004 0.9924940000000001
decision_type=2 10 8 2 10 2
left_child=1 3 5 -1 -4 -2
right_child=2 -3 4 -5 -6 -7
leaf_value=-0.023705421621464495 -0.027009514046833456 -0.03984874428493633 0.02447712869300972 0.0050306852248799298 -0.00012235187716577478 0
leaf_weight=21.889527775347233 4.8683429211378089 20.414938867092133 65.486004181206226 29.528364587575197 11.899429693818091 1.5502143800258634
leaf_count=212 30 124 345 209 48 6
internal_value=0.000180078 -0.0181663 0.0163357 -0.00728394 0.0204579 -0.020865
internal_weight=155.637 71.8328 83.804 51.4179 77.3854 6.41856
internal_count=974 545 429 421 393 36
is_linear=0
shrinkage=0.03


Tree=17
num_leaves=6
num_cat=0
split_feature=29 24 3 24 3
split_gain=61.2912 15.7176 14.2747 13.9532 11.0597
threshold=0.68316900000000003 1.0000000180025095e-35 1.5000000000000002 1.0000000180025095e-35 1.0000000180025095e-35
decision_type=2 10 10 8 10
left_child=1 4 3 -2 -1
right_child=2 -3 -4 -5 -6
leaf_value=-0.028707755984611987 -0.0010357335845671419 0.020060097222736287 0.039089724995227393 0.023273444599327862 0.0081456950294448559
leaf_weight=55.760723400861025 43.99130517244339 4.9593135416507712 18.331855803728104 34.137314319610596 5.6747374385595313
leaf_count=477 180 13 43 260 20
internal_value=0.00134417 -0.0201249 0.0165845 0.00968392 -0.0246173
internal_weight=162.855 66.3948 96.4605 78.1286 61.4355
internal_count=993 510 483 440 497
is_linear=0
shrinkage=0.03


Tree=18
num_leaves=6
num_cat=0
split_feature=28 26 4 22 21
split_gain=52.0114 20.4215 23.1053 6.94471 1.09032
threshold=0.96567650000000016 1.0000000180025095e-35 1.0000000180025095e-35 0.13270100000000004 0.080088500000000021
decision_type=2 10 8 10 10
left_child=3 2 -2 4 -1
right_child=1 -3 -4 -5 -6
leaf_value=-0.038305902183887741 -0.010972717138978962 0.037886681821333215 0.016213473741622207 0.00024738957783706171 0
leaf_weight=28.242386128753427 51.478909730911255 15.00691808760166 54.338098764419556 3.2957299649715415 1.1294257193803776
leaf_count=264 239 35 409 13 5
internal_value=-0.000827209 0.00818978 0.00277409 -0.0329022 -0.0372268
internal_weight=153.491 120.824 105.817 32.6675 29.3718
internal_count=965 683 648 282 269
is_linear=0
shrinkage=0.03


Tree=19
num_leaves=7
num_cat=0
split_feature=29 28 26 21 15 23
split_gain=56.1383 21.4334 12.8928 9.20081 6.71396 2.38417
threshold=0.68428500000000014 0.97683400000000009 1.0000000180025095e-35 0.12386950000000001 0.30061300000000007 0.81133400000000011
decision_type=2 2 10 10 10 10
left_child=2 3 4 -2 -1 -3
right_child=1 5 -4 -5 -6 -7
leaf_value=-0.027588397209225464 -0.017664078318978902 0.025610547105196415 0.017527584349115666 0.017661444904582463 0 0
leaf_weight=53.855186481028795 18.53910414129496 62.190592054277658 4.4708479195833197 6.1403688639402381 7.1592509746551505 3.9291935414075843
leaf_count=466 150 277 12 18 32 15
internal_value=0.000273484 0.015527 -0.020192 -0.00682948 -0.0241165 0.0242399
internal_weight=156.285 90.7993 65.4853 24.6795 61.0144 66.1198
internal_count=970 460 510 168 498 292
is_linear=0
shrinkage=0.03


Tree=20
num_leaves=6
num_cat=0
split_feature=29 24 3 24 3
split_gain=57.6469 19.2698 12.522 13.3189 12.4752
threshold=0.70586950000000004 1.0000000180025095e-35 1.0000000180025095e-35 1.0000000180025095e-35 2.5000000000000004
decision_type=2 10 10 8 10
left_child=1 4 3 -2 -1
right_child=2 -3 -4 -5 -6
leaf_value=-0.026544394919587603 -0.0053144582733782942 0.02185442447646475 0.03499514487447284 0.021704984081643341 0.020047601905172002
leaf_weight=68.82094618678093 29.547291576862335 6.3933918923139563 21.993849501013756 28.571447338908911 2.7004927992820731
leaf_count=577 125 17 56 220 6
internal_value=-0.000682649 -0.0188702 0.0166876 0.00789098 -0.0236464
internal_weight=158.027 77.9148 80.1126 58.1187 71.5214
internal_count=1001 600 401 345 583
is_linear=0
shrinkage=0.03


Tree=21
num_leaves=6
num_cat=0
split_feature=29 5 3 2 26
split_gain=51.3163 16.778 12.2757 14.3378 8.32361
threshold=0.69844400000000018 1.5000000000000002 1.0000000180025095e-35 0.32575750000000009 1.0000000180025095e-35
decision_type=2 10 10 10 10
left_child=1 4 3 -2 -1
right_child=2 -3 -4 -5 -6
leaf_value=-0.024194014959809655 0.01820843865567277 0.022110303967699693 0.034947394929411783 -0.010951242022860696 0.012939846892744369
leaf_weight=65.16085135191679 40.458563279360533 5.7584121376276007 21.945701494812965 19.522512421011925 2.9820820838212958
leaf_count=540 262 16 56 88 8
internal_value=0.000430806 -0.0171392 0.0166785 0.00817171 -0.0216701
internal_weight=155.828 73.9013 81.9268 59.9811 68.1429
internal_count=970 564 406 350 548
is_linear=0
shrinkage=0.03


end of trees

feature_importances:
shared_title_count_capped=18
embedding_cosine_gte_multilingual_base=17
has_shared_contact_exact=16
reranker_score_gte_multilingual_reranker_base=16
shared_contact_count_capped=10
punct_ratio_mean_percentile_gap_abs=8
repeated_title_share_percentile_gap_abs=8
shared_description_count_capped=5
repeated_description_share_percentile_gap_abs=5
shared_category_count_capped=4
profile_category_jaccard=3
item_count_percentile_gap_abs=3
digit_ratio_mean_percentile_gap_abs=3
max_category_share_percentile_gap_abs=3
price_median_percentile_gap_abs=2
shared_title_idf_sum=1
shared_description_idf_mean=1
description_length_median_percentile_gap_abs=1

parameters:
[boosting: gbdt]
[objective: binary]
[metric: binary_logloss,auc]
[tree_learner: serial]
[device_type: cpu]
[data_sample_strategy: bagging]
[data: ]
[valid: ]
[num_iterations: 120]
[learning_rate: 0.03]
[num_leaves: 7]
[num_threads: 0]
[seed: 20260320]
[deterministic: 1]
[force_col_wise: 1]
[force_row_wise: 0]
[histogram_pool_size: -1]
[max_depth: 3]
[min_data_in_leaf: 10]
[min_sum_hessian_in_leaf: 0.001]
[bagging_fraction: 0.8]
[pos_bagging_fraction: 1]
[neg_bagging_fraction: 1]
[bagging_freq: 1]
[bagging_seed: 20260320]
[bagging_by_query: 0]
[feature_fraction: 0.6]
[feature_fraction_bynode: 1]
[feature_fraction_seed: 20260320]
[extra_trees: 0]
[extra_seed: 10983]
[early_stopping_round: 0]
[early_stopping_min_delta: 0]
[first_metric_only: 0]
[max_delta_step: 0]
[lambda_l1: 1]
[lambda_l2: 3]
[linear_lambda: 0]
[min_gain_to_split: 0.05]
[drop_rate: 0.1]
[max_drop: 50]
[skip_drop: 0.5]
[xgboost_dart_mode: 0]
[uniform_drop: 0]
[drop_seed: 19421]
[top_rate: 0.2]
[other_rate: 0.1]
[min_data_per_group: 100]
[max_cat_threshold: 32]
[cat_l2: 10]
[cat_smooth: 10]
[max_cat_to_onehot: 4]
[top_k: 20]
[monotone_constraints: ]
[monotone_constraints_method: basic]
[monotone_penalty: 0]
[feature_contri: ]
[forcedsplits_filename: ]
[refit_decay_rate: 0.9]
[cegb_tradeoff: 1]
[cegb_penalty_split: 0]
[cegb_penalty_feature_lazy: ]
[cegb_penalty_feature_coupled: ]
[path_smooth: 0]
[interaction_constraints: ]
[verbosity: -1]
[saved_feature_importance_type: 0]
[use_quantized_grad: 0]
[num_grad_quant_bins: 4]
[quant_train_renew_leaf: 0]
[stochastic_rounding: 1]
[linear_tree: 0]
[max_bin: 255]
[max_bin_by_feature: ]
[min_data_in_bin: 3]
[bin_construct_sample_cnt: 200000]
[data_random_seed: 20260320]
[is_enable_sparse: 1]
[enable_bundle: 1]
[use_missing: 1]
[zero_as_missing: 0]
[feature_pre_filter: 1]
[pre_partition: 0]
[two_round: 0]
[header: 0]
[label_column: ]
[weight_column: ]
[group_column: ]
[ignore_column: ]
[categorical_feature: ]
[forcedbins_filename: ]
[precise_float_parser: 0]
[parser_config_file: ]
[objective_seed: 10697]
[num_class: 1]
[is_unbalance: 0]
[scale_pos_weight: 1]
[sigmoid: 1]
[boost_from_average: 1]
[reg_sqrt: 0]
[alpha: 0.9]
[fair_c: 1]
[poisson_max_delta_step: 0.7]
[tweedie_variance_power: 1.5]
[lambdarank_truncation_level: 30]
[lambdarank_norm: 1]
[label_gain: ]
[lambdarank_position_bias_regularization: 0]
[eval_at: ]
[multi_error_top_k: 1]
[auc_mu_weights: ]
[num_machines: 1]
[local_listen_port: 12400]
[time_out: 120]
[machine_list_filename: ]
[machines: ]
[gpu_platform_id: -1]
[gpu_device_id: -1]
[gpu_use_dp: 0]
[num_gpu: 1]

end of parameters

pandas_categorical:null
