tree
version=v4
num_class=1
num_tree_per_iteration=1
label_index=0
max_feature_idx=29
objective=binary sigmoid:1
feature_names=same_market_raw_bool same_source_dataset_bool profile_category_jaccard shared_title_count_capped shared_description_count_capped shared_category_count_capped shared_title_idf_sum shared_description_idf_sum shared_title_idf_mean shared_description_idf_mean boilerplate_ratio_max boilerplate_ratio_gap_abs shared_boilerplate_count shared_low_df_sentence_count shared_rare_ngram_count item_count_percentile_gap_abs price_median_percentile_gap_abs title_length_median_percentile_gap_abs description_length_median_percentile_gap_abs digit_ratio_mean_percentile_gap_abs punct_ratio_mean_percentile_gap_abs repeated_title_share_percentile_gap_abs repeated_description_share_percentile_gap_abs max_category_share_percentile_gap_abs has_shared_contact_exact has_shared_pgp_fingerprint shared_contact_count_capped shared_pgp_fingerprint_count_capped embedding_cosine_gte_multilingual_base reranker_score_gte_multilingual_reranker_base
feature_infos=[0:1] [0:1] [0:1] [0:5] [0:5] [0:5] [0:70.616864000000007] [0:79.443972000000002] [0:8.8271080000000008] [0:8.8271080000000008] [0:0.20000000000000001] [0:0.20000000000000001] [0:1] [0:9] [0:8] [0:0.70916299999999999] [0:0.96791400000000005] [0:0.92293000000000003] [0:0.88129299999999999] [0:0.90190499999999996] [0:0.93838699999999997] [0:0.78087600000000001] [0:0.625498] [0:0.99467300000000003] [0:1] [0:0] [0:4] [0:0] [0.88623300000000005:0.99833300000000003] [0.41123199999999999:0.96361600000000003]
tree_sizes=881 847 789 867 876 862 766 763 858 840 749 776 772 578 731 555 846 659 845 887 553 788 866 577 824 576 861 863 786 765 871 857 874 876 786 567 659 685 661 885 869 847 870 739 771 894 881 572 769 864 863 666 881 577 875 684 577 555 761 767 688 660 660 853 777 744 577 684 575 849 665 742 570 686 657 851 766 767 877 651 832 859 573 573 656 641 686 870 749 575 542 759 574 823 870 659 833 580 650 578 683 862 567 661 868 862 870 863 660 578 644 767 581 769 874 681

Tree=0
num_leaves=7
num_cat=0
split_feature=29 24 28 21 3 4
split_gain=97.5179 25.8822 20.0525 18.4712 8.68347 8.46282
threshold=0.67941450000000014 1.0000000180025095e-35 0.97683300000000017 0.10762700000000001 1.0000000180025095e-35 3.5000000000000004
decision_type=2 10 2 8 8 10
left_child=1 5 3 -2 -4 -1
right_child=2 -3 4 -5 -6 -7
leaf_value=-0.041192913806873128 -0.034111883400611678 0.0243303111476923 0.013244156288119669 0.017502831779978682 0.043070895615373368 0.0076710307962014777
leaf_weight=41.647407576441765 7.0346232652664211 4.091160684823989 22.15482160449028 13.258037805557249 29.315611839294434 1.4233581423759449
leaf_count=324 38 11 79 85 155 4
internal_value=0.000775756 -0.0313524 0.0227021 -0.00119085 0.0322196 -0.0385326
internal_weight=118.925 47.1619 71.7631 20.2927 51.4704 43.0708
internal_count=696 339 357 123 234 328
is_linear=0
shrinkage=1


Tree=1
num_leaves=7
num_cat=0
split_feature=28 21 19 24 28 28
split_gain=62.4751 45.6821 26.6374 5.33958 2.10062 0.677722
threshold=0.9784480000000001 0.10762700000000001 0.0041160000000000007 1.0000000180025095e-35 0.91044300000000011 0.99163200000000018
decision_type=2 10 8 10 2 2
left_child=1 4 5 -4 -1 -2
right_child=2 -3 3 -5 -6 -7
leaf_value=0 -0.029255077469898822 0.026048317755249139 0.018246084718938616 0.044622903755142086 -0.038582840523903275 0
leaf_weight=1.0427610129117955 5.6014348417520514 10.263262689113615 46.556112997233868 12.621133521199225 40.434477590024471 1.9023401886224744
leaf_count=6 30 31 276 31 323 8
internal_value=7.90666e-05 -0.0236637 0.0191582 0.0262357 -0.0375663 -0.0253532
internal_weight=118.422 51.7405 66.681 59.1772 41.4772 7.50378
internal_count=705 360 345 307 329 38
is_linear=0
shrinkage=0.03


Tree=2
num_leaves=6
num_cat=0
split_feature=29 24 3 24 4
split_gain=107.31 15.162 13.5647 23.8672 8.97922
threshold=0.67941450000000014 1.0000000180025095e-35 1.0000000180025095e-35 1.0000000180025095e-35 1.0000000180025095e-35
decision_type=2 10 10 8 10
left_child=1 4 3 -2 -1
right_child=2 -3 -4 -5 -6
leaf_value=-0.040362159290121824 -0.0056451093798553405 0.016163786586579507 0.044447348197782427 0.031628311020687132 0.0049559787029897105
leaf_weight=42.027197897434235 26.450550615787506 2.8449007272720328 19.541255056858063 28.740086808800697 2.3742473870515814
leaf_count=337 111 8 50 203 8
internal_value=0.00138623 -0.0325652 0.0236651 0.0138791 -0.0371457
internal_weight=121.978 47.2463 74.7319 55.1906 44.4014
internal_count=717 353 364 314 345
is_linear=0
shrinkage=0.03


Tree=3
num_leaves=7
num_cat=0
split_feature=4 24 28 28 28 23
split_gain=63.1001 45.7645 19.2454 14.7054 1.28441 1.38685
threshold=1.0000000180025095e-35 1.0000000180025095e-35 0.98260900000000007 0.97270850000000009 0.9574950000000001 0.57592050000000017
decision_type=10 8 2 2 2 10
left_child=1 2 -1 -3 -2 -6
right_child=4 3 -4 -5 5 -7
leaf_value=-0.038870446094835996 0 -0.011895413067508015 -0.0016746648525891978 0.023818932016374271 0.044815643539207008 0.007160733146332237
leaf_weight=36.85799315571785 0.17887805402279155 11.590991031378506 21.206294164061546 30.490897323936224 21.584390878677372 4.3297665417194358
leaf_count=192 1 140 87 246 55 15
internal_value=0.00114505 -0.00965313 -0.0265267 0.0131794 0.0403419 0.0409575
internal_weight=126.239 100.146 58.0643 42.0819 26.093 25.9142
internal_count=736 665 279 386 71 70
is_linear=0
shrinkage=0.03


Tree=4
num_leaves=7
num_cat=0
split_feature=29 24 28 21 4 20
split_gain=97.7958 22.7684 15.7445 14.1501 8.09416 7.26418
threshold=0.6828955000000001 1.0000000180025095e-35 0.97683300000000017 0.080088500000000021 3.5000000000000004 0.23524500000000001
decision_type=2 10 2 8 10 10
left_child=1 4 3 -2 -1 -4
right_child=2 -3 5 -5 -6 -7
leaf_value=-0.040864709180766325 -0.028231501457721686 0.023130013665342387 0.033955053218047773 0.017032867028100696 0.0070274154159177052 6.2857592385005264e-05
leaf_weight=43.060318864881992 7.427222907543185 3.4908878654241553 45.476786457002163 12.253658294677733 1.4216365814208973 8.4900176376104337
leaf_count=342 39 9 213 78 4 33
internal_value=0 -0.0321943 0.0214252 -0.000201166 -0.038355 0.0294339
internal_weight=121.621 47.9728 73.6477 19.6809 44.482 53.9668
internal_count=718 355 363 117 346 246
is_linear=0
shrinkage=0.03


Tree=5
num_leaves=7
num_cat=0
split_feature=29 28 5 21 9 20
split_gain=90.0269 20.9482 15.7037 12.4897 9.49214 7.28962
threshold=0.6828955000000001 0.97683300000000017 1.5000000000000002 0.12386950000000001 8.419456000000002 0.23524500000000001
decision_type=2 2 10 10 10 10
left_child=2 3 4 -2 -1 -3
right_child=1 5 -4 -5 -6 -7
leaf_value=-0.036408089780098726 -0.021099812908501509 0.03520372682611482 0.017892210581419904 0.022417886656740209 0.0064279834579177263 0
leaf_weight=45.597036838531494 12.241068184375765 47.170756224542856 3.4219507128000251 6.4488787651062003 2.9601645916700354 7.7174836546182624
leaf_count=361 100 213 10 19 10 30
internal_value=0.000765657 0.0219977 -0.0283036 -0.00367727 -0.0329927 0.030996
internal_weight=125.557 73.5782 51.9792 18.6899 48.5572 54.8882
internal_count=743 362 381 119 371 243
is_linear=0
shrinkage=0.03


Tree=6
num_leaves=6
num_cat=0
split_feature=4 26 4 5 19
split_gain=62.1202 54.8787 17.4652 16.6522 4.0657
threshold=1.0000000180025095e-35 1.0000000180025095e-35 1.0000000180025095e-35 1.5000000000000002 0.19383400000000003
decision_type=10 8 8 10 10
left_child=1 3 -3 -1 -2
right_child=4 2 -4 -5 -6
leaf_value=-0.037804185904990281 0.044124791078490849 0.041585623801969417 0 0.0032776375214911111 0.0042864029285115471
leaf_weight=45.677685812115669 20.670489758253101 10.723115384578703 30.504843175411224 8.7087066918611509 5.2588081806898108
leaf_count=239 52 26 348 33 19
internal_value=-5.34195e-05 -0.0116262 0.0134606 -0.0308757 0.0383644
internal_weight=121.544 95.6144 41.228 54.3864 25.9293
internal_count=717 646 374 272 71
is_linear=0
shrinkage=0.03


Tree=7
num_leaves=6
num_cat=0
split_feature=28 19 24 3 3
split_gain=52.595 25.2415 15.8815 12.3179 4.25349
threshold=0.9742360000000001 0.00032450000000000008 1.0000000180025095e-35 1.0000000180025095e-35 1.0000000180025095e-35
decision_type=2 8 10 10 10
left_child=2 -2 4 -3 -1
right_child=1 3 -4 -5 -6
leaf_value=-0.033105483364293038 -0.027897339394593896 0.01191034408183818 0.022457188193330684 0.041181861648733012 0
leaf_weight=36.265306487679482 7.7169906944036475 55.444049809128046 2.8884303867816916 18.704283758997917 1.94510819017887
leaf_count=283 41 349 7 48 7
internal_value=0.00120733 0.0152116 -0.0251448 0.0209974 -0.030844
internal_weight=122.964 81.8653 41.0988 74.1483 38.2104
internal_count=735 438 297 397 290
is_linear=0
shrinkage=0.03


Tree=8
num_leaves=7
num_cat=0
split_feature=29 24 28 4 24 20
split_gain=64.2532 25.3817 21.1101 9.00685 7.60603 6.68373
threshold=0.6828955000000001 1.0000000180025095e-35 0.97683300000000017 3.5000000000000004 1.0000000180025095e-35 0.24938600000000002
decision_type=2 10 2 10 10 10
left_child=1 3 4 -1 -2 -4
right_child=2 -3 5 -5 -6 -7
leaf_value=-0.034802229860525329 -0.016505200676039319 0.02703887936770184 0.031224357663226412 0.010874460317290783 0.021699140132379766 0
leaf_weight=45.110033426433802 16.183450251817707 4.7037554234266272 46.407432712614536 1.8314048796892155 2.876619577407836 7.2936637997627249
leaf_count=351 115 12 218 5 7 29
internal_value=0 -0.0247688 0.0179106 -0.0318733 -0.00721254 0.0272664
internal_weight=124.406 51.6452 72.7612 46.9414 19.0601 53.7011
internal_count=737 368 369 356 122 247
is_linear=0
shrinkage=0.03


Tree=9
num_leaves=7
num_cat=0
split_feature=28 21 15 16 9 18
split_gain=48.451 31.3811 27.7411 4.41411 1.85898 1.53584
threshold=0.9784480000000001 0.11378600000000001 0.0062555000000000015 0.30299150000000002 8.5431960000000018 0.06665550000000002
decision_type=2 10 8 10 8 8
left_child=1 4 5 -4 -1 -2
right_child=2 -3 3 -5 -6 -7
leaf_value=-0.038615743225482828 -0.026488748286833702 0.02100605252240809 0.027769906996333218 0 -0.014178618228913953 0
leaf_weight=28.267450466752052 8.4375750720500911 9.5268040448427183 49.275144759565592 4.95658354461193 13.758543789386747 2.4819107800722131
leaf_count=155 44 30 264 20 182 10
internal_value=-0.00036605 -0.0216651 0.016259 0.0251985 -0.0327595 -0.0218459
internal_weight=116.704 51.5528 65.1512 54.2317 42.026 10.9195
internal_count=705 367 338 284 337 54
is_linear=0
shrinkage=0.03


Tree=10
num_leaves=6
num_cat=0
split_feature=3 24 2 21 28
split_gain=45.2756 44.1457 13.2688 10.2139 3.24683
threshold=1.0000000180025095e-35 1.0000000180025095e-35 inf 0.21124200000000004 0.9574950000000001
decision_type=10 8 8 10 2
left_child=1 3 -3 -1 -2
right_child=4 2 -4 -5 -6
leaf_value=-0.030384759297814021 0 0.038251523247062831 0.0015277522709984681 0.0088725818154760244 0.038872285664178156
leaf_weight=47.673638224601746 0.52876466512680309 10.79886871576309 30.809748724102974 4.1492578834295264 21.474748477339745
leaf_count=244 3 27 349 14 57
internal_value=0.000726528 -0.00836649 0.0136628 -0.0263808 0.0369084
internal_weight=115.435 93.4315 41.6086 51.8229 22.0035
internal_count=694 634 376 258 60
is_linear=0
shrinkage=0.03


Tree=11
num_leaves=6
num_cat=0
split_feature=29 20 9 5 23
split_gain=58.4397 9.43917 9.04762 10.176 7.18597
threshold=0.67941450000000014 0.70672900000000005 7.9372940000000005 1.5000000000000002 0.82154200000000011
decision_type=2 10 10 10 10
left_child=2 4 3 -1 -2
right_child=1 -3 -4 -5 -6
leaf_value=-0.031330883552210094 0.023545283443259381 -0.017093470906915462 0.012418278265204105 0.010415543493330799 -0.0057003244635243661
leaf_weight=42.002034015953541 63.794710475951433 3.4002350121736518 2.996790498495101 3.3452002555131903 5.5660125613212577
leaf_count=336 324 18 9 11 25
internal_value=0.000927232 0.0178782 -0.0235547 -0.0271756 0.0206448
internal_weight=121.105 72.761 48.344 45.3472 69.3607
internal_count=723 367 356 347 349
is_linear=0
shrinkage=0.03


Tree=12
num_leaves=6
num_cat=0
split_feature=29 24 3 24 3
split_gain=61.1077 24.0342 12.5415 20.581 9.35377
threshold=0.6828955000000001 1.0000000180025095e-35 1.5000000000000002 1.0000000180025095e-35 2.5000000000000004
decision_type=2 10 10 8 10
left_child=1 4 3 -2 -1
right_child=2 -3 -4 -5 -6
leaf_value=-0.034201569718704472 -0.0076825244149588143 0.02621765843306556 0.040402035670208496 0.027030905986025901 0.012923752034865482
leaf_weight=44.473628237843513 27.633453294634819 4.6758790314197531 15.158217459917067 26.869215376675129 1.642769157886504
leaf_count=355 119 12 38 190 4
internal_value=0 -0.0242122 0.0179695 0.00942651 -0.0312252
internal_weight=120.453 50.7923 69.6609 54.5027 46.1164
internal_count=718 371 347 309 359
is_linear=0
shrinkage=0.03


Tree=13
num_leaves=4
num_cat=0
split_feature=26 3 18
split_gain=40.8988 49.7425 20.0662
threshold=1.0000000180025095e-35 1.5000000000000002 0.24274350000000003
decision_type=10 10 8
left_child=1 2 -1
right_child=-2 -3 -4
leaf_value=-0.031820009869489942 0.03962746976252416 0.039268453907695289 -0.0025499181602063876
leaf_weight=39.235032513737679 16.422513037919998 13.888258665800093 48.157466370612383
leaf_count=206 42 35 430
internal_value=-9.54875e-05 -0.00777891 -0.0166426
internal_weight=117.703 101.281 87.3925
internal_count=713 671 636
is_linear=0
shrinkage=0.03


Tree=14
num_leaves=6
num_cat=0
split_feature=4 26 15 19 21
split_gain=45.5247 35.9514 13.667 5.59899 4.73191
threshold=1.0000000180025095e-35 1.0000000180025095e-35 0.0032590000000000002 0.27909000000000006 0.21124200000000004
decision_type=10 8 10 10 10
left_child=1 4 -3 -2 -1
right_child=3 2 -4 -5 -6
leaf_value=-0.028632656034050755 0.038583405873166762 0 0.036336303236744499 0 0
leaf_weight=48.007878705859184 21.48958604037762 32.325884535908699 9.6121810376644117 2.6431747674942008 3.6666266471147528
leaf_count=250 57 372 24 11 14
internal_value=-6.2074e-05 -0.00994469 0.00984086 0.0340285 -0.0262099
internal_weight=117.745 93.6126 41.9381 24.1328 51.6745
internal_count=728 660 396 68 264
is_linear=0
shrinkage=0.03


Tree=15
num_leaves=4
num_cat=0
split_feature=3 24 22
split_gain=35.798 42.6678 19.8785
threshold=1.5000000000000002 1.0000000180025095e-35 0.044107500000000001
decision_type=10 10 8
left_child=1 2 -1
right_child=-2 -3 -4
leaf_value=-0.027993516163398895 0.039318334641636053 0.038167187148823292 0
leaf_weight=42.178554400801659 15.650539875030516 13.71486149728298 47.69396660849452
leaf_count=220 40 35 431
internal_value=0.000784823 -0.00569836 -0.0137321
internal_weight=119.238 103.587 89.8725
internal_count=726 686 651
is_linear=0
shrinkage=0.03


Tree=16
num_leaves=7
num_cat=0
split_feature=28 21 20 3 4 28
split_gain=42.2691 32.9915 10.1296 4.40694 1.53449 0.245935
threshold=0.98004200000000008 0.054827500000000008 1.0000000180025095e-35 1.5000000000000002 1.0000000180025095e-35 0.99155550000000015
decision_type=2 10 8 10 10 2
left_child=1 4 5 -4 -1 -2
right_child=2 -3 3 -5 -6 -7
leaf_value=-0.031680957900925795 -0.018395950991218407 0.02079963041137238 0.013869257939985107 0.036958939292176363 0 0
leaf_weight=39.60755417868495 2.858474686741828 12.010027378797529 45.048291586339474 13.125981479883192 1.7139227688312519 1.8174716681241987
leaf_count=334 17 39 268 34 7 8
internal_value=0.000872679 -0.0179671 0.017405 0.0211264 -0.0305567 -0.0151475
internal_weight=116.182 53.3315 62.8502 58.1743 41.3215 4.67595
internal_count=707 380 327 302 341 25
is_linear=0
shrinkage=0.03


Tree=17
num_leaves=5
num_cat=0
split_feature=4 26 5 17
split_gain=38.3484 29.521 15.1067 2.40012
threshold=1.0000000180025095e-35 1.0000000180025095e-35 1.5000000000000002 0.18755600000000003
decision_type=10 10 8 10
left_child=1 2 -1 -2
right_child=3 -3 -4 -5
leaf_value=-0.025192932596614287 0.037564813911113618 0.033976480508493459 0 0.0040137228333325774
leaf_weight=45.915232434868813 18.762168318033222 10.018384426832197 37.258742466568947 5.2821840047836295
leaf_count=240 50 26 378 19
internal_value=0.000805038 -0.00783783 -0.01423 0.0325663
internal_weight=117.237 93.1924 83.174 24.0444
internal_count=713 644 618 69
is_linear=0
shrinkage=0.03


Tree=18
num_leaves=7
num_cat=0
split_feature=29 28 24 21 5 29
split_gain=45.3815 22.046 9.58912 8.36342 3.86145 2.99142
threshold=0.65566600000000019 0.96561050000000004 1.0000000180025095e-35 1.0000000180025095e-35 1.5000000000000002 0.88629250000000004
decision_type=2 2 10 8 10 2
left_child=2 5 4 -3 -1 -2
right_child=1 3 -4 -5 -6 -7
leaf_value=-0.034464449464253678 -0.030446641889653066 0 0.01363881662349541 0.02367062552115368 0 7.0541997868304657e-05
leaf_weight=31.297889180481434 8.1188550367951375 15.464344203472136 1.9781615138053883 52.470625545829535 1.3307366967201222 1.3569896519184101
leaf_count=271 68 65 5 291 5 6
internal_value=-0.000608585 0.0118684 -0.028036 0.0182219 -0.0323402 -0.0247057
internal_weight=112.018 77.4108 34.6068 67.935 32.6286 9.47584
internal_count=711 430 281 356 276 74
is_linear=0
shrinkage=0.03


Tree=19
num_leaves=7
num_cat=0
split_feature=29 5 28 21 26 3
split_gain=44.0399 16.2047 16.0708 7.64838 7.06069 4.44508
threshold=0.69913950000000014 1.5000000000000002 0.97683300000000017 0.14425450000000004 1.0000000180025095e-35 1.0000000180025095e-35
decision_type=2 10 2 8 10 8
left_child=1 4 3 -2 -1 -4
right_child=2 -3 5 -5 -6 -7
leaf_value=-0.029940807225169962 -0.030050953175596244 0.018632533459073179 0.0081065853092146378 0.0059971950903900187 0.010709576081994339 0.030869782320627443
leaf_weight=44.292099248617887 5.9897620975971195 5.0759794861078253 19.541938155889511 8.6094942763447762 1.5841259062290181 28.826693542301655
leaf_count=367 35 16 72 62 4 158
internal_value=-0.0011264 -0.0214337 0.0150785 -0.00968942 -0.0273521 0.0232675
internal_weight=113.92 50.9522 62.9679 14.5993 45.8762 48.3686
internal_count=714 387 327 97 371 230
is_linear=0
shrinkage=0.03


Tree=20
num_leaves=4
num_cat=0
split_feature=3 24 18
split_gain=33.2856 34.5332 16.1
threshold=1.5000000000000002 1.0000000180025095e-35 0.26234300000000005
decision_type=10 10 8
left_child=1 2 -1
right_child=-2 -3 -4
leaf_value=-0.025300928852080865 0.037818759571018108 0.034877396382894985 0
leaf_weight=40.468141943216324 16.570523142814636 13.517100438475607 47.482187457382679
leaf_count=213 44 36 432
internal_value=0.00177547 -0.00474055 -0.0121089
internal_weight=118.038 101.467 87.9503
internal_count=725 681 645
is_linear=0
shrinkage=0.03


Tree=21
num_leaves=6
num_cat=0
split_feature=4 24 5 4 23
split_gain=36.3814 23.6573 9.53841 7.52903 1.18648
threshold=1.0000000180025095e-35 1.0000000180025095e-35 1.5000000000000002 1.0000000180025095e-35 0.61503100000000011
decision_type=10 8 10 8 10
left_child=1 2 -1 -3 -2
right_child=4 3 -4 -5 -6
leaf_value=-0.025897410638894561 0.034895829582165291 0.030995446504536745 0.0055856317337954963 0.00067087535138550926 0.0021721282946038424
leaf_weight=43.952849686145782 20.39126251637936 7.6450781524181357 7.6521988958120337 31.726455468684435 3.5909462869167319
leaf_count=238 57 20 29 368 13
internal_value=0.000994941 -0.00758925 -0.0206292 0.0090449 0.0318941
internal_weight=114.959 90.9766 51.605 39.3715 23.9822
internal_count=725 655 267 388 70
is_linear=0
shrinkage=0.03


Tree=22
num_leaves=7
num_cat=0
split_feature=29 28 5 4 16 16
split_gain=52.0601 14.7086 13.0248 11.1277 2.51328 2.45475
threshold=0.70601300000000011 0.97683300000000017 1.5000000000000002 1.0000000180025095e-35 0.36242150000000001 0.25197350000000002
decision_type=2 2 10 10 10 8
left_child=2 5 3 -1 -3 -2
right_child=1 4 -4 -5 -6 -7
leaf_value=-0.031945785542995923 -0.019254750385163472 0.027596078340185026 0.015462960529258557 0.0091556744070714399 0 0.0012455426640755308
leaf_weight=44.126568861305714 5.3480241149663899 40.454690080136061 4.3802792727947226 4.2209606021642676 1.8569769859313954 7.1302771195769319
leaf_count=383 29 195 14 14 8 56
internal_value=-0.00182269 0.0178893 -0.0227043 -0.0274479 0.0260847 -0.00763142
internal_weight=107.518 54.79 52.7278 48.3475 42.3117 12.4783
internal_count=699 288 411 397 203 85
is_linear=0
shrinkage=0.03


Tree=23
num_leaves=4
num_cat=0
split_feature=24 3 28
split_gain=32.1443 32.1444 14.5769
threshold=1.0000000180025095e-35 1.5000000000000002 0.97216550000000013
decision_type=10 10 2
left_child=1 2 -1
right_child=-2 -3 -4
leaf_value=-0.029235056160747931 0.036539493655571555 0.034358314163835661 -0.0027471214188917186
leaf_weight=28.538719460368156 16.359910532832146 12.124155104160307 54.984598450362682
leaf_count=241 44 33 384
internal_value=0.00100615 -0.00569388 -0.0128442
internal_weight=112.007 95.6475 83.5233
internal_count=702 658 625
is_linear=0
shrinkage=0.03


Tree=24
num_leaves=7
num_cat=0
split_feature=29 28 24 2 29 23
split_gain=42.6284 19.5838 14.1545 4.88603 3.21585 0.636439
threshold=0.65566600000000019 0.96561050000000004 1.0000000180025095e-35 0.70833350000000006 0.74926650000000017 0.82863950000000008
decision_type=2 2 10 10 2 10
left_child=2 4 5 -3 -2 -1
right_child=1 3 -4 -5 -6 -7
leaf_value=-0.034415709139832801 -0.030461035969123834 0.022427320681081678 0.016784426883455359 0 0 0
leaf_weight=27.86327347159386 6.4939109124243242 55.658892564475536 3.2639316618442527 12.883182168006895 2.7959844879806042 1.4777524173259724
leaf_count=253 58 301 9 53 15 8
internal_value=0.000590527 0.0128738 -0.0265026 0.0187334 -0.0219381 -0.0333558
internal_weight=110.437 77.832 32.605 68.5421 9.2899 29.341
internal_count=697 427 270 354 73 261
is_linear=0
shrinkage=0.03


Tree=25
num_leaves=4
num_cat=0
split_feature=3 24 28
split_gain=28.2929 27.6053 19.1157
threshold=1.5000000000000002 1.0000000180025095e-35 0.98260900000000007
decision_type=10 10 2
left_child=1 2 -1
right_child=-2 -3 -4
leaf_value=-0.023032742966130289 0.035650114751443807 0.032150607658320486 0.0047557130923724083
leaf_weight=49.004945371299982 15.489556699991224 12.285452857613562 34.825547903776169
leaf_count=401 43 34 226
internal_value=0.00141932 -0.00470653 -0.0113777
internal_weight=111.606 96.1159 83.8305
internal_count=704 661 627
is_linear=0
shrinkage=0.03


Tree=26
num_leaves=7
num_cat=0
split_feature=29 28 5 7 2 22
split_gain=32.9865 11.6881 11.458 5.83563 4.12918 3.52353
threshold=0.6828955000000001 0.97683300000000017 1.5000000000000002 8.4887085000000031 0.85416650000000016 0.14709950000000002
decision_type=2 2 10 10 10 8
left_child=2 5 3 -1 -3 -2
right_child=1 4 -4 -5 -6 -7
leaf_value=-0.027133064856425429 -0.01909014217038215 0.024600426143664558 0.016260194317029488 0.0043610204287713875 0 0.0034736008200579004
leaf_weight=39.72252393886447 7.1314197331666973 38.804635979235172 4.3600607365369788 3.3668722808361045 7.6561898738145819 10.19321073591709
leaf_count=349 39 204 14 12 31 76
internal_value=-0.000316238 0.0132608 -0.0188654 -0.0238976 0.0208894 -0.00578521
internal_weight=111.235 63.7855 47.4495 43.0894 46.4608 17.3246
internal_count=725 350 375 361 235 115
is_linear=0
shrinkage=0.03


Tree=27
num_leaves=7
num_cat=0
split_feature=28 19 24 28 7 28
split_gain=27.3682 14.5599 7.88318 6.07618 4.86135 0.610531
threshold=0.97216550000000013 0.0041160000000000007 1.0000000180025095e-35 0.98260900000000007 17.510375000000007 0.9918030000000001
decision_type=2 8 10 2 10 2
left_child=2 5 4 -3 -1 -2
right_child=1 3 -4 -5 -6 -7
leaf_value=-0.03026624801613613 -0.023946511329658662 0.0019796504813829781 0.012133336332615104 0.021418346758857329 0.006339334965268428 0
leaf_weight=26.558777686208494 6.8654557913541776 27.233042597770691 2.4703669548034659 43.681922249495983 1.1648941040039051 1.7552480697631834
leaf_count=241 42 179 7 230 3 8
internal_value=0.000392213 0.00988749 -0.0223491 0.0147426 -0.0272829 -0.0209651
internal_weight=109.73 79.5357 30.194 70.915 27.7237 8.6207
internal_count=710 459 251 409 244 50
is_linear=0
shrinkage=0.03


Tree=28
num_leaves=6
num_cat=0
split_feature=29 24 3 24 14
split_gain=32.4968 15.2083 9.20637 11.7333 4.43227
threshold=0.67941450000000014 1.0000000180025095e-35 1.5000000000000002 1.0000000180025095e-35 3.5000000000000004
decision_type=2 10 10 8 10
left_child=1 4 3 -2 -1
right_child=2 -3 -4 -5 -6
leaf_value=-0.028142480399749072 -0.007783429973981338 0.020599061511975648 0.033056391752029839 0.019440625838478456 0.0060321373539818602
leaf_weight=39.000369880348444 25.627433016896248 4.3260854482650748 12.853642672300337 24.137490544468164 1.15648654103279
leaf_count=340 115 12 37 193 3
internal_value=-0.000791971 -0.0199232 0.0126308 0.00520706 -0.0261122
internal_weight=107.102 44.4829 62.6186 49.7649 40.1569
internal_count=700 355 345 308 343
is_linear=0
shrinkage=0.03


Tree=29
num_leaves=6
num_cat=0
split_feature=28 19 22 3 28
split_gain=29.1179 14.6168 6.89619 6.14569 0.629185
threshold=0.97216550000000013 0.0041160000000000007 0.13270100000000004 1.0000000180025095e-35 0.9918030000000001
decision_type=2 8 10 10 2
left_child=2 4 -1 -3 -2
right_child=1 3 -4 -5 -6
leaf_value=-0.029753785485141102 -0.023640718873863105 0.0086980426835592643 0.0015932667626197123 0.031304644789021945 0
leaf_weight=24.10055556893349 6.9227954745292646 54.683873306959867 5.5666559487581244 15.115580946207045 1.7489264011383054
leaf_count=230 43 360 23 45 8
internal_value=0.000315515 0.0101602 -0.0233474 0.0150941 -0.0206548
internal_weight=108.138 78.4712 29.6672 69.7995 8.67172
internal_count=709 456 253 405 51
is_linear=0
shrinkage=0.03


Tree=30
num_leaves=7
num_cat=0
split_feature=29 24 4 24 23 9
split_gain=31.6764 9.85086 6.41057 8.17255 3.17363 2.50775
threshold=0.6828955000000001 1.0000000180025095e-35 1.0000000180025095e-35 1.0000000180025095e-35 0.76460150000000004 8.419456000000002
decision_type=2 10 8 10 8 10
left_child=1 5 3 -2 -4 -1
right_child=2 -3 4 -5 -6 -7
leaf_value=-0.025463787541685844 -0.0069680191688641351 0.014916256721516585 0.031332329776413786 0.02599695883030205 0.0079042297071045403 0
leaf_weight=40.427718989551067 22.745340541005138 3.7140439599752417 14.740082159638403 6.0657310187816611 17.677908770740032 1.8464810550212849
leaf_count=363 103 11 44 17 176 7
internal_value=-0.00106324 -0.0194487 0.0125421 0.00082636 0.0211554 -0.0239188
internal_weight=107.217 45.9882 61.2291 28.8111 32.418 42.2742
internal_count=721 381 340 120 220 370
is_linear=0
shrinkage=0.03


Tree=31
num_leaves=7
num_cat=0
split_feature=29 23 28 21 23 28
split_gain=34.5153 9.23518 7.67743 7.78973 6.46268 2.11644
threshold=0.6828955000000001 0.0074560000000000008 0.97683300000000017 0.14425450000000004 0.22888150000000004 0.99312000000000011
decision_type=2 10 2 10 8 2
left_child=1 5 3 -2 -3 -1
right_child=2 4 -4 -5 -6 -7
leaf_value=-0.028999075936452432 -0.014718503553188534 0.020686028707565716 0.020840390910231474 0.020206626489712647 -0.0135627308457235 0
leaf_weight=27.896638315171007 12.013353634625675 5.6823156476020786 48.65101695805788 6.2074918299913397 8.4225067794322968 0.98867642134427924
leaf_count=276 100 18 247 19 48 7
internal_value=0.00141757 -0.0185152 0.0149059 -0.00023193 0 -0.0274797
internal_weight=109.862 42.9901 66.8719 18.2208 14.1048 28.8853
internal_count=715 349 366 119 66 283
is_linear=0
shrinkage=0.03


Tree=32
num_leaves=7
num_cat=0
split_feature=29 26 2 7 6 23
split_gain=27.8224 11.4361 10.293 5.9246 5.134 3.71448
threshold=0.67941450000000014 1.0000000180025095e-35 0.32575750000000009 16.375431000000003 1.0000000180025095e-35 0.82154200000000011
decision_type=2 10 10 10 10 10
left_child=1 3 5 -1 -4 -2
right_child=2 -3 4 -5 -6 -7
leaf_value=-0.025744856706270844 0.021775165759882534 0.018413486151367609 -0.014030078112813375 0.010816644861758432 0.014865488510140303 -0.004272552056693503
leaf_weight=38.595854837447405 43.937453828752041 3.8796158730983725 14.446122735738756 1.569731444120406 4.5395440161228171 2.4351093918085089
leaf_count=347 270 11 69 4 15 12
internal_value=0 -0.0177441 0.012232 -0.0229685 -0.00467084 0.0196232
internal_weight=109.403 44.0452 65.3582 40.1656 18.9857 46.3726
internal_count=728 362 366 351 84 282
is_linear=0
shrinkage=0.03


Tree=33
num_leaves=7
num_cat=0
split_feature=29 28 21 23 15 28
split_gain=31.4463 13.7526 12.1709 8.51907 5.27667 0.74565
threshold=0.65566600000000019 0.98241700000000021 0.10762700000000001 0.0074560000000000008 0.17027000000000003 0.99215650000000011
decision_type=2 2 10 10 8 2
left_child=3 2 -2 -1 -5 -3
right_child=1 5 -4 4 -6 -7
leaf_value=-0.031134550554077829 -0.012899962159089274 0.026840541196673607 0.022950925111133062 0.019063872489444637 -0.016303379813617888 0.0066113676850485569
leaf_weight=22.64119337126613 24.347560293972492 29.93658347055316 9.2459686994552595 4.6761248707771275 4.3711609244346628 8.8260007128119451
leaf_count=235 200 143 29 16 28 50
internal_value=0.00110543 0.0122153 -0.00114026 -0.02226 0 0.0237586
internal_weight=104.045 72.3561 33.5935 31.6885 9.04729 38.7626
internal_count=701 422 229 279 44 193
is_linear=0
shrinkage=0.03


Tree=34
num_leaves=6
num_cat=0
split_feature=28 24 19 2 16
split_gain=22.4793 17.4707 9.39778 6.77741 2.34177
threshold=0.98241700000000021 1.0000000180025095e-35 0.00032450000000000008 0.47222200000000009 0.47296400000000005
decision_type=2 10 8 10 10
left_child=1 3 -2 -1 -4
right_child=2 -3 4 -5 -6
leaf_value=-0.0081729093519964657 -0.01381251042604568 0.025744314517648886 0.02237468964247671 -0.034064473167934317 -3.6742768394734649e-05
leaf_weight=37.798590313643217 5.0046404749155036 6.969178393483161 42.756342858076096 13.510757461190222 1.7098883688449849
leaf_count=341 30 20 235 91 8
internal_value=0.00165981 -0.0104314 0.0162575 -0.0170481 0.020933
internal_weight=107.749 58.2785 49.4709 51.3093 44.4662
internal_count=725 452 273 432 243
is_linear=0
shrinkage=0.03


Tree=35
num_leaves=4
num_cat=0
split_feature=26 6 21
split_gain=21.7987 15.313 11.398
threshold=1.0000000180025095e-35 8.4887085000000031 0.046415500000000005
decision_type=10 10 8
left_child=1 2 -1
right_child=-2 -3 -4
leaf_value=-0.020278432986013253 0.031210180558147525 0.025286687736883379 0.00071454236177814344
leaf_weight=43.351093024015427 14.102369219064711 9.3816131204366666 41.089751038700342
leaf_count=248 42 30 414
internal_value=0 -0.00552902 -0.0100459
internal_weight=107.925 93.8225 84.4408
internal_count=734 692 662
is_linear=0
shrinkage=0.03


Tree=36
num_leaves=5
num_cat=0
split_feature=29 28 23 15
split_gain=25.6336 14.0789 12.26 0.702524
threshold=0.58551750000000002 0.95910000000000017 0.0014810000000000001 0.087699000000000013
decision_type=2 2 8 8
left_child=-1 3 -3 -2
right_child=1 2 -4 -5
leaf_value=-0.032378496223547271 0 -0.0082571062883247635 0.017521091711957704 -0.027460078829517176
leaf_weight=14.141525041311978 0.78293079137802024 18.185864478349686 65.162762355059385 6.5330323129892349
leaf_count=144 4 91 401 63
internal_value=0.00105997 0.00746588 0.0114576 -0.0252098
internal_weight=104.806 90.6646 83.3486 7.31596
internal_count=703 559 492 67
is_linear=0
shrinkage=0.03


Tree=37
num_leaves=5
num_cat=0
split_feature=29 26 4 4
split_gain=34.6723 7.56845 9.32117 4.44396
threshold=0.64408250000000011 1.0000000180025095e-35 1.0000000180025095e-35 1.0000000180025095e-35
decision_type=2 10 8 10
left_child=3 2 -2 -1
right_child=1 -3 -4 -5
leaf_value=-0.030222234179678651 -0.0050755705359527828 0.030862822398448099 0.016008735837212209 0.0052829675213241648
leaf_weight=23.596975177526478 30.554535761475563 12.891743734478949 37.188368692994118 1.1172210574150074
leaf_count=234 144 39 288 3
internal_value=0.0016747 0.0115206 0.00626291 -0.0271366
internal_weight=105.349 80.6346 67.7429 24.7142
internal_count=708 471 432 237
is_linear=0
shrinkage=0.03


Tree=38
num_leaves=5
num_cat=0
split_feature=4 28 23 18
split_gain=18.8702 16.107 16.1127 3.28448
threshold=1.0000000180025095e-35 0.96561050000000004 0.0074560000000000008 0.10388000000000001
decision_type=10 2 8 10
left_child=1 -1 -3 -2
right_child=3 2 -4 -5
leaf_value=-0.029146937776805694 0.031550231474817211 -0.01900410486777299 0.011086455358095042 0
leaf_weight=15.293967749923466 16.175081714987758 19.353075280785561 51.893736224621534 4.4097989350557318
leaf_count=155 50 113 380 18
internal_value=0.00215546 -0.00390254 0.00207116 0.0261527
internal_weight=107.126 86.5408 71.2468 20.5849
internal_count=716 648 493 68
is_linear=0
shrinkage=0.03


Tree=39
num_leaves=7
num_cat=0
split_feature=28 22 3 28 23 22
split_gain=23.5559 11.7496 4.95105 4.31569 3.93654 3.31911
threshold=0.97138100000000016 0.0022595000000000007 1.5000000000000002 0.99371650000000011 0.73399800000000004 0.42430300000000004
decision_type=2 8 10 2 8 10
left_child=2 3 5 -2 -3 -1
right_child=1 4 -4 -5 -6 -7
leaf_value=-0.028379607563067465 -0.015583756348454067 0.022998636246455439 0.0088579934058019699 0.013350240814528836 0.0047792010782341495 0.00026880797937892364
leaf_weight=22.521165262907751 15.930855214595796 34.285902768373489 1.500431329011916 2.5387021899223319 24.478844460099936 1.8144222646951664
leaf_count=223 92 120 4 8 249 7
internal_value=0.00136381 0.00994314 -0.0216091 -0.00889962 0.0164957 -0.0253511
internal_weight=103.07 77.2343 25.836 18.4696 58.7647 24.3356
internal_count=703 469 234 100 369 230
is_linear=0
shrinkage=0.03


Tree=40
num_leaves=7
num_cat=0
split_feature=29 21 2 28 26 28
split_gain=27.8687 11.8825 6.95698 6.01463 4.36459 2.62022
threshold=0.71720200000000012 0.054827500000000008 0.32575750000000009 0.9894590000000002 1.0000000180025095e-35 0.95910000000000017
decision_type=2 10 10 2 10 2
left_child=1 4 5 -4 -1 -2
right_child=2 -3 3 -5 -6 -7
leaf_value=-0.023243054334847094 -0.0030154028475117708 0.013836783015817289 -0.015606180115902819 0.016335194634550999 0.0066859545705425585 0.023823251924287355
leaf_weight=42.191503599286079 0.78180906921625037 7.5752663016319266 8.7005571573972684 6.606798142194747 1.9103104025125492 35.112908456474543
leaf_count=403 9 28 45 22 6 209
internal_value=0 -0.0148368 0.0155141 0 -0.0209665 0.0222799
internal_weight=102.879 51.6771 51.2021 15.3074 44.1018 35.8947
internal_count=722 437 285 67 409 218
is_linear=0
shrinkage=0.03


Tree=41
num_leaves=7
num_cat=0
split_feature=29 28 21 23 7 16
split_gain=27.6284 16.8519 6.25714 3.6343 2.17105 0.972419
threshold=0.62888350000000015 0.97511300000000012 0.080088500000000021 0.82154200000000011 8.4887085000000031 0.62829750000000006
decision_type=2 2 8 10 10 10
left_child=4 2 -2 -3 5 -1
right_child=1 3 -4 -5 -6 -7
leaf_value=-0.027978395704174968 -0.024465616259228991 0.020539445989684029 0.0030684176875279013 -0.0062920899826350105 0 0
leaf_weight=20.638509009033449 10.203532166779043 57.605790130794048 12.047093015164135 1.7996013015508641 0.92181117832660575 1.2598928064107884
leaf_count=215 67 313 106 9 3 8
internal_value=0.00224761 0.0107228 -0.00977646 0.0189825 -0.024639 -0.0266088
internal_weight=104.476 81.656 22.2506 59.4054 22.8202 21.8984
internal_count=721 495 173 322 226 223
is_linear=0
shrinkage=0.03


Tree=42
num_leaves=7
num_cat=0
split_feature=29 28 24 3 29 18
split_gain=20.7683 10.9701 5.70364 3.63029 2.97273 1.764
threshold=0.65566600000000019 0.96561050000000004 1.0000000180025095e-35 1.0000000180025095e-35 0.74926650000000017 0.33937650000000003
decision_type=2 2 10 10 2 10
left_child=2 4 5 -3 -2 -1
right_child=1 3 -4 -5 -6 -7
leaf_value=-0.026038504282281157 -0.025807715410594539 0.0086721024472494121 0.010161009213578343 0.027657013282135726 0.00044311361693806175 0
leaf_weight=23.140389040112503 5.7718139216303808 48.688421450555325 2.3375607430934897 14.402327597141264 3.0700299851596355 3.7297913506627074
leaf_count=244 59 308 7 48 19 22
internal_value=0.000920328 0.0098202 -0.0189398 0.0145186 -0.0163565 -0.0232421
internal_weight=101.14 71.9326 29.2077 63.0907 8.84184 26.8702
internal_count=707 434 273 356 78 266
is_linear=0
shrinkage=0.03


Tree=43
num_leaves=6
num_cat=0
split_feature=29 28 3 21 16
split_gain=22.6559 12.6942 6.29148 3.59336 1.04101
threshold=0.62888350000000015 0.97478750000000003 1.5000000000000002 0.14425450000000004 0.62829750000000006
decision_type=2 2 8 8 10
left_child=4 3 -3 -2 -1
right_child=1 2 -4 -5 -6
leaf_value=-0.028354255024365491 -0.023639689708518465 0.002168794684866665 0.02346895577093594 0 0
leaf_weight=20.994203034788374 9.6314190551638621 29.810420259833336 25.301934689283371 10.216952174901961 1.2457740008831013
leaf_count=221 64 122 184 100 8
internal_value=-0.00210442 0.00564072 0.0131706 -0.0129384 -0.0269659
internal_weight=97.2007 74.9607 55.1124 19.8484 22.24
internal_count=699 470 306 164 229
is_linear=0
shrinkage=0.03


Tree=44
num_leaves=6
num_cat=0
split_feature=4 24 18 15 22
split_gain=18.5239 15.5569 8.94658 4.93122 0.859193
threshold=1.0000000180025095e-35 1.0000000180025095e-35 0.41554250000000004 0.0032590000000000002 0.0013980000000000002
decision_type=10 8 10 10 10
left_child=1 2 -1 -3 -2
right_child=4 3 -4 -5 -6
leaf_value=-0.02154964534844403 0 0.0009557420158479886 0.010056115477182334 0.025719181664076204 0.02814857594696115
leaf_weight=40.417777501046658 2.819176837801936 29.222178820520639 6.6096284091472617 8.2369525432586652 16.511459618806839
leaf_count=244 11 363 29 26 55
internal_value=0.00106234 -0.00490591 -0.0161712 0.00864579 0.0256453
internal_weight=103.817 84.4865 47.0274 37.4591 19.3306
internal_count=728 662 273 389 66
is_linear=0
shrinkage=0.03


Tree=45
num_leaves=7
num_cat=0
split_feature=29 5 4 4 26 16
split_gain=20.2619 7.57838 6.52205 5.39798 4.77705 0.258552
threshold=0.6828955000000001 1.5000000000000002 1.0000000180025095e-35 1.0000000180025095e-35 1.0000000180025095e-35 0.23394650000000003
decision_type=2 10 10 10 8 10
left_child=1 2 -1 4 -2 -5
right_child=3 -3 -4 5 -6 -7
leaf_value=-0.023505073768207856 -0.0033338417480684793 0.01593076972365139 0.0099175909086147568 0.029285824372241372 0.014469853993773745 0.00030672262567833287
leaf_weight=32.876065537333488 22.663702353835106 3.1332857161760321 3.0854583084583274 11.911203071475027 22.599666859954596 2.561064586043357
leaf_count=340 102 10 10 39 197 10
internal_value=0.000962863 -0.0148524 -0.0193246 0.0120068 0.00528071 0.0268078
internal_weight=98.8304 39.0948 35.9615 59.7356 45.2634 14.4723
internal_count=708 360 350 348 299 49
is_linear=0
shrinkage=0.03


Tree=46
num_leaves=7
num_cat=0
split_feature=29 5 21 3 20 9
split_gain=16.7886 5.91064 5.43388 4.52519 1.83054 1.1174
threshold=0.6828955000000001 1.5000000000000002 1.0000000180025095e-35 2.5000000000000004 0.47980200000000006 8.2542165000000018
decision_type=2 10 8 10 10 10
left_child=1 3 5 -1 -4 -2
right_child=2 -3 4 -5 -6 -7
leaf_value=-0.019706127559446077 -0.0082053085587694349 0.013637990696201677 0.017631711583012175 0.010560098888062046 -0.00075360470336049469 0.0060552274700571207
leaf_weight=35.281807202845812 10.930116534233091 3.2921517044305793 43.516673482954502 1.7932259440422047 1.7590743303298939 2.79622958600521
leaf_count=347 55 11 266 5 9 11
internal_value=0.00116658 -0.0128659 0.0114089 -0.0168127 0.0162935 -0.00294167
internal_weight=99.3693 40.3672 59.0021 37.075 45.2757 13.7263
internal_count=704 363 341 352 275 66
is_linear=0
shrinkage=0.03


Tree=47
num_leaves=4
num_cat=0
split_feature=29 3 28
split_gain=19.8818 13.2391 9.31657
threshold=0.58551750000000002 1.5000000000000002 0.97216550000000013
decision_type=2 10 2
left_child=-1 2 -2
right_child=1 -3 -4
leaf_value=-0.02996994762433098 -0.014413370522902069 0.030991008067077296 0.0078967566612282002
leaf_weight=12.102982498705385 20.363969452679157 14.086002379655836 55.457654148340225
leaf_count=140 186 48 345
internal_value=0.00163554 0.00704339 0.00120363
internal_weight=102.011 89.9076 75.8216
internal_count=719 579 531
is_linear=0
shrinkage=0.03


Tree=48
num_leaves=6
num_cat=0
split_feature=3 24 2 29 23
split_gain=17.511 18.2663 7.72775 4.31024 2.61209
threshold=1.0000000180025095e-35 1.0000000180025095e-35 0.47222200000000009 0.59288600000000014 0.71218550000000014
decision_type=10 8 10 2 10
left_child=1 2 -1 -3 -2
right_child=4 3 -4 -5 -6
leaf_value=-0.0046728283715778409 0.029636875586643241 -0.011487318324112502 -0.031077414352969849 0.012759709270390562 0
leaf_weight=24.103017397224903 13.285846695303915 4.4103236161172381 21.78119370341301 31.520919632166624 2.5974782407283774
leaf_count=127 45 76 149 305 12
internal_value=-0.000658649 -0.00673735 -0.0189587 0.0083571 0.0251601
internal_weight=97.6988 81.8155 45.8842 35.9312 15.8833
internal_count=714 657 276 381 57
is_linear=0
shrinkage=0.03


Tree=49
num_leaves=7
num_cat=0
split_feature=29 26 28 5 4 20
split_gain=21.4367 9.62504 7.17835 4.52428 2.0721 2.03714
threshold=0.70601300000000011 1.0000000180025095e-35 0.97683300000000017 1.5000000000000002 1.0000000180025095e-35 0.51507150000000002
decision_type=2 10 2 10 10 10
left_child=1 3 4 -1 -2 -4
right_child=2 -3 5 -5 -6 -7
leaf_value=-0.021921688364364471 -0.010919533126463694 0.017882252016783871 0.020590696185436169 0.0052220430564844647 0.01001094262844136 0
leaf_weight=38.620513059198856 10.469085253775118 4.1956437975168219 38.474798310548067 3.2377000004053107 2.2377392351627341 1.9553954601287831
leaf_count=383 84 13 212 12 7 9
internal_value=0.00011055 -0.0140895 0.0130474 -0.0189445 -0.0041155 0.019044
internal_weight=99.1909 46.0539 53.137 41.8582 12.7068 40.4302
internal_count=720 408 312 395 91 221
is_linear=0
shrinkage=0.03


Tree=50
num_leaves=7
num_cat=0
split_feature=29 22 3 16 5 17
split_gain=18.5856 8.40224 5.79655 2.98165 2.81748 2.65962
threshold=0.73728700000000014 0.041865000000000006 1.5000000000000002 0.33378500000000005 1.5000000000000002 0.42541800000000007
decision_type=2 10 10 10 10 10
left_child=1 2 -1 5 -3 -2
right_child=3 4 -4 -5 -6 -7
leaf_value=-0.019941728620301996 0.019660237337773109 0 0.012793661986413194 -0.0032637561869373528 0.022645122994438733 -0.0020670509189891079
leaf_weight=39.646690864115953 37.627787560224533 9.1820280477404577 2.292149454355239 3.5022328048944464 3.9499868452548972 2.4150188714265814
leaf_count=403 220 49 7 16 12 12
internal_value=0.000810764 -0.010228 -0.0167504 0.0151753 0.00798364 0.0176001
internal_weight=98.6159 55.0709 41.9388 43.545 13.132 40.0428
internal_count=719 471 410 248 61 232
is_linear=0
shrinkage=0.03


Tree=51
num_leaves=5
num_cat=0
split_feature=3 29 5 28
split_gain=16.3331 11.1764 4.11349 3.66588
threshold=1.5000000000000002 0.6828955000000001 1.5000000000000002 0.95910000000000017
decision_type=10 2 10 2
left_child=1 2 -1 -3
right_child=-2 3 -4 -5
leaf_value=-0.020068318135654965 0.029210359028363674 -0.017506065261211116 0.0056574271240308173 0.0069392380922211226
leaf_weight=34.063813902437687 11.655636698007582 2.8071933872997752 3.2359334081411353 45.77889896556735
leaf_count=357 41 27 12 281
internal_value=0 -0.00496932 -0.0168371 0.00400936
internal_weight=97.5415 85.8858 37.2997 48.5861
internal_count=718 677 369 308
is_linear=0
shrinkage=0.03


Tree=52
num_leaves=7
num_cat=0
split_feature=29 28 21 28 23 23
split_gain=15.9459 8.32668 16.9903 3.07612 2.67736 0.90251
threshold=0.63428800000000007 0.98241700000000021 0.10762700000000001 0.98782300000000012 0.0074560000000000008 0.25328250000000002
decision_type=2 2 8 2 10 10
left_child=4 2 -2 -3 -1 -6
right_child=1 3 -4 -5 5 -7
leaf_value=-0.023654849476620488 -0.024060869636929261 0.025237079468552571 0.014415535116209653 0.0049956981464924222 0.0089262147129197996 -0.0079551041784715719
leaf_weight=18.161321535706524 15.118568770587443 19.94988601654768 20.635996349155903 18.52380545809865 2.3720000833272925 3.0715928077697754
leaf_count=220 97 100 157 110 8 23
internal_value=0.000898267 0.00804746 -0.00168298 0.0172812 -0.018828 0
internal_weight=97.8332 74.2283 35.7546 38.4737 23.6049 5.44359
internal_count=715 464 254 210 251 31
is_linear=0
shrinkage=0.03


Tree=53
num_leaves=4
num_cat=0
split_feature=26 3 28
split_gain=17.2255 18.0891 7.893
threshold=1.0000000180025095e-35 1.5000000000000002 0.98260900000000007
decision_type=10 10 2
left_child=1 2 -1
right_child=-2 -3 -4
leaf_value=-0.017973131904686038 0.029652577767636877 0.027929923662633142 0.00071854103167964345
leaf_weight=42.434579085558653 12.943511679768561 10.118272215127943 31.081338778138161
leaf_count=403 43 36 221
internal_value=0.000773725 -0.00422143 -0.00996019
internal_weight=96.5777 83.6342 73.5159
internal_count=703 660 624
is_linear=0
shrinkage=0.03


Tree=54
num_leaves=7
num_cat=0
split_feature=28 22 29 23 28 18
split_gain=17.1861 10.6709 7.24582 5.01751 1.4749 1.4678
threshold=0.98241700000000021 0.044107500000000001 0.64408250000000011 0.51918300000000006 0.98782300000000012 0.26533800000000002
decision_type=2 8 2 8 2 10
left_child=1 -1 5 -3 -4 -2
right_child=2 3 4 -5 -6 -7
leaf_value=-0.026329798039138572 -0.015959852272162588 0.013187434058803319 0.025449085546269758 -0.0087140056130968029 0.0072624729951537778 0.0034036424652879515
leaf_weight=19.344060882925987 5.1361077241599551 13.23982275277376 21.238143246620893 19.276233240962029 15.570574425160883 1.09972508251667
leaf_count=143 57 54 108 251 93 4
internal_value=0.000689871 -0.0103585 0.0144601 0 0.0196366 -0.00930042
internal_weight=94.9047 51.8601 43.0446 32.5161 36.8087 6.23583
internal_count=710 448 262 305 201 61
is_linear=0
shrinkage=0.03


Tree=55
num_leaves=5
num_cat=0
split_feature=26 3 23 2
split_gain=14.6471 14.7345 5.27453 3.5898
threshold=1.0000000180025095e-35 1.0000000180025095e-35 0.76460150000000004 0.41428550000000003
decision_type=10 8 8 10
left_child=1 3 -3 -1
right_child=-2 2 -4 -5
leaf_value=-0.0037431807545525446 0.028997314336187192 0.024295548827034191 0.00073251374430252452 -0.023642233929052792
leaf_weight=21.16291930526495 12.237051814794539 11.408723682165144 28.67047269269824 20.357456706464291
leaf_count=117 41 42 360 142
internal_value=0.00178065 -0.00282982 0.00936106 -0.0151092
internal_weight=93.8366 81.5996 40.0792 41.5204
internal_count=702 661 402 259
is_linear=0
shrinkage=0.03


Tree=56
num_leaves=4
num_cat=0
split_feature=26 3 28
split_gain=12.8331 14.7073 8.77868
threshold=1.0000000180025095e-35 1.5000000000000002 0.98260900000000007
decision_type=10 10 2
left_child=1 2 -1
right_child=-2 -3 -4
leaf_value=-0.015296136650289803 0.029245181541343777 0.027547493614503833 0.0042256196221257744
leaf_weight=43.036941841244698 10.972347453236578 10.091887354850767 32.450298972427845
leaf_count=413 37 37 229
internal_value=0.00245988 -0.00150983 -0.00668119
internal_weight=96.5515 85.5791 75.4872
internal_count=716 679 642
is_linear=0
shrinkage=0.03


Tree=57
num_leaves=4
num_cat=0
split_feature=24 3 22
split_gain=11.876 13.0794 5.30914
threshold=1.0000000180025095e-35 1.5000000000000002 0.044107500000000001
decision_type=10 10 8
left_child=1 2 -1
right_child=-2 -3 -4
leaf_value=-0.016093146712644679 0.026557853888910479 0.02611470683293372 0
leaf_weight=32.320934750139713 11.38598285615444 8.8388625681400281 41.375284805893898
leaf_count=210 40 33 421
internal_value=0.00115897 -0.00280274 -0.00754797
internal_weight=93.9211 82.5351 73.6962
internal_count=704 664 631
is_linear=0
shrinkage=0.03


Tree=58
num_leaves=6
num_cat=0
split_feature=29 28 20 29 28
split_gain=14.6278 9.44208 5.55882 4.21292 1.68607
threshold=0.58551750000000002 0.96561050000000004 0.47980200000000006 0.74926650000000017 0.9318550000000001
decision_type=2 2 10 2 2
left_child=4 3 -3 -2 -1
right_child=1 2 -4 -5 -6
leaf_value=0 -0.02362911450596843 0.014030646599633772 -0.011616491646828831 0.0055624422906765791 -0.027898955887297287
leaf_weight=0.97451534867286582 8.810314975678919 66.930152680724859 4.9756264537572852 3.3879859298467627 10.877777382731436
leaf_count=8 101 426 32 19 139
internal_value=0.00215895 0.00706031 0.0114613 -0.0140499 -0.0250022
internal_weight=95.9564 84.1041 71.9058 12.1983 11.8523
internal_count=725 578 458 120 147
is_linear=0
shrinkage=0.03


Tree=59
num_leaves=6
num_cat=0
split_feature=29 28 20 29 28
split_gain=14.0252 9.51679 6.57624 3.42207 0.521265
threshold=0.59288600000000014 0.96561050000000004 0.47980200000000006 0.74926650000000017 0.94324300000000016
decision_type=2 2 10 2 2
left_child=4 3 -3 -2 -1
right_child=1 2 -4 -5 -6
leaf_value=0 -0.024989850720654967 0.012201868117384133 -0.01748255049384766 0.0017927443227937624 -0.028127649602995106
leaf_weight=1.1204994916915882 8.5943266674876195 63.399817056953907 4.0555461868643752 3.1931487135589114 11.349123869091271
leaf_count=10 100 398 28 20 147
internal_value=-2.22151e-05 0.00459876 0.00932296 -0.0168141 -0.0265242
internal_weight=91.7125 79.2428 67.4554 11.7875 12.4696
internal_count=703 546 426 120 157
is_linear=0
shrinkage=0.03


Tree=60
num_leaves=5
num_cat=0
split_feature=29 4 24 23
split_gain=14.8909 8.30639 5.45217 4.01458
threshold=0.58551750000000002 1.0000000180025095e-35 1.0000000180025095e-35 0.71218550000000014
decision_type=2 10 10 10
left_child=-1 2 -2 -3
right_child=1 3 -4 -5
leaf_value=-0.027485944878996946 -0.0039031939990669222 0.026890223871864048 0.020036146106388542 -0.0010054955937684471
leaf_weight=12.423314508050678 59.972983650863171 14.73992531001568 6.8455795645713797 3.3207312673330298
leaf_count=161 495 56 25 15
internal_value=-1.77222e-05 0.00446234 -0.000265378 0.0209241
internal_weight=97.3025 84.8792 66.8186 18.0607
internal_count=752 591 520 71
is_linear=0
shrinkage=0.03


Tree=61
num_leaves=5
num_cat=0
split_feature=29 3 24 22
split_gain=14.2465 8.80986 8.77924 0.77154
threshold=0.58551750000000002 1.5000000000000002 1.0000000180025095e-35 0.13270100000000004
decision_type=2 10 8 10
left_child=3 2 -2 -1
right_child=1 -3 -4 -5
leaf_value=-0.026570449210986079 -0.0074781067927895996 0.02784958060674185 0.012741934377275459 0
leaf_weight=11.386579789221283 38.19395037740469 11.586065918207167 32.589814342558384 0.88323113322258073
leaf_count=152 205 46 318 5
internal_value=0.00144951 0.00646184 0.00156444 -0.0248933
internal_weight=94.6396 82.3698 70.7838 12.2698
internal_count=726 569 523 157
is_linear=0
shrinkage=0.03


Tree=62
num_leaves=5
num_cat=0
split_feature=4 23 19 19
split_gain=13.9436 11.904 5.12655 1.72781
threshold=1.0000000180025095e-35 0.0074560000000000008 0.08068850000000001 0.24827850000000004
decision_type=10 8 10 10
left_child=1 -1 -3 -2
right_child=3 2 -4 -5
leaf_value=-0.021436261920187803 0.026849899287120591 -0.003425841047456169 0.013948418657774407 0
leaf_weight=21.803914777934551 15.088502660393717 34.136945862323046 21.431132204830647 2.5216115564107886
leaf_count=160 59 399 97 11
internal_value=0.00141229 -0.0039585 0.00313397 0.0236064
internal_weight=94.9821 77.372 55.5681 17.6101
internal_count=726 656 496 70
is_linear=0
shrinkage=0.03


Tree=63
num_leaves=7
num_cat=0
split_feature=22 21 9 19 22 16
split_gain=11.1795 5.99729 2.61601 2.5609 1.50118 0.804469
threshold=0.0022595000000000007 0.046415500000000005 8.0951295000000005 0.38384450000000003 0.29442550000000006 0.16820100000000002
decision_type=8 10 10 10 10 10
left_child=2 3 5 -2 -3 -1
right_child=1 4 -4 -5 -6 -7
leaf_value=-0.026226064495094185 0.0028290603676821157 0.024175297007718029 0.0026608419978852854 -0.016515777950376093 0 -0.0051618285271269769
leaf_weight=11.633707471191888 46.180614676326513 13.217375881969931 2.0120464712381354 4.0065783932805052 5.4220679253339759 8.6270043328404409
leaf_count=95 444 50 9 30 24 61
internal_value=0 0.00616456 -0.0170328 0 0.0193796 -0.0203692
internal_weight=91.0994 68.8266 22.2728 50.1872 18.6394 20.2607
internal_count=713 548 165 474 74 156
is_linear=0
shrinkage=0.03


Tree=64
num_leaves=6
num_cat=0
split_feature=29 5 28 20 4
split_gain=12.6965 4.72455 4.38599 3.26373 3.24919
threshold=0.67941450000000014 1.5000000000000002 0.9574950000000001 0.70672900000000005 1.0000000180025095e-35
decision_type=2 10 2 10 10
left_child=1 4 -2 -4 -1
right_child=2 -3 3 -5 -6
leaf_value=-0.019824396489778136 -0.014857764935685847 0.010275719961421919 0.014096510755712523 -0.0094252194768085704 0.0049849062189188673
leaf_weight=27.732768405228857 2.4623791575431815 3.4895814508199683 52.576372373849154 2.2432602420449248 2.2296291887760153
leaf_count=332 25 13 316 14 8
internal_value=0.0011346 -0.0125234 0.0098347 0.012176 -0.0167824
internal_weight=90.734 33.452 57.282 54.8196 29.9624
internal_count=708 353 355 330 340
is_linear=0
shrinkage=0.03


Tree=65
num_leaves=6
num_cat=0
split_feature=29 28 21 2 28
split_gain=11.1469 9.13309 7.02874 3.12596 2.02685
threshold=0.58551750000000002 0.97326400000000013 0.11378600000000001 0.47222200000000009 0.92572300000000007
decision_type=2 2 8 10 2
left_child=4 2 -2 -3 -1
right_child=1 3 -4 -5 -6
leaf_value=0 -0.025571948122456348 0.015142602380272104 0.0036120597663143101 0 -0.026908141299952844
leaf_weight=0.68582629784941573 10.125640064477922 43.120143339037895 12.34849603101611 15.091223642230032 10.635986924171446
leaf_count=5 85 291 121 72 148
internal_value=0.000416351 0.00488829 -0.00982206 0.0112608 -0.0237067
internal_weight=92.0073 80.6855 22.4741 58.2114 11.3218
internal_count=722 569 206 363 153
is_linear=0
shrinkage=0.03


Tree=66
num_leaves=4
num_cat=0
split_feature=3 24 18
split_gain=10.0958 9.40349 8.24577
threshold=1.5000000000000002 1.0000000180025095e-35 0.26234300000000005
decision_type=10 10 8
left_child=1 2 -1
right_child=-2 -3 -4
leaf_value=-0.018344123357588952 0.025965667447653544 0.022568302894079541 0.0012859054338490545
leaf_weight=28.490408845245838 9.8678935915231687 8.2477772831916791 42.229221343994141
leaf_count=189 42 30 442
internal_value=0.00107217 -0.00250905 -0.00664007
internal_weight=88.8353 78.9674 70.7196
internal_count=703 661 631
is_linear=0
shrinkage=0.03


Tree=67
num_leaves=5
num_cat=0
split_feature=26 28 28 22
split_gain=12.0913 11.7025 6.86821 4.62598
threshold=1.0000000180025095e-35 0.98260900000000007 0.98782300000000012 0.044107500000000001
decision_type=10 2 2 8
left_child=1 3 -3 -1
right_child=-2 2 -4 -5
leaf_value=-0.025092916907166592 0.027369777500217733 0.021983406243724243 -0.0017571684658370199 -0.0036922238268049011
leaf_weight=16.904053866863251 10.301928684115408 15.236381921917198 21.475663401186466 26.603874154388905
leaf_count=139 39 92 158 289
internal_value=0.000568913 -0.00337497 0.00825669 -0.0137343
internal_weight=90.5219 80.22 36.712 43.5079
internal_count=717 678 250 428
is_linear=0
shrinkage=0.03


Tree=68
num_leaves=4
num_cat=0
split_feature=29 3 26
split_gain=12.3062 6.44684 8.5156
threshold=0.58551750000000002 1.5000000000000002 1.0000000180025095e-35
decision_type=2 10 8
left_child=-1 2 -2
right_child=1 -3 -4
leaf_value=-0.025412144652285813 -0.0077235464069366636 0.025382244891604476 0.012209295580731354
leaf_weight=10.635357704013584 37.780594222247601 9.4097955822944623 32.884115368127823
leaf_count=148 211 41 324
internal_value=0.000657708 0.00527403 0.0012645
internal_weight=90.7099 80.0745 70.6647
internal_count=724 576 535
is_linear=0
shrinkage=0.03


Tree=69
num_leaves=7
num_cat=0
split_feature=28 21 19 23 28 28
split_gain=8.82922 5.55513 3.74628 2.21119 1.23486 0.441656
threshold=0.97216550000000013 0.12386950000000001 0.0041160000000000007 0.82154200000000011 0.91044300000000011 0.99215650000000011
decision_type=2 10 8 10 2 2
left_child=1 4 5 -4 -1 -2
right_child=2 -3 3 -5 -6 -7
leaf_value=0 -0.013460745173815639 0.009638208516555313 0.011273819529576934 -0.0054114039418919823 -0.021146490933042134 0
leaf_weight=0.88610231131315842 4.5198356807231894 4.2614707425236693 57.158956948667765 3.7544403150677672 19.470359291881323 1.1993641406297681
leaf_count=7 40 17 402 20 235 6
internal_value=0.00109343 -0.0129222 0.00703608 0.0095703 -0.0195608 -0.0105205
internal_weight=91.2505 24.6179 66.6326 60.9134 20.3565 5.7192
internal_count=727 259 468 422 242 46
is_linear=0
shrinkage=0.03


Tree=70
num_leaves=5
num_cat=0
split_feature=3 18 28 28
split_gain=11.5751 9.26157 5.71828 3.66941
threshold=1.5000000000000002 0.26234300000000005 0.96561050000000004 0.99390000000000012
decision_type=10 8 2 2
left_child=1 3 -3 -1
right_child=-2 2 -4 -5
leaf_value=-0.0186457185602526 0.02592556797455849 -0.014855835024790955 0.0098693434855175941 0.0073454005006855739
leaf_weight=32.100628904998302 10.023404628038405 7.2664859257638446 34.939980063587427 2.2634727209806433
leaf_count=219 44 103 321 8
internal_value=0 -0.00457316 0.00424553 -0.0156785
internal_weight=86.594 76.5706 42.2065 34.3641
internal_count=695 651 424 227
is_linear=0
shrinkage=0.03


Tree=71
num_leaves=6
num_cat=0
split_feature=29 20 17 22 29
split_gain=8.65552 7.9019 2.83471 1.27366 0.717882
threshold=0.59288600000000014 0.47203500000000004 0.47011650000000005 0.046215500000000007 0.76464650000000012
decision_type=2 10 8 10 2
left_child=3 2 -2 -1 -3
right_child=1 4 -4 -5 -6
leaf_value=-0.023789329102214551 0.013769842029005342 -0.022152115320295523 9.9739067232766936e-05 0 0
leaf_weight=9.0182843804359418 41.295880012214184 5.5246673226356497 26.377159558236599 1.8661739155650128 1.8578062132000921
leaf_count=137 184 48 302 12 9
internal_value=0.00124835 0.00539671 0.0090965 -0.0201819 -0.0184575
internal_weight=85.94 75.0555 67.673 10.8845 7.38247
internal_count=692 543 486 149 57
is_linear=0
shrinkage=0.03


Tree=72
num_leaves=4
num_cat=0
split_feature=24 8 18
split_gain=6.9201 4.19503 4.9339
threshold=1.0000000180025095e-35 8.5413945000000009 0.26234300000000005
decision_type=10 10 8
left_child=1 2 -1
right_child=-2 -3 -4
leaf_value=-0.01318475347680414 0.0224232819716422 0.017822444461383459 0.0016130773182130103
leaf_weight=30.352240666747093 8.9006476104259473 5.2159574627876273 42.931151639670134
leaf_count=204 36 24 445
internal_value=0.000858733 -0.00195366 -0.00440005
internal_weight=87.4 78.4993 73.2834
internal_count=709 673 649
is_linear=0
shrinkage=0.03


Tree=73
num_leaves=5
num_cat=0
split_feature=26 2 8 2
split_gain=10.4416 7.28876 7.69577 6.61368
threshold=1.0000000180025095e-35 0.41428550000000003 8.2880465000000019 1.0000000180025095e-35
decision_type=10 10 10 10
left_child=1 3 -3 -1
right_child=-2 2 -4 -5
leaf_value=-0.0046867272373100257 0.024105329567754095 -0.026358545006157096 0.011753139925259743 0.018850427871787444
leaf_weight=44.007902219891548 9.4415198862552625 18.473165974020961 3.0337732732295981 10.850948810577391
leaf_count=472 39 146 13 43
internal_value=-0.00106293 -0.00534616 -0.0189777 0.000186369
internal_weight=85.8073 76.3658 21.5069 54.8589
internal_count=713 674 159 515
is_linear=0
shrinkage=0.03


Tree=74
num_leaves=5
num_cat=0
split_feature=29 20 28 28
split_gain=8.34846 7.45382 7.39605 0.482828
threshold=0.58551750000000002 0.47980200000000006 0.9574950000000001 0.94324300000000016
decision_type=2 10 2 2
left_child=3 2 -2 -1
right_child=1 -3 -4 -5
leaf_value=0 -0.02049021509253925 -0.020722358951505836 0.010789644256836831 -0.023878882397063966
leaf_weight=1.0062976181507099 4.1669386811554423 5.8982402086257926 68.060246836394072 8.0170665867626649
leaf_count=9 51 51 463 124
internal_value=0.000890955 0.00462827 0.00784108 -0.022053
internal_weight=87.1488 78.1254 72.2272 9.02336
internal_count=698 565 514 133
is_linear=0
shrinkage=0.03


Tree=75
num_leaves=7
num_cat=0
split_feature=29 3 16 23 4 18
split_gain=10.4929 4.37462 2.39042 2.37432 1.91463 1.75054
threshold=0.63428800000000007 1.0000000180025095e-35 0.11712750000000001 0.68669650000000015 1.0000000180025095e-35 0.3242985000000001
decision_type=2 10 8 8 10 10
left_child=4 2 -2 -3 5 -1
right_child=1 3 -4 -5 -6 -7
leaf_value=-0.022701874642319677 -0.006585064652345241 0.025740292975770091 0.0061990131438122006 0 0.0022882561400571011 0
leaf_weight=15.53398128971458 14.769169911742209 10.693431034684178 38.617335367947817 2.0742245912551889 0.94962525367736716 3.1371621489524832
leaf_count=221 80 47 324 10 3 22
internal_value=0.000731622 0.00682063 0.00196812 0.0209733 -0.016654 -0.0191851
internal_weight=85.7749 66.1542 53.3865 12.7677 19.6208 18.6711
internal_count=707 461 404 57 246 243
is_linear=0
shrinkage=0.03


Tree=76
num_leaves=6
num_cat=0
split_feature=29 28 18 29 28
split_gain=10.1917 7.22673 3.55777 2.89909 0.652095
threshold=0.58551750000000002 0.96561050000000004 0.21173600000000004 0.74926650000000017 0.94324300000000016
decision_type=2 2 8 2 2
left_child=4 3 -3 -2 -1
right_child=1 2 -4 -5 -6
leaf_value=0 -0.021843762606623147 0.00021917055717461634 0.01546934078031688 0.0031577685789497731 -0.02495444845302823
leaf_weight=0.91279845684766669 7.9367924407124502 27.920072913169861 35.716514531522989 2.7213746160268784 9.2176228910684568
leaf_count=8 103 144 289 17 146
internal_value=0.000929124 0.00536727 0.00953974 -0.0139721 -0.0231244
internal_weight=84.4252 74.2948 63.6366 10.6582 10.1304
internal_count=707 553 433 120 154
is_linear=0
shrinkage=0.03


Tree=77
num_leaves=6
num_cat=0
split_feature=4 18 24 19 22
split_gain=8.19094 5.69289 6.2728 4.52016 1.7817
threshold=1.0000000180025095e-35 0.3242985000000001 1.0000000180025095e-35 0.24211000000000002 0.0022595000000000007
decision_type=10 10 8 8 10
left_child=1 2 -1 -2 -3
right_child=3 4 -4 -5 -6
leaf_value=-0.018650960375417764 0.023360327902216642 -0.0022127645964912842 0 -0.00820074985118429 0.016802877944364119
leaf_weight=30.64892914891243 12.826654896140095 2.2744104936718932 29.430982735008001 2.1629376709461221 8.4554161131381971
leaf_count=216 55 18 378 12 37
internal_value=-0.00123946 -0.00592657 -0.00980109 0.0165304 0.0109843
internal_weight=85.7993 70.8097 60.0799 14.9896 10.7298
internal_count=716 649 594 67 55
is_linear=0
shrinkage=0.03


Tree=78
num_leaves=7
num_cat=0
split_feature=29 28 4 22 5 16
split_gain=9.44786 3.59065 3.2352 2.99463 2.39689 1.73996
threshold=0.67342200000000008 0.98260900000000007 1.0000000180025095e-35 0.044107500000000001 1.5000000000000002 0.23972650000000004
decision_type=2 2 10 10 10 10
left_child=2 3 4 -2 -1 -3
right_child=1 5 -4 -5 -6 -7
leaf_value=-0.020063362267060899 -0.0097703406074654605 0.015573702802714742 0.0056068312240249276 0.0086447789884926286 0.00066952316789700879 0
leaf_weight=24.373551972210414 15.015623394399883 26.465627875179056 3.1338689327239981 10.464307099580763 2.6003093719482413 4.6165245771408072
leaf_count=323 144 172 12 47 11 21
internal_value=-0.000497022 0.00632108 -0.0136241 -0.00104013 -0.0171968 0.0127961
internal_weight=86.6698 56.5621 30.1077 25.4799 26.9739 31.0822
internal_count=730 384 346 191 334 193
is_linear=0
shrinkage=0.03


Tree=79
num_leaves=5
num_cat=0
split_feature=4 26 28 19
split_gain=9.89375 7.07008 5.82996 1.87609
threshold=1.0000000180025095e-35 1.0000000180025095e-35 0.98260900000000007 0.24211000000000002
decision_type=10 10 2 8
left_child=1 2 -1 -2
right_child=3 -3 -4 -5
leaf_value=-0.015623244656565121 0.025005776061731679 0.018914526192390001 0.0014259824327077226 0
leaf_weight=36.765756409615278 11.435938984155651 6.52966584265232 26.845884207636118 2.166423127055169
leaf_count=399 50 26 214 10
internal_value=0 -0.0046275 -0.00823746 0.0210237
internal_weight=83.7437 70.1413 63.6116 13.6024
internal_count=699 639 613 60
is_linear=0
shrinkage=0.03


Tree=80
num_leaves=7
num_cat=0
split_feature=28 23 6 2 28 21
split_gain=8.62389 6.74839 3.16086 1.85542 1.23673 1.04574
threshold=0.96561050000000004 0.0063255000000000013 13.096821000000004 0.47222200000000009 0.91044300000000011 0.12386950000000001
decision_type=2 10 8 10 2 10
left_child=4 2 -2 -3 -1 -6
right_child=1 3 -4 -5 5 -7
leaf_value=0 -0.011922598428953879 0.018345764154523166 0.0035719760428432378 0 -0.023748253262608179 0
leaf_weight=0.85619719699025054 16.719553306698799 25.022216908633709 23.125626876950264 8.1190197914838773 10.945210643112658 1.4452292174100865
leaf_count=7 119 109 283 41 154 7
internal_value=0.000566979 0.00510411 -0.00260912 0.0146545 -0.0189116 -0.0212101
internal_weight=86.2331 72.9864 39.8452 33.1412 13.2466 12.3904
internal_count=720 552 402 150 168 161
is_linear=0
shrinkage=0.03


Tree=81
num_leaves=7
num_cat=0
split_feature=28 21 24 19 7 20
split_gain=10.3926 13.261 5.20005 3.10311 1.84227 0.964816
threshold=0.98260900000000007 0.11378600000000001 1.0000000180025095e-35 0.00032450000000000008 1.0000000180025095e-35 0.062534500000000007
decision_type=2 10 8 8 10 10
left_child=1 2 -1 -2 -5 -3
right_child=3 5 -4 4 -6 -7
leaf_value=-0.028690628993956122 -0.0093558706771035699 0 -0.0028061982969337027 0.016240838427993808 0 0.020210541467061912
leaf_weight=19.338404431939125 2.8533526733517638 3.5443640351295453 15.328533738851545 28.419187508523464 9.6700383275747281 6.6983737796545029
leaf_count=173 27 17 218 203 50 25
internal_value=-0.00025661 -0.0102265 -0.0191769 0.00994814 0.0127019 0.015283
internal_weight=85.8523 44.9097 34.6669 40.9426 38.0892 10.2427
internal_count=713 433 391 280 253 42
is_linear=0
shrinkage=0.03


Tree=82
num_leaves=4
num_cat=0
split_feature=26 20 23
split_gain=7.85963 4.25116 2.24292
threshold=1.0000000180025095e-35 0.47980200000000006 0.0063255000000000013
decision_type=10 10 10
left_child=1 2 -1
right_child=-2 -3 -4
leaf_value=-0.0044700322306237853 0.022549733219295945 -0.020880746904353924 0.0061580598370415051
leaf_weight=42.953549675643444 9.407326012849806 7.5292639136314383 26.018217585980892
leaf_count=491 41 73 128
internal_value=3.60491e-05 -0.00310156 0
internal_weight=85.9084 76.501 68.9718
internal_count=733 692 619
is_linear=0
shrinkage=0.03


Tree=83
num_leaves=4
num_cat=0
split_feature=3 26 5
split_gain=6.64033 6.87294 3.3665
threshold=1.5000000000000002 1.0000000180025095e-35 1.5000000000000002
decision_type=10 10 8
left_child=1 2 -1
right_child=-2 -3 -4
leaf_value=-0.010488146003168939 0.023656393869247453 0.021163477751446447 0.0017538981916002776
leaf_weight=34.760945379734039 8.509490489959715 8.0767876952886564 34.743832785636187
leaf_count=242 43 33 398
internal_value=0.00232181 -0.000439556 -0.0041355
internal_weight=86.0911 77.5816 69.5048
internal_count=716 673 640
is_linear=0
shrinkage=0.03


Tree=84
num_leaves=5
num_cat=0
split_feature=3 28 18 22
split_gain=7.43046 6.72533 6.01992 1.3628
threshold=1.5000000000000002 0.96561050000000004 0.26234300000000005 0.15225800000000003
decision_type=10 2 10 10
left_child=1 3 -3 -1
right_child=-2 2 -4 -5
leaf_value=-0.022842129274189795 0.024022760116135296 -0.0021918964755178309 0.01795640126655677 0
leaf_weight=10.489480447024105 8.7681241482496244 50.733733117580414 14.182858265936373 1.6309336945414532
leaf_count=154 44 458 58 9
internal_value=0.00165561 -0.00132035 0.00236707 -0.0196053
internal_weight=85.8051 77.037 64.9166 12.1204
internal_count=723 679 516 163
is_linear=0
shrinkage=0.03


Tree=85
num_leaves=5
num_cat=0
split_feature=29 24 4 15
split_gain=8.23497 3.54321 2.21776 0.811389
threshold=0.58551750000000002 1.0000000180025095e-35 1.5000000000000002 0.28631300000000004
decision_type=2 10 10 10
left_child=3 2 -2 -1
right_child=1 -3 -4 -5
leaf_value=-0.022493735545115134 0 0.021242783316215378 0.014329785272409351 0
leaf_weight=8.5830052383244002 59.91086158528924 8.9506168961524946 8.8817500770091993 0.66957177221775133
leaf_count=147 504 41 42 4
internal_value=0.00201845 0.00572644 0.00248643 -0.0204626
internal_weight=86.9958 77.7432 68.7926 9.25258
internal_count=738 587 546 151
is_linear=0
shrinkage=0.03


Tree=86
num_leaves=5
num_cat=0
split_feature=26 28 21 28
split_gain=6.85912 6.61267 5.88924 3.63763
threshold=1.0000000180025095e-35 0.98241700000000021 0.11378600000000001 0.98782300000000012
decision_type=10 2 8 2
left_child=1 2 -1 -3
right_child=-2 3 -4 -5
leaf_value=-0.020896832121318799 0.021990811926885227 0.016701800374811865 2.6936347813295683e-05 -0.00057112994748684026
leaf_weight=19.686913412064314 9.2221212387084943 14.722334519028662 20.004571001976728 20.337017308920622
leaf_count=178 42 97 239 162
internal_value=0.000896553 -0.00206813 -0.0103877 0.00663875
internal_weight=83.973 74.7508 39.6915 35.0594
internal_count=718 676 417 259
is_linear=0
shrinkage=0.03


Tree=87
num_leaves=7
num_cat=0
split_feature=28 23 29 23 19 29
split_gain=6.37592 5.06708 3.36956 2.86344 1.72207 0.0875574
threshold=0.98241700000000021 0.0063255000000000013 0.58551750000000002 0.57592050000000017 0.0021815000000000003 0.88034450000000009
decision_type=2 8 2 8 8 2
left_child=1 5 -2 -3 -4 -1
right_child=2 3 4 -5 -6 -7
leaf_value=-0.024817118901275352 -0.011799317697050034 0.0091262875287123329 -0.0034974442462833931 -0.0073008002015459983 0.013841436844230092 0
leaf_weight=8.7966901920735801 2.5709649212658396 11.883076652884482 1.7494609132409085 22.268671624362469 32.761817280203104 0.98201657086610872
leaf_count=101 41 53 11 277 207 6
internal_value=0 -0.00749405 0.00879817 -0.000502111 0.0119533 -0.0237148
internal_weight=81.0127 43.9305 37.0822 34.1517 34.5113 9.77871
internal_count=696 437 259 330 218 107
is_linear=0
shrinkage=0.03


Tree=88
num_leaves=6
num_cat=0
split_feature=29 24 6 24 5
split_gain=7.98357 4.21615 3.95814 1.56107 0.85794
threshold=0.60697000000000012 1.0000000180025095e-35 8.4887085000000031 1.0000000180025095e-35 1.5000000000000002
decision_type=2 10 8 10 10
left_child=3 2 -2 4 -1
right_child=1 -3 -4 -5 -6
leaf_value=-0.02328993146267469 -0.0046008974527044855 0.021207824777833922 0.0098916484757247247 0 0
leaf_weight=11.220539137721056 37.009270593523979 8.9673421680927259 25.462657246738672 0.64185477793216783 0.71363434940576631
leaf_count=187 207 42 275 2 3
internal_value=0.000317265 0.00471882 0.00103043 -0.0188532 -0.0215592
internal_weight=84.0153 71.4393 62.4719 12.576 11.9342
internal_count=716 524 482 192 190
is_linear=0
shrinkage=0.03


Tree=89
num_leaves=4
num_cat=0
split_feature=3 24 28
split_gain=7.48271 7.01504 4.85961
threshold=1.5000000000000002 1.0000000180025095e-35 0.99338300000000013
decision_type=10 10 2
left_child=1 2 -1
right_child=-2 -3 -4
leaf_value=-0.0092764087257890433 0.023213723372581329 0.019592554657245416 0.01485006086078431
leaf_weight=62.311264436691999 8.2831934392452222 7.3595252633094779 4.9131344556808463
leaf_count=610 44 32 29
internal_value=7.62928e-05 -0.0029049 -0.00652684
internal_weight=82.8671 74.5839 67.2244
internal_count=715 671 639
is_linear=0
shrinkage=0.03


Tree=90
num_leaves=4
num_cat=0
split_feature=24 3 17
split_gain=5.99852 6.67124 5.68246
threshold=1.0000000180025095e-35 1.5000000000000002 0.19462500000000002
decision_type=10 10 8
left_child=1 2 -1
right_child=-2 -3 -4
leaf_value=-0.017609434779409405 0.0206362896036115 0.02067637289020563 0
leaf_weight=22.081487793475389 8.2486565709114057 6.2374079525470725 47.682809296995401
leaf_count=155 38 32 497
internal_value=0 -0.00277498 -0.00605
internal_weight=84.2504 76.0017 69.7643
internal_count=722 684 652
is_linear=0
shrinkage=0.03


Tree=91
num_leaves=6
num_cat=0
split_feature=3 24 29 17 19
split_gain=7.58625 9.37543 3.40079 2.14482 0.581251
threshold=1.0000000180025095e-35 1.0000000180025095e-35 0.62888350000000015 0.16578100000000004 0.24211000000000002
decision_type=10 8 2 10 8
left_child=1 3 -3 -1 -2
right_child=4 2 -4 -5 -6
leaf_value=-0.021895463069415075 0.02177199915188055 -0.0086560342252744154 0.01143648387535174 -0.0043461827289742877 0
leaf_weight=16.47722127661109 10.26627983152866 5.8984397351741782 27.981923211365938 20.010588720440865 1.8532728105783469
leaf_count=130 53 118 281 140 9
internal_value=0 -0.00380508 0.00670544 -0.0140922 0.0195274
internal_weight=82.4877 70.3682 33.8804 36.4878 12.1196
internal_count=731 669 399 270 62
is_linear=0
shrinkage=0.03


Tree=92
num_leaves=4
num_cat=0
split_feature=20 3 26
split_gain=5.25471 3.8221 3.02813
threshold=0.47980200000000006 1.5000000000000002 1.0000000180025095e-35
decision_type=10 10 10
left_child=1 2 -1
right_child=-2 -3 -4
leaf_value=-0.0011501689166021794 -0.019530494111584387 0.021437598999721225 0.016949185890388314
leaf_weight=59.134632781147957 6.4764117188751689 7.005504108965396 6.3675425499677649
leaf_count=560 67 39 30
internal_value=0.00105779 0.00399696 0.00083657
internal_weight=78.9841 72.5077 65.5022
internal_count=696 629 590
is_linear=0
shrinkage=0.03


Tree=93
num_leaves=7
num_cat=0
split_feature=29 4 7 19 16 5
split_gain=7.4732 1.67081 2.73374 2.34689 0.940175 0.688636
threshold=0.63428800000000007 1.0000000180025095e-35 1.0000000180025095e-35 0.1901245 0.62829750000000006 1.5000000000000002
decision_type=2 10 10 8 10 10
left_child=4 2 -2 -3 5 -1
right_child=1 3 -4 -5 -6 -7
leaf_value=-0.019172073784839438 0.0042741056864495294 0.020814590017679633 -0.018132808984510342 0 0 0
leaf_weight=14.101532932370896 49.667136281728745 9.3329965844750369 2.1342106163501731 3.9298318177461633 0.90627159923315126 0.71239924430847246
leaf_count=220 402 47 13 21 9 3
internal_value=0.000368191 0.00530728 0.0018614 0.0140952 -0.0160461 -0.0178347
internal_weight=80.7844 65.0642 51.8013 13.2628 15.7202 14.8139
internal_count=715 483 415 68 232 223
is_linear=0
shrinkage=0.03


Tree=94
num_leaves=7
num_cat=0
split_feature=29 5 2 26 19 2
split_gain=5.85232 3.28211 2.63729 1.72114 0.978825 0.97604
threshold=0.73728700000000014 1.5000000000000002 0.32575750000000009 1.0000000180025095e-35 0.32199800000000006 0.47222200000000009
decision_type=2 10 10 10 10 10
left_child=1 3 -2 -1 -4 -3
right_child=2 5 4 -5 -6 -7
leaf_value=-0.011512468841226062 0.014678958258435333 0.01516495864235313 -0.0083516156748909606 0.0046617941025112845 0.0068624083247985192 0
leaf_weight=36.119853567332029 25.142402276396751 4.317731335759162 6.4680682346224767 2.4415602385997763 2.0618720874190331 2.165144681930542
leaf_count=431 185 16 35 10 9 12
internal_value=0.000747799 -0.00577918 0.0100556 -0.00950398 -0.00124346 0.00921051
internal_weight=78.7166 45.0443 33.6723 38.5614 8.52994 6.48288
internal_count=698 469 229 441 44 28
is_linear=0
shrinkage=0.03


Tree=95
num_leaves=5
num_cat=0
split_feature=3 23 23 15
split_gain=5.72583 4.71564 3.70539 1.04461
threshold=1.5000000000000002 0.0074560000000000008 0.16554650000000001 0.19394000000000003
decision_type=10 8 8 10
left_child=1 3 -3 -1
right_child=-2 2 -4 -5
leaf_value=-0.016632888592734724 0.021705086565373181 0.01665700731892528 -0.0012848544073930375 0
leaf_weight=16.115259617567066 7.2270803824067107 9.6014974787831289 45.173482827842236 3.135409537702798
leaf_count=146 41 39 475 21
internal_value=0.000343513 -0.00211667 0.00204253 -0.0139791
internal_weight=81.2527 74.0256 54.775 19.2507
internal_count=722 681 514 167
is_linear=0
shrinkage=0.03


Tree=96
num_leaves=7
num_cat=0
split_feature=29 28 3 29 28 4
split_gain=6.43361 3.67021 1.65744 1.33939 0.669179 0.597925
threshold=0.66253450000000014 0.96561050000000004 1.0000000180025095e-35 0.74926650000000017 0.9318550000000001 1.0000000180025095e-35
decision_type=2 2 10 2 2 10
left_child=4 3 -3 -2 -1 -6
right_child=1 2 -4 -5 5 -7
leaf_value=0 -0.019653936339176201 0.0030634233209401512 0.01793055744670834 0 -0.016907148171155885 0
leaf_weight=1.0647667348384882 4.0551828630268565 40.871764834970236 8.5437679886817914 2.1674677915871143 18.667234923690561 1.0814647823572148
leaf_count=11 51 300 45 17 274 5
internal_value=-0.00118186 0.00380285 0.00708538 -0.0128371 -0.0145671 -0.0157673
internal_weight=76.4516 55.6382 49.4155 6.22265 20.8135 19.7487
internal_count=703 413 345 68 290 279
is_linear=0
shrinkage=0.03


Tree=97
num_leaves=4
num_cat=0
split_feature=24 3 17
split_gain=5.75263 6.38059 3.75817
threshold=1.0000000180025095e-35 1.5000000000000002 0.16578100000000004
decision_type=10 10 8
left_child=1 2 -1
right_child=-2 -3 -4
leaf_value=-0.017322832182966041 0.019672022744222455 0.019742587430432838 -0.0012190472121536146
leaf_weight=18.899843975901604 7.9215087518095961 5.8175625354051581 45.348352903500199
leaf_count=141 40 32 495
internal_value=-0.000239255 -0.00361626 -0.00696385
internal_weight=77.9873 70.0658 64.2482
internal_count=708 668 636
is_linear=0
shrinkage=0.03


Tree=98
num_leaves=5
num_cat=0
split_feature=3 23 23 18
split_gain=5.86828 4.74399 3.24211 0.593702
threshold=1.5000000000000002 0.0063255000000000013 0.22888150000000004 0.46046750000000009
decision_type=10 8 8 10
left_child=1 3 -3 -1
right_child=-2 2 -4 -5
leaf_value=-0.016460750726310584 0.021413205302888608 0.013131029421648984 -0.0024149155472708299 0
leaf_weight=16.654861591756347 7.1895965859293929 12.918411068618296 41.71394956484437 1.1022543013095845
leaf_count=147 43 54 458 10
internal_value=0 -0.0028428 0.00123272 -0.015193
internal_weight=79.5791 72.3895 54.6324 17.7571
internal_count=712 669 512 157
is_linear=0
shrinkage=0.03


Tree=99
num_leaves=4
num_cat=0
split_feature=3 24 18
split_gain=5.19243 5.12361 3.97601
threshold=1.5000000000000002 1.0000000180025095e-35 0.26234300000000005
decision_type=10 10 8
left_child=1 2 -1
right_child=-2 -3 -4
leaf_value=-0.013176798482468034 0.020943558085314409 0.017840739176131545 0.00048870670315935669
leaf_weight=28.158202972263098 6.9387810453772536 6.7042059302330008 39.193551812320948
leaf_count=211 42 32 435
internal_value=0.000254046 -0.00203508 -0.00511636
internal_weight=80.9947 74.056 67.3518
internal_count=720 678 646
is_linear=0
shrinkage=0.03


Tree=100
num_leaves=5
num_cat=0
split_feature=24 29 3 18
split_gain=7.21393 5.20226 2.58651 1.82793
threshold=1.0000000180025095e-35 0.70601300000000011 1.5000000000000002 0.33937650000000003
decision_type=10 2 8 10
left_child=1 3 -3 -1
right_child=-2 2 -4 -5
leaf_value=-0.015456962923308325 0.02171627653347567 -0.0035903863521887184 0.010428681084168287 0.00045804717004103014
leaf_weight=27.620071314275268 8.1105458214879018 20.344403311610222 18.171793963760138 3.557950794696807
leaf_count=372 41 98 183 26
internal_value=-0.000396404 -0.00417242 0.00257679 -0.0128822
internal_weight=77.8048 69.6942 38.5162 31.178
internal_count=720 679 281 398
is_linear=0
shrinkage=0.03


Tree=101
num_leaves=7
num_cat=0
split_feature=28 22 20 3 4 28
split_gain=5.03683 3.60162 2.67528 2.58576 1.4282 0.629267
threshold=0.96561050000000004 0.044107500000000001 0.36172150000000008 1.5000000000000002 3.5000000000000004 0.91044300000000011
decision_type=2 8 8 10 10 2
left_child=4 3 -3 -2 5 -1
right_child=1 2 -4 -5 -6 -7
leaf_value=0 -0.0086071914701683471 0.017487939815317152 0.00093960739194839796 0.012197397926974603 7.7603552532385373e-05 -0.020374956917227301
leaf_weight=0.64664944261312207 23.284407954663042 16.463746033608913 24.527964178472757 3.0160965323448172 0.79099869728088457 10.349946055561302
leaf_count=5 164 77 299 18 3 159
internal_value=0 0.00346258 0.00900729 -0.0041929 -0.0157974 -0.0188546
internal_weight=79.0798 67.2922 40.9917 26.3005 11.7876 10.9966
internal_count=725 558 376 182 167 164
is_linear=0
shrinkage=0.03


Tree=102
num_leaves=4
num_cat=0
split_feature=24 3 28
split_gain=6.43765 6.47502 4.21737
threshold=1.0000000180025095e-35 1.5000000000000002 0.99359700000000017
decision_type=10 10 2
left_child=1 2 -1
right_child=-2 -3 -4
leaf_value=-0.009149150186970257 0.021486227208903242 0.020004651801080457 0.014139388498082942
leaf_weight=59.329444728791714 8.0410832092165929 6.1201440691947928 4.2661840319633475
leaf_count=615 42 36 26
internal_value=0 -0.00309529 -0.00656983
internal_weight=77.7569 69.7158 63.5956
internal_count=719 677 641
is_linear=0
shrinkage=0.03


Tree=103
num_leaves=5
num_cat=0
split_feature=28 24 3 4
split_gain=5.91681 2.5387 3.36468 1.28549
threshold=0.96397750000000004 1.0000000180025095e-35 1.5000000000000002 2.5000000000000004
decision_type=2 10 8 10
left_child=3 2 -2 -1
right_child=1 -3 -4 -5
leaf_value=-0.020499337525294425 -0.0041237078792432024 0.018876524620180045 0.0091638382960079236 0
leaf_weight=9.3543482627719605 34.265840619802475 6.7331468537449828 27.07971584610641 0.90109220147132951
leaf_count=142 214 37 316 4
internal_value=0.000546398 0.00430087 0.00142935 -0.0174464
internal_weight=78.3341 68.0787 61.3456 10.2554
internal_count=713 567 530 146
is_linear=0
shrinkage=0.03


Tree=104
num_leaves=7
num_cat=0
split_feature=28 24 28 28 3 18
split_gain=7.95402 4.26915 2.50742 3.38044 2.32037 1.12127
threshold=0.98260900000000007 1.0000000180025095e-35 0.98782300000000012 0.99359700000000017 1.5000000000000002 0.044344000000000008
decision_type=2 10 2 2 10 8
left_child=1 4 5 -4 -1 -2
right_child=2 -3 3 -5 -6 -7
leaf_value=-0.013053350828832968 0 0.013655733058376187 -0.0042823148791577819 0.018028861733965302 0.0074376161188020144 0.022246773115051324
leaf_weight=33.90116861090064 3.6540293097496059 4.1030472666025153 15.141168158501388 5.6345205791294566 1.8195157200098027 14.590981572866438
leaf_count=396 24 20 129 32 9 97
internal_value=0.00199796 -0.00674488 0.0114792 0.00201821 -0.0107394 0.0190341
internal_weight=78.8444 39.8237 39.0207 20.7757 35.7207 18.245
internal_count=707 425 282 161 405 121
is_linear=0
shrinkage=0.03


Tree=105
num_leaves=7
num_cat=0
split_feature=28 21 28 28 24 2
split_gain=4.7607 6.38419 3.31969 3.43667 2.31342 1.83991
threshold=0.98260900000000007 0.10762700000000001 0.98782300000000012 0.99338300000000013 1.0000000180025095e-35 0.70833350000000006
decision_type=2 10 2 2 8 10
left_child=1 4 5 -4 -1 -2
right_child=2 -3 3 -5 -6 -7
leaf_value=-0.018826916495571069 0.021928656339383016 0.012893775953406001 -0.0071719001960142015 0.015601610835324119 -0.0010223461227063155 0
leaf_weight=17.271458875387907 12.860906284302471 8.9056961387395841 15.086026735603811 5.8851276077330104 16.000892035663128 3.0484788715839377
leaf_count=170 87 41 131 37 237 16
internal_value=0.000820939 -0.00547977 0.00864909 0 -0.0118844 0.01777
internal_weight=79.0586 42.178 36.8805 20.9712 33.2724 15.9094
internal_count=719 448 271 168 407 103
is_linear=0
shrinkage=0.03


Tree=106
num_leaves=7
num_cat=0
split_feature=22 3 28 29 24 28
split_gain=5.43675 4.73448 2.63496 2.8075 2.50551 0.551786
threshold=0.044107500000000001 1.5000000000000002 0.96118550000000014 0.58551750000000002 1.0000000180025095e-35 0.91044300000000011
decision_type=8 10 2 2 10 2
left_child=1 4 5 -4 -1 -2
right_child=2 -3 3 -5 -6 -7
leaf_value=-0.01718278432207198 0 0.013415118012702308 -0.009932396343297633 0.011956522376393735 0.0045847601107263675 -0.011011927917519395
leaf_weight=23.926314044743783 0.68757174536585708 3.3583128452301017 2.2155607454478732 39.774465393275023 2.0114277452230445 5.0504389218986034
leaf_count=202 5 21 53 339 10 77
internal_value=0.000131196 -0.00911552 0.00660176 0.00954947 -0.0141577 -0.00740863
internal_weight=77.0241 29.2961 47.728 41.99 25.9377 5.73801
internal_count=707 233 474 392 212 82
is_linear=0
shrinkage=0.03


Tree=107
num_leaves=7
num_cat=0
split_feature=28 23 28 2 16 28
split_gain=4.80099 5.11537 3.02017 2.31291 1.65056 1.43414
threshold=0.98260900000000007 0.0074560000000000008 0.98782300000000012 0.47222200000000009 0.033874000000000008 0.9894590000000002
decision_type=2 8 2 8 8 2
left_child=1 -1 4 -3 -2 -4
right_child=2 3 5 -5 -6 -7
leaf_value=-0.022695653597531916 0 0.0081870868925453047 -0.011132307911511622 -0.0061785046625553531 0.021337001421193099 0.0049617315658111285
leaf_weight=7.9911376871168605 2.4548765197396305 16.356963828206062 3.5764520801603821 17.543383408337831 13.784309808164833 16.323384679853916
leaf_count=103 15 89 30 251 93 131
internal_value=0.00146743 -0.00485396 0.00937193 4.19984e-05 0.0178875 0
internal_weight=78.0305 41.8915 36.139 33.9003 16.2392 19.8998
internal_count=712 443 269 340 108 161
is_linear=0
shrinkage=0.03


Tree=108
num_leaves=5
num_cat=0
split_feature=24 29 20 5
split_gain=5.74656 5.51018 1.75386 1.08329
threshold=1.0000000180025095e-35 0.66253450000000014 0.23524500000000001 1.5000000000000002
decision_type=10 2 10 10
left_child=1 3 -3 -1
right_child=-2 2 -4 -5
leaf_value=-0.017368751302299257 0.020921984571036653 0.0057813838660973494 -0.0062576790084630544 0
leaf_weight=17.105723217129711 7.8164375871419898 38.208820726722479 10.084998015314339 1.5943004265427578
leaf_count=280 43 310 62 7
internal_value=0.000260963 -0.00251445 0.0024635 -0.015316
internal_weight=74.8103 66.9938 48.2938 18.7
internal_count=702 659 372 287
is_linear=0
shrinkage=0.03


Tree=109
num_leaves=4
num_cat=0
split_feature=26 3 18
split_gain=4.43499 4.14881 3.11928
threshold=1.0000000180025095e-35 1.5000000000000002 0.27271100000000004
decision_type=10 10 8
left_child=1 2 -1
right_child=-2 -3 -4
leaf_value=-0.012178457251365647 0.018696302348951286 0.01762754797928252 0.00034278230879341935
leaf_weight=26.394065428525209 7.5715454444289199 4.9829976037144652 34.410886507481337
leaf_count=209 41 31 416
internal_value=0.000304074 -0.00209964 -0.00493928
internal_weight=73.3595 65.7879 60.805
internal_count=697 656 625
is_linear=0
shrinkage=0.03


Tree=110
num_leaves=5
num_cat=0
split_feature=24 3 18 1
split_gain=6.16722 7.05516 4.72165 2.27269
threshold=1.0000000180025095e-35 1.5000000000000002 0.26234300000000005 1.0000000180025095e-35
decision_type=10 8 10 10
left_child=1 2 -1 -3
right_child=-2 3 -4 -5
leaf_value=-0.021185531894895009 0.018300613726682197 0 0 0.017784618645981517
leaf_weight=25.335738562047482 7.4284497424960128 24.772345129400495 13.67960438877344 5.1131269037723532
leaf_count=218 42 358 82 33
internal_value=-0.00270753 -0.00605881 -0.014197 0.00397918
internal_weight=76.3293 68.9008 39.0153 29.8855
internal_count=733 691 300 391
is_linear=0
shrinkage=0.03


Tree=111
num_leaves=6
num_cat=0
split_feature=29 28 21 2 28
split_gain=4.65727 4.25725 3.21872 1.61254 1.17788
threshold=0.58551750000000002 0.97326400000000013 0.12386950000000001 0.85416650000000016 0.93713000000000013
decision_type=2 2 10 10 2
left_child=4 2 -2 -3 -1
right_child=1 3 -4 -5 -6
leaf_value=0 -0.01430299718460408 0.011057900606551239 0.0079542341756104248 -0.00020617974546230635 -0.020786033181625144
leaf_weight=0.76253560930490394 13.487974327057602 41.888521984219551 4.8067537099122992 8.4320313297212106 6.6233953274786472
leaf_count=8 178 310 22 53 138
internal_value=0.00102424 0.0040534 -0.00674959 0.00870238 -0.0172704
internal_weight=76.0012 68.6153 18.2947 50.3206 7.38593
internal_count=709 563 200 363 146
is_linear=0
shrinkage=0.03


Tree=112
num_leaves=4
num_cat=0
split_feature=24 20 20
split_gain=3.45872 2.22372 1.39358
threshold=1.0000000180025095e-35 0.47980200000000006 0.027231500000000002
decision_type=10 10 8
left_child=1 2 -1
right_child=-2 -3 -4
leaf_value=-0.0076329212875457606 0.018013740726660187 -0.015040867301776673 0.0034000175403784772
leaf_weight=8.6201070360839349 7.2980968579649916 5.4651448875665656 54.846903067082167
leaf_count=75 42 67 529
internal_value=0.00171865 -0.000268837 0.00117329
internal_weight=76.2303 68.9322 63.467
internal_count=713 671 604
is_linear=0
shrinkage=0.03


Tree=113
num_leaves=6
num_cat=0
split_feature=29 19 21 3 22
split_gain=3.65313 3.95559 2.18647 1.22404 0.412897
threshold=0.58551750000000002 0.22274700000000003 0.28401800000000005 1.0000000180025095e-35 0.13270100000000004
decision_type=2 10 8 10 10
left_child=4 3 -3 -2 -1
right_child=1 2 -4 -5 -6
leaf_value=-0.017653089397283973 0.0043792975408929362 -0.012534551192542813 0.0085765533057109589 0.018252969440082752 0
leaf_weight=5.9134597647935143 46.577135387808084 14.32030249014497 1.8278527110815037 7.7292651906609526 0.69499986618757237
leaf_count=127 412 112 8 48 5
internal_value=0.00106427 0.00363841 -0.00760887 0.00772957 -0.0158245
internal_weight=77.063 70.4546 16.1482 54.3064 6.60846
internal_count=712 580 120 460 132
is_linear=0
shrinkage=0.03


Tree=114
num_leaves=7
num_cat=0
split_feature=21 29 5 17 2 17
split_gain=5.13087 2.61001 1.31102 1.21741 0.709368 0.175039
threshold=0.12386950000000001 0.74368000000000001 4.5000000000000009 0.042561500000000009 1.0000000180025095e-35 0.24723850000000003
decision_type=10 2 10 10 10 8
left_child=1 2 -1 -3 5 -2
right_child=4 3 -4 -5 -6 -7
leaf_value=-0.011511379125031697 0.0045950773280617812 0.0077064139392732621 0.0035088775718964079 -0.0042991405529921971 0.020397076246363062 0
leaf_weight=35.58429142087698 4.7276660129427892 13.093106005340816 1.3387742787599552 8.7210008427500707 5.708999902009964 2.0279185548424721
leaf_count=448 25 128 5 50 28 12
internal_value=-0.00108156 -0.00526918 -0.00999257 0.00175827 0.013906 0.000759834
internal_weight=71.2018 58.7372 36.9231 21.8141 12.4646 6.75558
internal_count=696 631 453 178 65 37
is_linear=0
shrinkage=0.03


Tree=115
num_leaves=5
num_cat=0
split_feature=3 18 22 17
split_gain=3.65172 2.12806 2.16344 1.76206
threshold=1.5000000000000002 0.3242985000000001 0.044107500000000001 0.17880100000000002
decision_type=10 10 10 8
left_child=1 3 -3 -1
right_child=-2 2 -4 -5
leaf_value=-0.0090171826107341702 0.020274905405069238 -0.00029485936247358925 0.019393754745517862 0.0011127095000320779
leaf_weight=18.855408534407616 6.6186459437012664 4.6230251081287843 6.6228486374020576 38.456990206614137
leaf_count=139 45 36 30 459
internal_value=0.00292219 4.79445e-05 0.0108365 -0.0020053
internal_weight=75.1769 68.5583 11.2459 57.3124
internal_count=709 664 66 598
is_linear=0
shrinkage=0.03


end of trees

feature_importances:
embedding_cosine_gte_multilingual_base=97
reranker_score_gte_multilingual_reranker_base=66
shared_title_count_capped=54
has_shared_contact_exact=52
shared_description_count_capped=33
max_category_share_percentile_gap_abs=31
repeated_title_share_percentile_gap_abs=28
shared_contact_count_capped=24
shared_category_count_capped=22
description_length_median_percentile_gap_abs=21
repeated_description_share_percentile_gap_abs=21
digit_ratio_mean_percentile_gap_abs=19
punct_ratio_mean_percentile_gap_abs=19
profile_category_jaccard=18
price_median_percentile_gap_abs=13
title_length_median_percentile_gap_abs=9
item_count_percentile_gap_abs=7
shared_description_idf_sum=6
shared_description_idf_mean=6
shared_title_idf_sum=4
shared_title_idf_mean=2
same_source_dataset_bool=1
shared_rare_ngram_count=1

parameters:
[boosting: gbdt]
[objective: binary]
[metric: binary_logloss,auc]
[tree_learner: serial]
[device_type: cpu]
[data_sample_strategy: bagging]
[data: ]
[valid: ]
[num_iterations: 120]
[learning_rate: 0.03]
[num_leaves: 7]
[num_threads: 0]
[seed: 20260322]
[deterministic: 1]
[force_col_wise: 1]
[force_row_wise: 0]
[histogram_pool_size: -1]
[max_depth: 3]
[min_data_in_leaf: 10]
[min_sum_hessian_in_leaf: 0.001]
[bagging_fraction: 0.8]
[pos_bagging_fraction: 1]
[neg_bagging_fraction: 1]
[bagging_freq: 1]
[bagging_seed: 20260322]
[bagging_by_query: 0]
[feature_fraction: 0.6]
[feature_fraction_bynode: 1]
[feature_fraction_seed: 20260322]
[extra_trees: 0]
[extra_seed: 18836]
[early_stopping_round: 0]
[early_stopping_min_delta: 0]
[first_metric_only: 0]
[max_delta_step: 0]
[lambda_l1: 1]
[lambda_l2: 3]
[linear_lambda: 0]
[min_gain_to_split: 0.05]
[drop_rate: 0.1]
[max_drop: 50]
[skip_drop: 0.5]
[xgboost_dart_mode: 0]
[uniform_drop: 0]
[drop_seed: 22382]
[top_rate: 0.2]
[other_rate: 0.1]
[min_data_per_group: 100]
[max_cat_threshold: 32]
[cat_l2: 10]
[cat_smooth: 10]
[max_cat_to_onehot: 4]
[top_k: 20]
[monotone_constraints: ]
[monotone_constraints_method: basic]
[monotone_penalty: 0]
[feature_contri: ]
[forcedsplits_filename: ]
[refit_decay_rate: 0.9]
[cegb_tradeoff: 1]
[cegb_penalty_split: 0]
[cegb_penalty_feature_lazy: ]
[cegb_penalty_feature_coupled: ]
[path_smooth: 0]
[interaction_constraints: ]
[verbosity: -1]
[saved_feature_importance_type: 0]
[use_quantized_grad: 0]
[num_grad_quant_bins: 4]
[quant_train_renew_leaf: 0]
[stochastic_rounding: 1]
[linear_tree: 0]
[max_bin: 255]
[max_bin_by_feature: ]
[min_data_in_bin: 3]
[bin_construct_sample_cnt: 200000]
[data_random_seed: 20260322]
[is_enable_sparse: 1]
[enable_bundle: 1]
[use_missing: 1]
[zero_as_missing: 0]
[feature_pre_filter: 1]
[pre_partition: 0]
[two_round: 0]
[header: 0]
[label_column: ]
[weight_column: ]
[group_column: ]
[ignore_column: ]
[categorical_feature: ]
[forcedbins_filename: ]
[precise_float_parser: 0]
[parser_config_file: ]
[objective_seed: 31326]
[num_class: 1]
[is_unbalance: 0]
[scale_pos_weight: 1]
[sigmoid: 1]
[boost_from_average: 1]
[reg_sqrt: 0]
[alpha: 0.9]
[fair_c: 1]
[poisson_max_delta_step: 0.7]
[tweedie_variance_power: 1.5]
[lambdarank_truncation_level: 30]
[lambdarank_norm: 1]
[label_gain: ]
[lambdarank_position_bias_regularization: 0]
[eval_at: ]
[multi_error_top_k: 1]
[auc_mu_weights: ]
[num_machines: 1]
[local_listen_port: 12400]
[time_out: 120]
[machine_list_filename: ]
[machines: ]
[gpu_platform_id: -1]
[gpu_device_id: -1]
[gpu_use_dp: 0]
[num_gpu: 1]

end of parameters

pandas_categorical:null
