tree
version=v4
num_class=1
num_tree_per_iteration=1
label_index=0
max_feature_idx=25
objective=binary sigmoid:1
feature_names=same_market_raw_bool same_source_dataset_bool profile_category_jaccard shared_title_count_capped shared_description_count_capped shared_category_count_capped shared_title_idf_sum shared_description_idf_sum shared_title_idf_mean shared_description_idf_mean boilerplate_ratio_max boilerplate_ratio_gap_abs shared_boilerplate_count shared_low_df_sentence_count shared_rare_ngram_count item_count_percentile_gap_abs price_median_percentile_gap_abs title_length_median_percentile_gap_abs description_length_median_percentile_gap_abs digit_ratio_mean_percentile_gap_abs punct_ratio_mean_percentile_gap_abs repeated_title_share_percentile_gap_abs repeated_description_share_percentile_gap_abs max_category_share_percentile_gap_abs embedding_cosine_gte_multilingual_base reranker_score_gte_multilingual_reranker_base
feature_infos=[0:1] [0:1] [0:1] [0:5] [0:5] [0:5] [0:70.616864000000007] [0:79.443972000000002] [0:8.8271080000000008] [0:8.8271080000000008] [0:0.20000000000000001] [0:0.20000000000000001] [0:1] [0:9] [0:8] [0:0.70916299999999999] [0:0.96791400000000005] [0:0.92293000000000003] [0:0.88129299999999999] [0:0.90190499999999996] [0:0.93838699999999997] [0:0.78087600000000001] [0:0.625498] [0:0.99695599999999995] [0.88623300000000005:0.99833300000000003] [0.41123199999999999:0.96361600000000003]
tree_sizes=886 891 848 868 885 888 868 880 868 890 784 866 870 896 768 850 893 895 872 874 665 892 888 880 839 888 879 657 772 875 762 883 886 885 885 868 879 849 660 876 836 661 862 837 668 661 865 669 832 758 682 848 842 836 889 856 575 685 678 784 892 889 680 770 866 576 891 869 673 883 752 855 681 880 651 857 781 666 577 873 651 876 827 655 667 763 674 827 877 767 664 863 668 676 663 679 647 862 833 785 664 679 855 661 874 767 657 888 870 760 578 661 747 833 659 641 882 725

Tree=0
num_leaves=7
num_cat=0
split_feature=25 20 25 20 23 21
split_gain=119.489 22.6048 15.0036 15.4432 8.09101 5.44431
threshold=0.68106350000000015 0.25015000000000004 0.59205150000000006 0.21256950000000002 0.82472250000000014 0.24561150000000001
decision_type=2 10 2 10 10 10
left_child=2 4 -1 -4 -2 -3
right_child=1 5 3 -5 -6 -7
leaf_value=-0.049954475736247221 0.030913157231667099 -0.01246181406442794 -0.0016467770367661727 -0.038769319834207602 -0.003058640916113194 0.018978991214935251
leaf_weight=21.777261689305305 73.866432413458824 17.783544778823856 28.311956442892551 14.743984043598173 4.5918304920196524 3.1210420131683341
leaf_count=191 377 80 210 81 20 8
internal_value=0.000675332 0.0212981 -0.0300328 -0.0167076 0.0285172 -0.00471999
internal_weight=164.196 99.3628 64.8332 43.0559 78.4583 20.9046
internal_count=967 485 482 291 397 88
is_linear=0
shrinkage=1


Tree=1
num_leaves=7
num_cat=0
split_feature=25 24 21 4 23 17
split_gain=122.714 55.2925 24.9786 23.577 8.75332 6.82575
threshold=0.68316900000000003 0.97683400000000009 0.14425450000000004 1.0000000180025095e-35 0.0072370000000000012 0.23643500000000003
decision_type=2 2 10 10 10 10
left_child=3 2 -2 4 -1 -5
right_child=1 -3 -4 5 -6 -7
leaf_value=-0.043917945548042195 -0.031440366474701442 0.03395966282701187 0.024778917748597213 0.02876850337872627 -0.015452709091040885 -0.015188138940117593
leaf_weight=42.570476017892361 19.576034501194957 72.477733820676804 7.2173356562852851 5.606898382306098 23.276030868291855 1.7117663472890852
leaf_count=399 158 307 20 14 107 10
internal_value=-0.000711249 0.0205979 -0.0143194 -0.0296901 -0.0354034 0.0141534
internal_weight=172.436 99.2711 26.7934 73.1652 65.8465 7.31866
internal_count=1015 485 178 530 506 24
is_linear=0
shrinkage=0.03


Tree=2
num_leaves=7
num_cat=0
split_feature=24 21 25 20 25 20
split_gain=103.948 48.2298 40.5372 12.3666 5.46388 5.02318
threshold=0.97851850000000018 0.052490000000000002 0.61878350000000004 0.25698250000000006 0.78477400000000008 0.052606500000000007
decision_type=2 10 2 10 2 10
left_child=1 4 -2 -4 -1 -3
right_child=2 5 3 -5 -6 -7
leaf_value=-0.036975338103203588 -0.028761444238730189 -0.0031970865878377642 0.034196743639239705 0 0 0.030894231459248713
leaf_weight=58.357528120279312 9.2126023955643159 2.6362018287181845 71.571098856627941 11.032183364033697 4.7220035046339026 10.796920359134672
leaf_count=472 74 12 325 44 35 29
internal_value=0.00154404 -0.0235952 0.0228934 0.0298109 -0.0345696 0.0230161
internal_weight=168.329 76.5127 91.8159 82.6033 63.0795 13.4331
internal_count=991 548 443 369 507 41
is_linear=0
shrinkage=0.03


Tree=3
num_leaves=7
num_cat=0
split_feature=25 3 21 21 25 22
split_gain=104.468 25.044 18.5071 15.1835 6.16709 0.502346
threshold=0.68316900000000003 1.5000000000000002 0.052490000000000002 0.00092500000000000015 0.60031250000000014 0.14302150000000002
decision_type=2 10 10 8 2 10
left_child=2 3 4 -2 -1 -4
right_child=1 -3 5 -5 -6 -7
leaf_value=-0.046467526445238036 -0.0072066264632105895 0.04834481281812418 0.015890734538997475 0.019566118459695494 -0.020676136213011048 0
leaf_weight=24.424734577536583 24.828335791826248 19.407147020101547 4.0952482819557181 53.531739506870508 35.407226521521807 2.7574746906757355
leaf_count=211 106 42 12 332 256 11
internal_value=3.12829e-05 0.0197369 -0.0280347 0.0107615 -0.0333982 0.0116601
internal_weight=164.452 97.7672 66.6847 78.3601 59.832 6.85272
internal_count=970 480 490 438 467 23
is_linear=0
shrinkage=0.03


Tree=4
num_leaves=7
num_cat=0
split_feature=24 21 25 25 4 18
split_gain=103.88 43.3628 32.9786 8.41316 7.28545 3.37274
threshold=0.97851850000000018 0.10762700000000001 0.62835750000000012 0.70168600000000014 1.0000000180025095e-35 0.33860950000000006
decision_type=2 10 2 2 10 10
left_child=1 4 5 -4 -1 -2
right_child=2 -3 3 -5 -6 -7
leaf_value=-0.037591418978620943 -0.030268105097539362 0.022299634830173849 0.0066777861038416157 0.033460585193040134 0.0047361910517748074 0.0019869100685222215
leaf_weight=59.750932265073061 8.2752855867147428 11.34429134428501 18.300454411655664 61.442154712975025 1.9012589156627644 1.2657409757375706
leaf_count=487 73 34 101 250 6 4
internal_value=5.98703e-05 -0.0257355 0.0216258 0.0281416 -0.0356629 -0.0241452
internal_weight=162.28 72.9965 89.2836 79.7426 61.6522 9.54103
internal_count=955 527 428 351 493 77
is_linear=0
shrinkage=0.03


Tree=5
num_leaves=7
num_cat=0
split_feature=24 19 22 2 19 15
split_gain=103.467 35.0734 30.9306 7.10286 6.93793 4.55779
threshold=0.97851850000000018 0.00032450000000000008 0.090430500000000011 0.21363650000000003 0.57113900000000017 0.34436500000000003
decision_type=2 8 10 10 10 8
left_child=2 -2 5 -4 -3 -1
right_child=1 4 3 -5 -6 -7
leaf_value=-0.043708646764382499 -0.03205526168529424 0.028430935961569065 0.022313431137918359 -0.015497275287629076 -0.0088699421680839309 -0.01953162558234086
leaf_weight=35.642062589526176 7.2581588625907889 77.790517259389162 10.698102965950964 3.1877136826515189 2.168421357870101 26.062644518911839
leaf_count=201 41 369 32 17 11 304
internal_value=-0.00111331 0.0206422 -0.0264265 0.0106456 0.0267736 -0.0353395
internal_weight=162.808 87.2171 75.5905 13.8858 79.9589 61.7047
internal_count=975 421 554 49 380 505
is_linear=0
shrinkage=0.03


Tree=6
num_leaves=7
num_cat=0
split_feature=25 24 24 23 16 24
split_gain=106.295 45.122 11.2455 14.9329 7.67756 7.47551
threshold=0.68316900000000003 0.97683400000000009 0.97151950000000009 1.0000000180025095e-35 0.47068100000000007 0.95943100000000014
decision_type=2 2 2 8 10 2
left_child=2 5 -1 -4 -3 -2
right_child=1 4 3 -5 -6 -7
leaf_value=-0.040785615156796844 -0.033866005248493904 0.034403242150425652 -0.03582668555183996 0.00070259538275158702 -0.0049028670918310532 0
leaf_weight=31.311242677271366 6.4895650222897556 68.932397723197937 12.781656458973883 23.338076341897249 2.6244515478610984 18.717583306133747
leaf_count=262 55 292 72 169 12 114
internal_value=0.000409421 0.0204959 -0.0276342 -0.0132133 0.03242 -0.0121378
internal_weight=164.195 96.764 67.431 36.1197 71.5568 25.2071
internal_count=976 473 503 241 304 169
is_linear=0
shrinkage=0.03


Tree=7
num_leaves=7
num_cat=0
split_feature=24 25 21 3 25 15
split_gain=84.9996 43.198 35.3411 10.3868 10.0137 5.07844
threshold=0.97334950000000009 0.62835750000000012 0.12386950000000001 1.5000000000000002 0.7391445000000002 0.03284850000000001
decision_type=2 2 10 10 2 10
left_child=2 5 4 -3 -1 -2
right_child=1 3 -4 -5 -6 -7
leaf_value=-0.042594404484163705 -0.032883977061048786 0.017730380041705851 0.020994175243623379 0.04509595693806609 -0.0015180281826360676 6.1018112829905837e-05
leaf_weight=41.51863045617938 12.169453330337999 75.327750444412231 8.7976084351539594 18.28918069601059 8.0774871967732889 3.3751835227012625
leaf_count=356 103 396 26 40 56 13
internal_value=0.00108478 0.016765 -0.0271262 0.0246213 -0.036943 -0.0252603
internal_weight=167.555 109.162 58.3937 93.6169 49.5961 15.5446
internal_count=990 552 438 436 412 116
is_linear=0
shrinkage=0.03


Tree=8
num_leaves=7
num_cat=0
split_feature=25 24 24 25 20 21
split_gain=88.1456 22.3286 22.1751 15.9298 10.5228 8.92393
threshold=0.70063150000000007 0.97334950000000009 0.97683400000000009 0.58515400000000006 0.25015000000000004 0.29816800000000004
decision_type=2 2 2 2 10 10
left_child=1 -1 5 -3 -4 -2
right_child=2 3 4 -5 -6 -7
leaf_value=-0.040346966377010934 -0.015106584811785449 -0.036777195300565807 0.032758349680629503 0.0034762948884699851 0 0.023653325148474087
leaf_weight=37.629775021225214 18.406252261251215 8.7414509095251542 53.349251482635736 30.297799929976463 9.6636302620172483 3.8465322554111472
leaf_count=313 134 80 235 172 38 9
internal_value=-0.00152769 -0.0245435 0.0189585 -0.0068047 0.0277948 -0.00520466
internal_weight=161.935 76.669 85.2657 39.0393 63.0129 22.2528
internal_count=981 565 416 252 273 143
is_linear=0
shrinkage=0.03


Tree=9
num_leaves=7
num_cat=0
split_feature=25 4 2 5 4 25
split_gain=82.8597 17.7723 13.8472 13.5193 9.98798 3.39459
threshold=0.68316900000000003 1.0000000180025095e-35 0.47222200000000009 1.5000000000000002 1.0000000180025095e-35 0.69210750000000021
decision_type=2 10 10 10 10 2
left_child=3 2 -2 4 -1 -3
right_child=1 5 -4 -5 -6 -7
leaf_value=-0.033498671331565928 0.015930483910151259 -0.00071403415534034291 -0.011631135260445496 0.014210640894579303 0.0026383361365194067 0.03729362508078176
leaf_weight=55.522019624710083 49.086588587611914 0.51197433471679943 20.172579869627953 4.2587304264307013 5.6148209124803534 28.422586411237717
leaf_count=456 323 3 90 13 21 72
internal_value=-0.000269731 0.0167955 0.00733805 -0.0259451 -0.0297439 0.0356778
internal_weight=163.589 98.1937 69.2592 65.3956 61.1368 28.9346
internal_count=978 488 413 490 477 75
is_linear=0
shrinkage=0.03


Tree=10
num_leaves=6
num_cat=0
split_feature=25 25 21 3 21
split_gain=70.3798 23.8303 11.0831 9.27364 7.79545
threshold=0.71548950000000011 0.59205150000000006 0.052490000000000002 1.0000000180025095e-35 0.10762700000000001
decision_type=2 2 10 10 8
left_child=1 -1 -3 4 -2
right_child=3 2 -4 -5 -6
leaf_value=-0.042117094841369676 0.00018290306614022285 -0.012156859414913965 0.01893922379313771 0.039022490871487819 0.022868830306543814
leaf_weight=22.58996956422925 27.370333701372147 55.605537697672844 9.1124574840068799 19.330164611339569 31.066412217915058
leaf_count=203 107 396 28 46 209
internal_value=0.00074466 -0.0172835 -0.00669037 0.0212462 0.0132594
internal_weight=165.075 87.308 64.718 77.7669 58.4367
internal_count=989 627 424 362 316
is_linear=0
shrinkage=0.03


Tree=11
num_leaves=7
num_cat=0
split_feature=25 24 23 23 20 24
split_gain=66.3011 26.3377 12.6385 20.281 8.08583 3.43954
threshold=0.68316900000000003 0.96578750000000013 0.0072370000000000012 0.50185950000000012 0.76236350000000008 0.9928570000000001
decision_type=2 2 10 10 10 2
left_child=2 -2 5 -4 -3 -1
right_child=1 4 3 -5 -6 -7
leaf_value=-0.033807447915344319 -0.023448308877003613 0.02378179921111348 0.024353526098154582 -0.023904370469248787 -0.016314235879536926 0
leaf_weight=40.528500895947218 10.204985447227953 78.952342446893454 9.9003429561853427 16.4107675999403 1.8701705783605564 1.1335178688168515
leaf_count=387 80 368 29 86 11 7
internal_value=-0.000391679 0.0159516 -0.0224499 -0.00408832 0.0219454 -0.0323206
internal_weight=159.001 91.0275 67.9731 26.3111 80.8225 41.662
internal_count=968 459 509 115 379 394
is_linear=0
shrinkage=0.03


Tree=12
num_leaves=7
num_cat=0
split_feature=24 21 3 23 24 23
split_gain=70.6367 30.4012 20.2812 17.7378 1.86253 1.32472
threshold=0.97334950000000009 0.12386950000000001 1.0000000180025095e-35 0.0063255000000000013 0.90790150000000014 0.57592050000000017
decision_type=2 10 10 8 2 10
left_child=1 4 3 -2 -1 -4
right_child=2 -3 5 -5 -6 -7
leaf_value=0 -0.015479684704430598 0.019797659977967438 0.041684512212644853 0.014774556216589846 -0.036348955368547507 0.0063633080766210765
leaf_weight=1.5571335367858399 20.876096040010452 8.1225881278514844 18.936216577887539 58.012561772018671 47.106843482702971 4.505880504846572
leaf_count=11 99 24 43 387 405 15
internal_value=-0.000133534 -0.0263546 0.0144687 0.00612831 -0.0353409 0.0375221
internal_weight=159.117 56.7866 102.331 78.8887 48.664 23.4421
internal_count=984 440 544 486 416 58
is_linear=0
shrinkage=0.03


Tree=13
num_leaves=7
num_cat=0
split_feature=25 3 25 19 21 22
split_gain=60.385 19.7861 16.2137 19.3313 9.02681 0.395492
threshold=0.70168600000000014 1.0000000180025095e-35 0.59205150000000006 0.27263750000000003 0.10762700000000001 0.044478500000000004
decision_type=2 10 2 10 8 10
left_child=2 4 5 -4 -2 -1
right_child=1 -3 3 -5 -6 -7
leaf_value=-0.040360754231784875 -0.003402223986736392 0.039583591622108776 0.0041280088022713074 -0.030257469871724105 0.018269566270253893 -0.0055723614174592847
leaf_weight=20.197191223502163 30.517279922962189 23.886404320597649 38.687877561897039 19.171638444066048 30.300094611942768 3.508788362145423
leaf_count=193 126 57 276 105 230 18
internal_value=0.000161342 0.0177712 -0.017753 -0.00770249 0.00727615 -0.0375394
internal_weight=166.269 84.7038 81.5655 57.8595 60.8174 23.706
internal_count=1005 413 592 381 356 211
is_linear=0
shrinkage=0.03


Tree=14
num_leaves=6
num_cat=0
split_feature=19 7 19 22 19
split_gain=31.3176 23.8262 17.0168 1.8039 0.134507
threshold=0.50499100000000008 17.510375000000007 0.0041160000000000007 0.11148500000000001 0.57113900000000017
decision_type=10 10 8 10 10
left_child=1 2 -1 4 -2
right_child=3 -3 -4 -5 -6
leaf_value=-0.033091445029515436 -0.0046961413858212795 0.034900361210792728 0.0033506413187657275 0 -0.039872272930821531
leaf_weight=9.7841939330100995 3.0483871400356355 17.195569038391113 114.20656253769994 2.0505592823028556 13.76273153722286
leaf_count=58 15 43 784 9 84
internal_value=-0.000216787 0.00467799 -2.60097e-06 -0.0338423 -0.0366851
internal_weight=160.048 141.186 123.991 18.8617 16.8111
internal_count=993 885 842 108 99
is_linear=0
shrinkage=0.03


Tree=15
num_leaves=7
num_cat=0
split_feature=25 5 3 3 2 17
split_gain=64.6879 21.8353 12.8248 10.0914 11.3223 0.638459
threshold=0.71548950000000011 1.5000000000000002 2.5000000000000004 1.5000000000000002 0.32575750000000009 0.14876850000000003
decision_type=2 10 10 10 10 10
left_child=1 2 -1 4 -2 -3
right_child=3 5 -4 -5 -6 -7
leaf_value=-0.026548141886724785 0.020501058648061062 0 0.020537582497637933 0.039756693616750577 -0.0063455333546524771 0.025885899036026543
leaf_weight=69.744149595499039 40.016952272504568 2.3959626704454413 2.7311687469482413 16.603095680475235 17.184801235795021 5.4995549768209457
leaf_count=563 236 9 6 38 73 14
internal_value=0 -0.0181995 -0.0236305 0.0199618 0.0120231 0.0216792
internal_weight=154.176 80.3708 72.4753 73.8048 57.2018 7.89552
internal_count=939 592 569 347 309 23
is_linear=0
shrinkage=0.03


Tree=16
num_leaves=7
num_cat=0
split_feature=25 24 4 24 20 24
split_gain=71.5816 25.6217 17.2098 8.27106 4.58742 3.98035
threshold=0.68106350000000015 0.97683400000000009 1.0000000180025095e-35 0.9574950000000001 0.25015000000000004 0.98076850000000004
decision_type=2 2 10 2 10 2
left_child=2 3 5 -2 -3 -1
right_child=1 4 -4 -5 -6 -7
leaf_value=-0.033391383810443577 -0.031081922675811859 0.030099374433590002 0.016297996877002435 0.0023856837760650161 0.0030727116786943864 -0.0098045246189046413
leaf_weight=42.005800202488899 5.5329005271196392 58.026584755629301 6.1095359325408927 23.059698585420847 9.8383534848690015 16.052336759865284
leaf_count=364 48 264 19 136 36 119
internal_value=0.000807479 0.0171255 -0.0229446 -0.00547751 0.0269006 -0.0281634
internal_weight=160.625 96.4575 64.1677 28.5926 67.8649 58.0581
internal_count=986 484 502 184 300 483
is_linear=0
shrinkage=0.03


Tree=17
num_leaves=7
num_cat=0
split_feature=24 21 25 25 4 15
split_gain=59.4523 34.0278 23.6347 6.26739 4.98901 2.76304
threshold=0.97851850000000018 0.11378600000000001 0.70168600000000014 0.61878350000000004 1.0000000180025095e-35 0.0022240000000000003
decision_type=2 10 2 2 8 8
left_child=1 4 3 -2 -1 -4
right_child=2 -3 5 -5 -6 -7
leaf_value=-0.034681188295253546 -0.022361834057610348 0.022010351717978528 0.00084115451729718175 0.0039501439957664855 -0.011831595279122845 0.029337643925286351
leaf_weight=41.749117448925972 9.0001606829464453 11.86690431833267 5.7624298930168143 19.474736928939819 21.963541954755783 51.777237713336945
leaf_count=242 71 35 21 108 290 223
internal_value=-0.000153388 -0.0193445 0.0164562 -0.00475195 -0.0281403 0.0271624
internal_weight=161.594 75.5796 86.0146 28.4749 63.7127 57.5397
internal_count=990 567 423 179 532 244
is_linear=0
shrinkage=0.03


Tree=18
num_leaves=7
num_cat=0
split_feature=25 3 25 19 21 15
split_gain=54.7338 15.3666 9.29439 13.7439 7.52832 0.445613
threshold=0.7019605000000001 1.5000000000000002 0.59205150000000006 0.20602100000000004 0.00092500000000000015 0.32105100000000003
decision_type=2 10 2 10 8 10
left_child=2 4 5 -4 -2 -1
right_child=1 -3 3 -5 -6 -7
leaf_value=-0.037465458296566029 -0.0072398821260508638 0.03850653020282039 0.00058452809627588533 -0.028366128411223445 0.013459517895221734 0
leaf_weight=19.820463992655281 18.755426615476608 17.04488268494606 33.002654302865267 21.010074123740196 47.123147405683994 1.7051444351673115
leaf_count=193 81 40 263 117 295 9
internal_value=-0.00137384 0.0150016 -0.0196185 -0.0110507 0.00707225 -0.0359127
internal_weight=158.462 82.9235 75.5383 54.0127 65.8786 21.5256
internal_count=998 416 582 380 376 202
is_linear=0
shrinkage=0.03


Tree=19
num_leaves=7
num_cat=0
split_feature=24 21 25 16 20 2
split_gain=66.8187 31.331 22.807 5.30498 4.49872 3.19705
threshold=0.97851850000000018 0.052490000000000002 0.62835750000000012 0.47068100000000007 0.067512000000000016 0.47222200000000009
decision_type=2 10 2 10 10 10
left_child=1 5 -2 -4 -3 -1
right_child=2 4 3 -5 -6 -7
leaf_value=-0.019859438756999487 -0.020483926358546432 -0.0048032772298765526 0.02477079830032405 -0.0030514094959160696 0.027195754694734793 -0.041219631697021551
leaf_weight=38.45384543761611 9.473984055221079 2.5833176225423804 74.420294582843781 3.982909992337226 9.3538556694984418 21.80381190776825
leaf_count=377 79 12 339 17 25 137
internal_value=0 -0.0208325 0.0173964 0.0229285 0.0186886 -0.029651
internal_weight=160.072 72.1948 87.8772 78.4032 11.9372 60.2577
internal_count=986 551 435 356 37 514
is_linear=0
shrinkage=0.03


Tree=20
num_leaves=5
num_cat=0
split_feature=3 19 19 21
split_gain=45.9818 19.063 10.2016 2.61792
threshold=1.5000000000000002 0.5363880000000002 0.00032450000000000008 0.019523500000000003
decision_type=10 10 8 10
left_child=1 2 -1 -3
right_child=-2 3 -4 -5
leaf_value=-0.028902706593099736 0.039407675526714231 -0.036281761922863351 0.00063785785075276969 0
leaf_weight=8.4432923942804319 19.462351739406586 16.447024345397953 111.05308363586664 1.5373051911592472
leaf_count=52 46 103 778 6
internal_value=-0.000257533 -0.00680791 -0.00186122 -0.0332814
internal_weight=156.943 137.481 119.496 17.9843
internal_count=985 939 830 109
is_linear=0
shrinkage=0.03


Tree=21
num_leaves=7
num_cat=0
split_feature=25 4 19 23 25 23
split_gain=53.2462 12.4557 9.58503 8.09064 6.36056 4.45223
threshold=0.68316900000000003 1.0000000180025095e-35 0.58503000000000005 0.71793150000000006 0.62835750000000012 0.71218550000000014
decision_type=2 10 10 10 2 10
left_child=1 4 3 -2 -1 -3
right_child=2 5 -4 -5 -6 -7
leaf_value=-0.034111103626965462 0.020694377683373569 0.026266777829972256 -0.018353274991795426 -0.0031533204852809363 -0.010550097962724979 -0.0085247736920041148
leaf_weight=31.043964430689812 76.006527859717607 4.2775986492633811 4.1873467266559592 11.900682896375654 27.074733324348927 2.312033474445343
leaf_count=279 401 10 24 51 204 12
internal_value=2.12734e-05 -0.0201259 0.0146811 0.0171384 -0.0246826 0.0120834
internal_weight=156.803 64.7083 92.0946 87.9072 58.1187 6.58963
internal_count=981 505 476 452 483 22
is_linear=0
shrinkage=0.03


Tree=22
num_leaves=7
num_cat=0
split_feature=4 21 5 20 18 15
split_gain=30.2576 15.0153 10.0646 9.00247 7.51152 1.10026
threshold=1.0000000180025095e-35 0.11378600000000001 1.0000000180025095e-35 0.25015000000000004 0.14289150000000003 0.2283705
decision_type=10 8 10 10 10 10
left_child=1 4 -3 -2 -1 -5
right_child=3 2 -4 5 -6 -7
leaf_value=-0.024461638566130414 0.032012928882421708 -0.00099705030360234268 0.030140568823815668 0.00076501534875597751 -0.003476866374772803 -0.015953434319307676
leaf_weight=38.091653987765312 25.460045248270038 45.872847452759743 8.2134842276573163 2.6345080286264411 32.391452759504318 1.8531372547149656
leaf_count=205 69 513 20 9 149 11
internal_value=-6.3025e-06 -0.00681173 0.0045414 0.0254335 -0.0157617 -0.00575798
internal_weight=154.517 124.569 54.0863 29.9477 70.4831 4.48765
internal_count=976 887 533 89 354 20
is_linear=0
shrinkage=0.03


Tree=23
num_leaves=7
num_cat=0
split_feature=4 2 23 2 19 16
split_gain=33.1188 18.4566 17.6308 11.3416 2.11994 1.3954
threshold=1.0000000180025095e-35 0.41428550000000003 0.73287700000000011 1.0000000180025095e-35 0.18328200000000003 0.0063340000000000011
decision_type=10 10 10 10 10 10
left_child=1 3 -2 -1 -4 -3
right_child=2 5 4 -5 -6 -7
leaf_value=-0.0054585456990372946 0.035378575073480918 -0.0068789929157713724 0 0.020111480157720237 -0.024797771731774155 -0.028313658544798129
leaf_weight=64.972988571971655 26.224609628319744 10.146703630685804 2.7591603845357886 17.230157002806664 2.8496949672698975 27.764104232192039
leaf_count=610 68 50 10 57 17 157
internal_value=-0.000273134 -0.00776237 0.0253588 6.83629e-05 -0.0140077 -0.0242352
internal_weight=151.947 120.114 31.8335 82.2031 5.60886 37.9108
internal_count=969 874 95 667 27 207
is_linear=0
shrinkage=0.03


Tree=24
num_leaves=7
num_cat=0
split_feature=24 25 21 20 20 18
split_gain=46.1168 27.5633 25.8966 4.93389 3.45171 3.02129
threshold=0.97683400000000009 0.61878350000000004 0.052490000000000002 0.28273050000000005 0.062783000000000019 0.33860950000000006
decision_type=2 2 10 10 10 10
left_child=2 5 -1 -3 -4 -2
right_child=1 3 4 -5 -6 -7
leaf_value=-0.026912218829262115 -0.030170028428384073 0.022710543902446825 -0.0014586665780756557 0 0.02551144012160932 0
leaf_weight=56.534611023962498 9.7854801192879659 69.846138618886471 3.2091107517480841 11.721182346343992 8.5905776470899564 1.5688576400279988
leaf_count=495 92 343 14 46 23 6
internal_value=0 0.0134075 -0.0184424 0.0197933 0.0173406 -0.0249262
internal_weight=161.256 92.9217 68.3343 81.5673 11.7997 11.3543
internal_count=1019 487 532 389 37 98
is_linear=0
shrinkage=0.03


Tree=25
num_leaves=7
num_cat=0
split_feature=24 21 25 25 25 22
split_gain=40.579 32.2959 15.1288 7.46851 2.87409 2.64304
threshold=0.98241700000000021 0.10762700000000001 0.61878350000000004 0.77384150000000007 0.63467600000000013 0.0022595000000000007
decision_type=2 10 2 2 2 10
left_child=1 3 5 -1 -3 -2
right_child=2 4 -4 -5 -6 -7
leaf_value=-0.025104578793688027 -0.024607652351561121 -0.00023111951767917558 0.022290209223174498 0.00094033769889845416 0.028056972260234916 0.0031158286385675592
leaf_weight=62.830222252756357 5.7378980815410605 1.4567717611789692 60.823343258351088 8.8426021263003332 12.688459441065786 1.2516160160303114
leaf_count=539 55 7 281 59 34 4
internal_value=0.000118115 -0.0131996 0.0172407 -0.0215809 0.0238632 -0.0171952
internal_weight=153.631 85.8181 67.8129 71.6728 14.1452 6.98951
internal_count=979 639 340 598 41 59
is_linear=0
shrinkage=0.03


Tree=26
num_leaves=7
num_cat=0
split_feature=25 5 25 21 7 19
split_gain=47.2223 13.9229 8.19084 5.35068 4.9673 3.71138
threshold=0.68316900000000003 1.5000000000000002 0.73728700000000014 0.080088500000000021 8.6832670000000025 0.57113900000000017
decision_type=2 10 2 10 10 10
left_child=1 4 3 -2 -1 -4
right_child=2 -3 5 -5 -6 -7
leaf_value=-0.024928032464427614 -0.0056477621439856218 0.018491657397605311 0.021377588350180558 0.021297072010322708 0.0059677433945246388 -0.0056313627572695856
leaf_weight=58.414958495646715 24.605352692306045 5.1307703852653495 60.293514501303434 5.6758835911750785 2.3025158196687689 1.9031810611486424
leaf_count=512 163 15 294 15 7 10
internal_value=3.31933e-05 -0.0187217 0.0138704 0 -0.0230598 0.0198699
internal_weight=158.326 65.8482 92.4779 30.2812 60.7175 62.1967
internal_count=1016 534 482 178 519 304
is_linear=0
shrinkage=0.03


Tree=27
num_leaves=5
num_cat=0
split_feature=3 19 5 22
split_gain=31.3793 15.5573 9.44393 1.67956
threshold=1.5000000000000002 0.50499100000000008 1.5000000000000002 0.11148500000000001
decision_type=10 10 10 10
left_child=1 2 -1 -3
right_child=-2 3 -4 -5
leaf_value=-0.004288829140288975 0.035481847865056766 -0.03199658154693167 0.020181012164578498 0
leaf_weight=106.04457531124353 16.217689841985703 16.018780738115314 13.191582158207892 1.9296251237392414
leaf_count=797 41 103 40 9
internal_value=-0.000271105 -0.00538062 -0.00090735 -0.02928
internal_weight=153.402 137.185 119.236 17.9484
internal_count=990 949 837 112
is_linear=0
shrinkage=0.03


Tree=28
num_leaves=6
num_cat=0
split_feature=24 19 4 19 24
split_gain=49.3527 18.7223 7.68441 7.56022 5.7414
threshold=0.97418450000000012 0.0041160000000000007 1.5000000000000002 0.24434850000000002 0.96775100000000014
decision_type=2 8 10 8 2
left_child=2 -2 4 -3 -1
right_child=1 3 -4 -5 -6
leaf_value=-0.031221496845517793 -0.023536816435933906 0.026670686180984601 0.011525911734179151 0.0070327466682513192 -0.0068157283050198497
leaf_weight=35.198525536805391 7.8279366046190253 43.25911445915699 3.0675451457500449 41.718153957277536 18.485083993524313
leaf_count=322 48 131 9 329 128
internal_value=0 0.0135003 -0.0212401 0.0179393 -0.0241525
internal_weight=149.556 92.8052 56.7512 84.9773 53.6836
internal_count=967 508 459 460 450
is_linear=0
shrinkage=0.03


Tree=29
num_leaves=7
num_cat=0
split_feature=24 21 25 15 20 20
split_gain=39.9525 18.8033 16.0825 5.09693 4.50376 3.27302
threshold=0.97851850000000018 0.10762700000000001 0.70168600000000014 0.32105100000000003 1.0000000180025095e-35 0.25015000000000004
decision_type=2 10 2 10 8 10
left_child=1 3 4 -1 -2 -4
right_child=2 -3 5 -5 -6 -7
leaf_value=-0.027428412149435897 -0.024824328200316586 0.0168629330740321 0.024062515615165384 0 0.0003439664103643443 0.00041160915001203801
leaf_weight=49.694513253867626 4.9339604377746609 9.0648605525493604 50.540043480694294 8.3945727348327619 21.964688755571842 8.8645078092813474
leaf_count=473 33 28 240 41 154 33
internal_value=-0.000416235 -0.0175321 0.0127075 -0.0239551 -0.00529684 0.0212034
internal_weight=153.457 67.1539 86.3032 58.0891 26.8986 59.4046
internal_count=1002 542 460 514 187 273
is_linear=0
shrinkage=0.03


Tree=30
num_leaves=6
num_cat=0
split_feature=24 3 22 4 24
split_gain=32.8695 16.91 13.0211 8.12481 2.44532
threshold=0.96567650000000016 1.5000000000000002 0.0022595000000000007 1.5000000000000002 0.90790150000000014
decision_type=2 10 8 10 2
left_child=3 2 -2 4 -1
right_child=1 -3 -4 -5 -6
leaf_value=0 -0.012510594024547789 0.033933412854245268 0.009207708892176222 0.0093819984251430049 -0.032269566759248212
leaf_weight=1.3050922639668012 33.402753382921219 14.930658459663389 72.963058859109879 2.6759371757507315 28.457200586795807
leaf_count=10 170 39 501 8 270
internal_value=-0.000222175 0.00685839 0.00195697 -0.0258844 -0.0305396
internal_weight=153.735 121.296 106.366 32.4382 29.7623
internal_count=998 710 671 288 280
is_linear=0
shrinkage=0.03


Tree=31
num_leaves=7
num_cat=0
split_feature=24 25 25 3 5 15
split_gain=36.3019 24.1845 11.1555 6.84995 6.032 3.47446
threshold=0.97151950000000009 0.62835750000000012 0.7391445000000002 1.5000000000000002 1.5000000000000002 0.32105100000000003
decision_type=2 2 2 10 10 10
left_child=2 4 5 -3 -2 -1
right_child=1 3 -4 -5 -6 -7
leaf_value=-0.034696581709111635 -0.029352305287152193 0.010071898381601052 0.0019851846302387901 0.033370496754188406 0.010113880828045508 -0.0037812103949051603
leaf_weight=27.911969471722841 13.472184143960474 74.630565248429775 10.455601315945385 14.352293848991392 1.5356800258159626 7.1031620353460303
leaf_count=298 130 414 61 38 4 37
internal_value=-0.00066057 0.00891029 -0.0223646 0.0151218 -0.0226358 -0.0300076
internal_weight=149.461 103.991 45.4707 88.9829 15.0079 35.0151
internal_count=982 586 396 452 134 335
is_linear=0
shrinkage=0.03


Tree=32
num_leaves=7
num_cat=0
split_feature=25 24 23 23 19 24
split_gain=33.4533 16.3301 7.17253 10.3136 5.46385 2.78661
threshold=0.68106350000000015 0.95943100000000014 0.0072370000000000012 0.24989150000000002 0.57113900000000017 0.99371650000000011
decision_type=2 2 10 10 10 2
left_child=2 -2 5 -4 -3 -1
right_child=1 4 3 -5 -6 -7
leaf_value=-0.025860651217365405 -0.026849113408074193 0.017544877003402275 0.022906588262737813 -0.014876309720165124 -0.011873196422215767 0.0018159672662521398
leaf_weight=35.99284303933382 5.7301527783274642 79.578394293785095 6.5929730087518719 16.475592911243439 2.833029404282569 0.99748783558607002
leaf_count=393 55 396 19 92 16 5
internal_value=9.30588e-05 0.0119065 -0.01651 -0.00153375 0.0158008 -0.0242839
internal_weight=148.2 88.1416 60.0589 23.0686 82.4114 36.9903
internal_count=976 467 509 111 412 398
is_linear=0
shrinkage=0.03


Tree=33
num_leaves=7
num_cat=0
split_feature=25 5 4 25 18 9
split_gain=29.7377 13.5788 7.5197 5.98434 3.84113 2.68186
threshold=0.69844400000000018 1.5000000000000002 1.0000000180025095e-35 0.59205150000000006 0.074024500000000007 8.2435015000000025
decision_type=2 10 8 2 10 10
left_child=1 3 4 -1 -2 -4
right_child=2 -3 5 -5 -6 -7
leaf_value=-0.032384969681018276 -0.0094521968768727076 0.019235603275385184 0.011502640554427308 -0.010052524510099907 0.0088843670238194349 0.03166990929260112
leaf_weight=18.622438848018646 13.128319412469862 6.7337696850299826 29.714325644075871 44.029900580644608 23.415965139865875 15.082766339182852
leaf_count=199 58 20 247 347 87 41
internal_value=0.000295623 -0.0136183 0.0125825 -0.018324 0.00132108 0.020482
internal_weight=150.727 69.3861 81.3414 62.6523 36.5443 44.7971
internal_count=999 566 433 546 145 288
is_linear=0
shrinkage=0.03


Tree=34
num_leaves=7
num_cat=0
split_feature=24 25 25 3 15 24
split_gain=35.3227 19.7977 13.5343 7.21261 4.30287 2.53628
threshold=0.97151950000000009 0.58515400000000006 0.7391445000000002 1.0000000180025095e-35 0.32105100000000003 0.9574950000000001
decision_type=2 2 2 8 10 2
left_child=2 -2 4 -3 -1 -4
right_child=1 3 5 -5 -6 -7
leaf_value=-0.032568559576083678 -0.027599605147020857 0.005674502396079798 -0.010260751241243845 0.023170412562449647 -0.0007075878937773505 0.014524493142943041
leaf_weight=29.246251214295626 7.6570330820977679 50.103693664073944 1.5122222863137711 48.654404953122139 6.708861216902732 8.7541249841451627
leaf_count=313 80 193 14 321 35 45
internal_value=0.0013583 0.0110045 -0.0195577 0.0150179 -0.0279061 0.00711755
internal_weight=152.637 106.415 46.2215 98.7581 35.9551 10.2663
internal_count=1001 594 407 514 348 59
is_linear=0
shrinkage=0.03


Tree=35
num_leaves=7
num_cat=0
split_feature=25 25 5 2 4 16
split_gain=30.6392 9.43214 7.57365 5.61669 5.2818 3.49593
threshold=0.68316900000000003 0.78036250000000018 1.5000000000000002 0.47222200000000009 1.0000000180025095e-35 0.36468200000000006
decision_type=2 2 10 10 10 10
left_child=2 3 4 -2 -1 -3
right_child=1 5 -4 -5 -6 -7
leaf_value=-0.021263041220874235 0.0089356234959846719 0.024742495559963846 0.013553044071441558 -0.011203393378251594 0.0062080907909831179 0
leaf_weight=51.351183105260134 35.03170233219862 37.006491784006357 4.1845865696668616 14.884724184870718 3.9708541482686988 3.9693752229213706
leaf_count=494 223 176 13 71 14 16
internal_value=0.000803775 0.0118042 -0.0152787 0.00206868 -0.0185589 0.0220315
internal_weight=150.399 90.8923 59.5066 49.9164 55.322 40.9759
internal_count=1007 486 521 294 508 192
is_linear=0
shrinkage=0.03


Tree=36
num_leaves=7
num_cat=0
split_feature=4 21 18 16 0 13
split_gain=20.4991 11.0098 7.1691 3.75559 3.60681 2.18342
threshold=1.0000000180025095e-35 0.00092500000000000015 0.36654950000000003 0.25197350000000002 1.0000000180025095e-35 1.0000000180025095e-35
decision_type=10 8 10 10 10 10
left_child=1 5 3 -2 -3 -1
right_child=2 4 -4 -5 -6 -7
leaf_value=-0.018189085214924898 0.031595951876975253 -0.0018377865781049878 -0.0097787962514335591 0 0.01348451029860457 0.00046880737954991918
leaf_weight=45.58245000243187 20.488543123006828 59.60320296511054 2.7762436121702185 3.4790239483118048 14.235818073153494 2.7427004724740973
leaf_count=264 58 595 14 14 48 10
internal_value=-0.000358324 -0.0058612 0.0218257 0.0272796 0.00113699 -0.0165801
internal_weight=148.908 122.164 26.7438 23.9676 73.839 48.3252
internal_count=1003 917 86 72 643 274
is_linear=0
shrinkage=0.03


Tree=37
num_leaves=7
num_cat=0
split_feature=24 25 7 20 5 25
split_gain=27.803 18.7476 9.16421 4.49943 3.976 1.5119
threshold=0.97266400000000008 0.63467600000000013 7.953488000000001 0.28273050000000005 1.5000000000000002 0.58515400000000006
decision_type=2 2 10 10 10 2
left_child=2 5 4 -3 -1 -2
right_child=1 3 -4 -5 -6 -7
leaf_value=-0.024822480558699671 -0.027037042076617262 0.017517504374881251 0.013501836084506398 0 0.0044996648396030386 -0.001566696372863146
leaf_weight=41.05421045422554 7.5963878259062749 71.338801950216293 4.1797648370265952 12.646885007619856 1.8171294331550587 6.5458312705159187
leaf_count=389 81 375 13 51 6 47
internal_value=0 0.00905851 -0.0182797 0.0146865 -0.0227126 -0.0193353
internal_weight=145.179 98.1279 47.0511 83.9857 42.8713 14.1422
internal_count=962 554 408 426 395 128
is_linear=0
shrinkage=0.03


Tree=38
num_leaves=5
num_cat=0
split_feature=3 24 25 22
split_gain=26.6871 20.2225 15.1739 4.43481
threshold=1.5000000000000002 0.96567650000000016 0.58515400000000006 0.13270100000000004
decision_type=10 2 2 10
left_child=1 3 -3 -1
right_child=-2 2 -4 -5
leaf_value=-0.02967933771495071 0.033240932352017964 -0.028989884169749611 0.0060776615083592018 0
leaf_weight=24.758323393762115 16.410664618015289 9.4805793240666372 91.361922405660152 3.0764027535915366
leaf_count=261 46 105 558 13
internal_value=0.000220411 -0.00442437 0.00174966 -0.0257592
internal_weight=145.088 128.677 100.843 27.8347
internal_count=983 937 663 274
is_linear=0
shrinkage=0.03


Tree=39
num_leaves=7
num_cat=0
split_feature=25 24 2 5 20 25
split_gain=30.3655 15.2532 7.85226 7.5497 6.95103 4.40025
threshold=0.68316900000000003 0.97683400000000009 0.21363650000000003 1.5000000000000002 0.25015000000000004 0.59205150000000006
decision_type=2 2 10 10 10 2
left_child=3 2 -2 5 -3 -1
right_child=1 4 -4 -5 -6 -7
leaf_value=-0.032309939199221156 0.004123319483205868 0.023055741632955838 -0.026315540707825418 0.012490771048578026 -0.0028564482983650307 -0.010845119014880356
leaf_weight=17.61647704616189 16.38720149174333 52.263293296098709 8.7815785109996778 4.1387941390275946 8.0762820541858655 35.632398523390293
leaf_count=197 123 258 53 13 33 286
internal_value=0 0.0110995 -0.00710357 -0.0164921 0.0191428 -0.0198242
internal_weight=142.896 85.5084 25.1688 57.3877 60.3396 53.2489
internal_count=963 467 176 496 291 483
is_linear=0
shrinkage=0.03


Tree=40
num_leaves=7
num_cat=0
split_feature=25 21 7 23 17 16
split_gain=26.093 14.5076 7.47153 2.93991 0.847883 0.153331
threshold=0.78036250000000018 0.052490000000000002 16.630843500000005 0.027365000000000004 0.43631700000000001 0.47545650000000006
decision_type=2 10 10 10 10 10
left_child=1 2 -1 -3 5 -2
right_child=4 3 -4 -5 -6 -7
leaf_value=-0.015261792464534924 0.022624931904802796 -0.0012833544240477956 0.011125890432903927 0.022610821260733067 0 0
leaf_weight=82.757813654839993 32.03977008908987 3.063097581267356 7.3711822330951682 11.878695651888846 2.5180914849042884 1.9282750189304341
leaf_count=724 160 14 25 35 10 7
internal_value=0 -0.00772448 -0.0124927 0.0166448 0.0207708 0.0219421
internal_weight=141.557 105.071 90.129 14.9418 36.4861 33.968
internal_count=975 798 749 49 177 167
is_linear=0
shrinkage=0.03


Tree=41
num_leaves=5
num_cat=0
split_feature=3 19 19 22
split_gain=25.2363 11.738 5.80635 1.97647
threshold=1.5000000000000002 0.5363880000000002 0.0041160000000000007 0.11148500000000001
decision_type=10 10 8 10
left_child=1 2 -1 -3
right_child=-2 3 -4 -5
leaf_value=-0.020153864039368131 0.032174779717725185 -0.03084195027183145 0.00082688211253764731 0
leaf_weight=10.115241117775438 15.710785895586012 13.315311431884764 105.66711080446839 1.4985576942563046
leaf_count=66 46 96 782 7
internal_value=-0.000249153 -0.00500924 -0.00121624 -0.0277732
internal_weight=146.307 130.596 115.782 14.8139
internal_count=997 951 848 103
is_linear=0
shrinkage=0.03


Tree=42
num_leaves=7
num_cat=0
split_feature=24 21 20 16 15 20
split_gain=25.3786 23.6604 7.02045 4.81875 4.10745 2.79636
threshold=0.97851850000000018 0.052490000000000002 1.0000000180025095e-35 0.47068100000000007 0.32105100000000003 0.067512000000000016
decision_type=2 10 8 10 8 10
left_child=1 4 -2 -4 -1 -3
right_child=2 5 3 -5 -6 -7
leaf_value=-0.030221822662493635 -0.015058133566728573 0 0.016087288475940899 -0.009884937416884074 -0.0096405426261307395 0.024847255330362517
leaf_weight=29.004906840622425 4.8376343473792067 3.5347021520137778 69.187955223023891 3.6095377728343001 25.19663093611598 10.032366022467611
leaf_count=203 32 15 375 18 315 28
internal_value=0 -0.0132321 0.011384 0.0140634 -0.0221861 0.0182689
internal_weight=145.404 67.7686 77.6351 72.7975 54.2015 13.5671
internal_count=986 561 425 393 518 43
is_linear=0
shrinkage=0.03


Tree=43
num_leaves=7
num_cat=0
split_feature=24 3 23 3 23 24
split_gain=26.4577 11.7603 13.3222 4.65517 3.3088 2.3806
threshold=0.96567650000000016 1.0000000180025095e-35 0.0072370000000000012 1.5000000000000002 0.61503100000000011 0.90790150000000014
decision_type=2 10 8 10 10 2
left_child=3 2 -2 5 -3 -1
right_child=1 4 -4 -5 -6 -7
leaf_value=0 -0.014186644588397357 0.030876001750209325 0.0090364074739870664 0.0070521176134066771 0 -0.029342128133469814
leaf_weight=1.2964545525610507 28.964902371168137 16.240632280707363 68.164247423410416 1.2780705392360676 3.1093401610851279 25.917179048061371
leaf_count=10 159 48 489 3 13 273
internal_value=0 0.0064915 0.00159389 -0.0244184 0.0262195 -0.0274427
internal_weight=144.971 116.479 97.1291 28.4917 19.35 27.2136
internal_count=995 709 648 286 61 283
is_linear=0
shrinkage=0.03


Tree=44
num_leaves=5
num_cat=0
split_feature=3 2 2 9
split_gain=21.767 17.7495 18.1304 10.4496
threshold=1.5000000000000002 0.47222200000000009 1.0000000180025095e-35 7.9813810000000007
decision_type=10 10 10 10
left_child=1 2 -1 -3
right_child=-2 3 -4 -5
leaf_value=-0.0042713426067485299 0.031504315068550372 -0.025837965384706174 0.025651501472176139 0.011658408889990417
leaf_weight=67.686891704797745 14.444783359766005 35.414784394204617 21.223792895674706 5.0771903395652762
leaf_count=642 43 222 67 16
internal_value=0 -0.00414602 0.00314924 -0.0199667
internal_weight=143.847 129.403 88.9107 40.492
internal_count=990 947 709 238
is_linear=0
shrinkage=0.03


Tree=45
num_leaves=5
num_cat=0
split_feature=3 24 18 24
split_gain=23.1492 18.8451 10.9204 1.8368
threshold=1.5000000000000002 0.96567650000000016 0.26283050000000008 0.90790150000000014
decision_type=10 2 8 2
left_child=1 3 -3 -1
right_child=-2 2 -4 -5
leaf_value=0 0.031306391003348762 -0.0094132176969955392 0.0098816963645274869 -0.027654797096298731
leaf_weight=1.4612961597740675 14.299847841262816 46.872979171574116 52.648464675992727 26.595164496451616
leaf_count=11 43 232 427 279
internal_value=-0.00107112 -0.00556585 0.000491956 -0.0259918
internal_weight=141.878 127.578 99.5214 28.0565
internal_count=992 949 659 290
is_linear=0
shrinkage=0.03


Tree=46
num_leaves=7
num_cat=0
split_feature=24 23 9 23 7 24
split_gain=23.8315 11.7108 8.99862 6.59212 3.14552 1.8068
threshold=0.96567650000000016 0.00089200000000000011 8.2435015000000025 0.72478950000000009 17.510375000000007 0.90790150000000014
decision_type=2 8 10 8 10 2
left_child=4 2 -2 -3 5 -1
right_child=1 3 -4 -5 -6 -7
leaf_value=0 -0.015842451530198289 0.02191120190725758 0.018207593546240047 0.0038523967784723423 0.0020893710520467064 -0.027118611163760818
leaf_weight=1.4547354467213214 26.036949358880523 36.160381883382797 5.774734988808631 46.268723659217358 1.5588826537132252 25.196361191570759
leaf_count=11 150 119 19 418 5 266
internal_value=0.000236361 0.00663254 -0.00776319 0.0126169 -0.0228525 -0.0253869
internal_weight=142.451 114.241 31.8117 82.4291 28.21 26.6511
internal_count=988 706 169 537 282 277
is_linear=0
shrinkage=0.03


Tree=47
num_leaves=5
num_cat=0
split_feature=3 25 20 5
split_gain=20.4949 12.1316 7.97837 2.84654
threshold=1.5000000000000002 0.62835750000000012 0.14446400000000001 1.5000000000000002
decision_type=10 2 10 10
left_child=1 3 -3 -1
right_child=-2 2 -4 -5
leaf_value=-0.024279064634416109 0.030216951701424941 0.0063715830364584943 -0.011254098816621304 0.0030393045814464913
leaf_weight=25.476178131997589 13.638512283563612 61.45156105235219 33.034886948764324 1.0608107894659031
leaf_count=277 43 460 170 3
internal_value=-0.000807409 -0.00519188 0 -0.0219736
internal_weight=134.662 121.023 94.4864 26.537
internal_count=953 910 630 280
is_linear=0
shrinkage=0.03


Tree=48
num_leaves=7
num_cat=0
split_feature=20 22 6 20 19 18
split_gain=14.4601 12.5446 6.29226 2.68474 2.13815 2.20508
threshold=0.47688400000000003 0.044478500000000004 12.563863000000003 0.019577000000000004 0.020702500000000002 0.62861450000000008
decision_type=10 10 10 10 10 10
left_child=1 2 -1 -3 -2 -6
right_child=4 3 -4 -5 5 -7
leaf_value=-0.0036374785957441506 0 0 0.021662085005575881 0.022831412570464719 -0.028938243477973594 0
leaf_weight=86.764767084270716 2.8264393880963352 3.3760185837745693 6.7020120471715918 28.059294797480106 14.186384998261927 1.5519961044192303
leaf_count=747 13 15 22 95 105 8
internal_value=0.000456653 0.00447494 -0.000895143 0.02 -0.0220484 -0.0257323
internal_weight=143.467 124.902 93.4668 31.4353 18.5648 15.7384
internal_count=1005 879 769 110 126 113
is_linear=0
shrinkage=0.03


Tree=49
num_leaves=6
num_cat=0
split_feature=25 24 23 21 24
split_gain=19.3199 16.3978 6.94371 5.12708 1.6416
threshold=0.59205150000000006 0.96567650000000016 0.73399800000000004 0.12386950000000001 0.92814050000000015
decision_type=2 2 10 10 2
left_child=4 3 -3 -2 -1
right_child=1 2 -4 -5 -6
leaf_value=0 -0.021710056276677488 0.013875626524065619 -0.00684981426462362 0.010531216003082428 -0.028039323729071437
leaf_weight=0.99583165347576397 19.206412803381685 89.770440183579922 13.287112280726431 2.255696937441825 16.087423499673605
leaf_count=7 200 527 62 6 192
internal_value=0.00115954 0.0056378 0.0108025 -0.0162191 -0.0259548
internal_weight=141.603 124.52 103.058 21.4621 17.0833
internal_count=994 795 589 206 199
is_linear=0
shrinkage=0.03


Tree=50
num_leaves=5
num_cat=0
split_feature=3 2 2 9
split_gain=16.9668 11.0371 10.8517 6.76633
threshold=1.5000000000000002 0.47222200000000009 1.0000000180025095e-35 7.9813810000000007
decision_type=10 10 10 10
left_child=1 2 -1 -3
right_child=-2 3 -4 -5
leaf_value=-0.0042475901827278024 0.029111766262183127 -0.021809767696807755 0.019161342694815526 0.0088892167040429647
leaf_weight=66.139472868293524 12.309544235467909 33.926798433065414 20.722037941217422 4.5830686688423148
leaf_count=646 40 214 70 15
internal_value=-0.000507528 -0.00426176 0.00145635 -0.0170552
internal_weight=137.681 125.371 86.8615 38.5099
internal_count=985 945 716 229
is_linear=0
shrinkage=0.03


Tree=51
num_leaves=7
num_cat=0
split_feature=24 3 18 16 4 24
split_gain=23.0239 10.0388 13.1263 4.21712 4.21006 2.09254
threshold=0.96567650000000016 1.0000000180025095e-35 0.10815050000000002 0.22824100000000003 1.5000000000000002 0.90790150000000014
decision_type=2 10 8 10 10 2
left_child=4 2 -2 -3 5 -1
right_child=1 3 -4 -5 -6 -7
leaf_value=0 -0.012701315935313293 0.030893389988129936 0.010109138059146669 0 0.0043494173963907852 -0.027529678672130485
leaf_weight=1.3083394318819106 31.004510030150414 15.656105116009714 63.276586100459099 3.4119094312191001 2.0925899147987357 24.597616024315357
leaf_count=10 169 50 477 15 7 279
internal_value=0.000516516 0.00682541 0.00213913 0.0251963 -0.0222453 -0.0256598
internal_weight=141.348 113.349 94.2811 19.068 27.9985 25.906
internal_count=1007 711 646 65 296 289
is_linear=0
shrinkage=0.03


Tree=52
num_leaves=7
num_cat=0
split_feature=24 21 25 3 15 25
split_gain=21.846 13.5408 12.991 7.54373 2.07794 0.253916
threshold=0.97334950000000009 0.12386950000000001 0.58515400000000006 1.5000000000000002 0.43972050000000001 0.77147100000000013
decision_type=2 10 2 8 10 2
left_child=1 4 -2 -4 -1 -3
right_child=2 5 3 -5 -6 -7
leaf_value=-0.025887762238587565 -0.02450707012034083 0.015957166423890348 0.0024294303724540032 0.021244456368138424 0 0
leaf_weight=36.984193202108145 6.9703374058008185 5.0321289002895346 48.305903658270836 35.56719334051013 2.2426006793975821 2.9360360205173492
leaf_count=408 83 15 193 271 12 11
internal_value=-0.000887304 -0.0170293 0.00745539 0.0112116 -0.024296 0.0128699
internal_weight=138.038 47.195 90.8434 83.8731 39.2268 7.96816
internal_count=993 446 547 464 420 26
is_linear=0
shrinkage=0.03


Tree=53
num_leaves=7
num_cat=0
split_feature=24 25 21 19 17 3
split_gain=21.2085 13.2528 10.3284 3.51121 3.49408 2.49815
threshold=0.97683400000000009 0.61878350000000004 0.11378600000000001 0.24869850000000002 0.05838150000000001 1.0000000180025095e-35
decision_type=2 2 8 10 10 10
left_child=2 -2 5 -3 -4 -1
right_child=1 3 4 -5 -6 -7
leaf_value=-0.026797759501167199 -0.020479181191234284 0.017217704472378508 -0.0067393142044158997 0 0.014045452312483686 0
leaf_weight=28.406882219016556 8.0713932849466783 59.479663357138634 17.214634668082002 13.655212491750715 8.2865802794694883 2.7377396449446669
leaf_count=211 90 334 271 55 27 13
internal_value=0 0.00979427 -0.0135864 0.0142047 0 -0.0243863
internal_weight=137.852 81.2063 56.6458 73.1349 25.5012 31.1446
internal_count=1001 479 522 389 298 224
is_linear=0
shrinkage=0.03


Tree=54
num_leaves=7
num_cat=0
split_feature=25 4 22 2 9 23
split_gain=16.9381 6.68745 5.19622 3.96796 3.75074 3.42425
threshold=0.68106350000000015 1.0000000180025095e-35 0.0063410000000000003 0.47222200000000009 7.9813810000000007 0.57592050000000017
decision_type=2 10 8 10 10 8
left_child=1 3 4 -1 -2 -4
right_child=2 -3 5 -5 -6 -7
leaf_value=-0.008473223482116805 -0.011670570599075567 0.010367426227520736 0.01987390825882827 -0.029652582920173805 0.011835289450646019 0.0037425031425991897
leaf_weight=31.327305514365435 15.410746663808824 5.725103721022605 27.651190862059593 15.572523444890974 5.3920081704854956 31.354778591543436
leaf_count=352 79 20 95 130 19 278
internal_value=-0.000509029 -0.0135035 0.00787586 -0.0174667 -0.00359379 0.0123816
internal_weight=132.434 52.6249 79.8087 46.8998 20.8028 59.006
internal_count=973 502 471 482 98 373
is_linear=0
shrinkage=0.03


Tree=55
num_leaves=7
num_cat=0
split_feature=24 25 3 25 24 24
split_gain=17.3314 14.5593 6.79482 3.55672 2.35611 0.322122
threshold=0.96567650000000016 0.58515400000000006 1.5000000000000002 0.75038900000000008 0.90790150000000014 0.95943100000000014
decision_type=2 2 8 2 2 2
left_child=3 -2 -3 4 -1 -5
right_child=1 2 -4 5 -6 -7
leaf_value=0 -0.025501874332218309 0.0032136801466800106 0.019612192260592281 -0.0018684290147543024 -0.026483336750075245 0.0072049243854928474
leaf_weight=1.1153355501592219 7.9588105194270602 61.32711336761713 41.093888081610203 1.9558958858251561 19.455428179353476 2.2514601610600948
leaf_count=7 101 253 338 17 236 11
internal_value=0.00162007 0.00698567 0.0104486 -0.0193753 -0.0240461 0
internal_weight=135.158 110.38 102.421 24.7781 20.5708 4.20736
internal_count=963 692 591 271 243 28
is_linear=0
shrinkage=0.03


Tree=56
num_leaves=4
num_cat=0
split_feature=25 19 21
split_gain=18.5248 12.412 4.10863
threshold=0.59205150000000006 0.57113900000000017 0.10762700000000001
decision_type=2 10 10
left_child=-1 2 -2
right_child=1 -3 -4
leaf_value=-0.028476396192282649 0.0033150831930679235 -0.025685061443254015 0.018986648976134463
leaf_weight=15.932949062436817 91.051705799996853 8.6498730927705747 17.918882578611374
leaf_count=207 658 68 61
internal_value=-0.000727929 0.00339694 0.00659967
internal_weight=133.553 117.62 108.971
internal_count=994 787 719
is_linear=0
shrinkage=0.03


Tree=57
num_leaves=5
num_cat=0
split_feature=3 2 2 3
split_gain=20.8597 9.66459 10.8507 5.71725
threshold=1.5000000000000002 0.32575750000000009 1.0000000180025095e-35 1.0000000180025095e-35
decision_type=10 10 10 10
left_child=1 2 -1 -3
right_child=-2 3 -4 -5
leaf_value=-0.0046501100838446628 0.029347117551246263 -0.020891928566881747 0.023418518696590056 0.0097428061349075154
leaf_weight=65.872995462268591 14.202409476041792 36.983846470713615 12.091359749436377 3.1389935091137877
leaf_count=661 50 238 37 10
internal_value=-0.00131228 -0.00588318 3.89095e-05 -0.0172885
internal_weight=132.29 118.087 77.9644 40.1228
internal_count=996 946 698 248
is_linear=0
shrinkage=0.03


Tree=58
num_leaves=5
num_cat=0
split_feature=3 5 25 25
split_gain=18.0138 12.5242 6.59884 4.24007
threshold=1.5000000000000002 1.5000000000000002 0.71548950000000011 0.58515400000000006
decision_type=10 8 2 2
left_child=1 2 -1 -3
right_child=-2 3 -4 -5
leaf_value=-0.021094743361880108 0.028490700617677764 -0.015621385465223608 -0.00085766394579561342 0.0084597248371979447
leaf_weight=40.214113995432854 12.898953422904013 4.0434833802282801 27.081723146140575 47.038523081690073
leaf_count=285 46 91 114 451
internal_value=-0.0012745 -0.00538902 -0.0137617 0.00523803
internal_weight=131.277 118.378 67.2958 51.082
internal_count=987 941 399 542
is_linear=0
shrinkage=0.03


Tree=59
num_leaves=6
num_cat=0
split_feature=24 19 4 15 9
split_gain=18.9458 6.98398 5.8732 4.58944 3.23091
threshold=0.9785695000000002 0.00032450000000000008 1.0000000180025095e-35 0.34436500000000003 1.0000000180025095e-35
decision_type=2 8 10 10 8
left_child=2 -2 3 -1 -3
right_child=1 4 -4 -5 -6
leaf_value=-0.018057791089132715 -0.014574058767101198 0.021297240727536432 0.0129148865748902 0.0030596953899430144 0.0060727621237545307
leaf_weight=46.965848762542009 5.3529905453324309 29.562786795198917 4.4491588100790969 7.5705161541700354 38.486851707100868
leaf_count=494 39 98 16 39 294
internal_value=0.000590709 0.010781 -0.0115144 -0.0145983 0.013729
internal_weight=132.388 73.4026 58.9855 54.5364 68.0496
internal_count=980 431 549 533 392
is_linear=0
shrinkage=0.03


Tree=60
num_leaves=7
num_cat=0
split_feature=24 4 25 23 23 23
split_gain=20.1888 9.23289 5.88651 4.11626 3.16131 2.60554
threshold=0.98241700000000021 1.0000000180025095e-35 0.61878350000000004 0.027365000000000004 0.71218550000000014 0.81133400000000011
decision_type=2 10 2 8 8 10
left_child=1 3 -2 -1 -3 -4
right_child=2 4 5 -5 -6 -7
leaf_value=-0.027778791710156795 -0.0097856812179411314 0.02353156361518775 0.017509584368995499 -0.0085610403657615138 -0.0044223474357942064 -0.0010740295091954003
leaf_weight=17.174212783575058 6.0713925920426837 5.7350114881992313 48.465614188462496 45.08200303837657 2.3041775673627862 4.0190715491771689
leaf_count=139 62 17 260 468 12 17
internal_value=-0.000342223 -0.011187 0.0121001 -0.0153556 0.0137774 0.0155647
internal_weight=128.851 70.2954 58.5561 62.2562 8.03919 52.4847
internal_count=975 636 339 607 29 277
is_linear=0
shrinkage=0.03


Tree=61
num_leaves=7
num_cat=0
split_feature=25 24 19 2 19 24
split_gain=14.116 8.66996 7.38937 6.85976 6.43275 0.499081
threshold=0.68316900000000003 0.95943100000000014 0.24434850000000002 0.32575750000000009 0.015826500000000004 0.9798785000000001
decision_type=2 2 8 10 10 2
left_child=2 -2 4 -3 -1 -4
right_child=1 3 5 -5 -6 -7
leaf_value=-0.020869889626114458 -0.019602440408864438 0.017844140342337229 -0.024489712549453146 -8.1576750857972972e-05 0.010619643369572534 -0.0056092194985740392
leaf_weight=5.1189892739057568 5.6034024357795706 48.653094153851271 19.799031976610426 25.343474447727203 17.042916901409626 8.634212985634802
leaf_count=47 56 307 279 110 80 86
internal_value=0.000379525 0.00836254 -0.0113853 0.0115511 0.000532798 -0.0207933
internal_weight=130.195 79.6 50.5952 73.9966 22.1619 28.4332
internal_count=965 473 492 417 127 365
is_linear=0
shrinkage=0.03


Tree=62
num_leaves=5
num_cat=0
split_feature=24 25 19 25
split_gain=18.3158 13.9239 6.76626 3.82564
threshold=0.96567650000000016 0.58515400000000006 0.58259800000000006 0.75038900000000008
decision_type=2 2 10 2
left_child=3 -2 -3 -1
right_child=1 2 -4 -5
leaf_value=-0.026213203352882217 -0.024996045147388745 0.012236386131578372 -0.014155249782699606 8.6497012090328584e-05
leaf_weight=19.265094555914406 8.0840465240180475 94.986958604305983 6.0827401950955382 3.5353659950196734
leaf_count=251 110 566 41 22
internal_value=0.00111376 0.00653906 0.00999751 -0.0214366
internal_weight=131.954 109.154 101.07 22.8005
internal_count=990 717 607 273
is_linear=0
shrinkage=0.03


Tree=63
num_leaves=6
num_cat=0
split_feature=25 23 23 18 22
split_gain=13.7356 9.69803 7.84881 5.08721 1.65579
threshold=0.59205150000000006 0.73399800000000004 0.00089200000000000011 0.056721000000000008 0.13270100000000004
decision_type=2 10 10 10 10
left_child=4 2 -2 -3 -1
right_child=1 3 -4 -5 -6
leaf_value=-0.026311062560921809 0.0010626429132555163 0.0056900659669808888 0.018656013449888868 -0.022326978012741198 0
leaf_weight=13.492037549614903 60.706544030457735 5.2596080452203777 38.367454282939434 13.353369034826754 0.87822617590427476
leaf_count=196 549 23 137 85 5
internal_value=0.000785429 0.00456823 0.00851783 -0.013331 -0.0239057
internal_weight=132.057 117.687 99.074 18.613 14.3703
internal_count=995 794 686 108 201
is_linear=0
shrinkage=0.03


Tree=64
num_leaves=7
num_cat=0
split_feature=24 21 20 23 23 20
split_gain=12.2489 13.2115 3.95131 2.62342 2.06701 0.930393
threshold=0.98241700000000021 0.11378600000000001 1.0000000180025095e-35 0.82047450000000011 1.0000000180025095e-35 0.062783000000000019
decision_type=2 10 8 10 8 10
left_child=1 4 -2 -4 -1 -3
right_child=2 5 3 -5 -6 -7
leaf_value=-0.023103140333853436 -0.010665226024731279 0 0.014645779006191927 -0.0035724450074561993 -0.0082025413257067314 0.021482772567148031
leaf_weight=17.485513158142567 3.7285517677664748 3.2318852096796027 49.537905633449554 4.1171423941850653 44.455303661525249 8.4333143681287748
leaf_count=147 28 13 300 18 459 26
internal_value=0 -0.00792865 0.0101397 0.0126032 -0.0137438 0.0173984
internal_weight=130.99 73.606 57.3836 53.655 61.9408 11.6652
internal_count=991 645 346 318 606 39
is_linear=0
shrinkage=0.03


Tree=65
num_leaves=4
num_cat=0
split_feature=3 25 23
split_gain=13.5428 8.91541 5.79082
threshold=1.5000000000000002 0.58515400000000006 0.73287700000000011
decision_type=10 2 10
left_child=1 -1 -3
right_child=-2 2 -4
leaf_value=-0.02603114716860469 0.026878155853138564 0.002386510856043324 -0.015399188105526431
leaf_weight=11.647820528596638 11.227107182145117 85.773211445659399 17.021875321865082
leaf_count=176 43 652 101
internal_value=-0.000507994 -0.00406804 -0.000628218
internal_weight=125.67 114.443 102.795
internal_count=972 929 753
is_linear=0
shrinkage=0.03


Tree=66
num_leaves=7
num_cat=0
split_feature=2 24 2 24 19 19
split_gain=10.218 14.7496 11.2738 5.59282 3.60633 2.67783
threshold=0.47222200000000009 0.98590300000000008 1.0000000180025095e-35 0.96438700000000011 0.17952450000000003 0.005497000000000001
decision_type=10 2 10 2 10 10
left_child=2 -2 3 -1 -4 -3
right_child=1 5 4 -5 -6 -7
leaf_value=-0.016891315020041663 -0.028586699720398942 -0.0075881798182265287 0.0018022272450549175 0.0029005672716492306 0.029815997568745718 0.013879640566422153
leaf_weight=13.248681228607891 20.647094011306763 3.735976666212081 9.1421132981777209 54.440192274749279 14.515754744410513 11.890897274017332
leaf_count=183 160 27 37 483 46 42
internal_value=-0.000184854 -0.0132512 0.0049422 -0.00110134 0.0215371 0.00674115
internal_weight=127.621 36.274 91.3467 67.6889 23.6579 15.6269
internal_count=978 229 749 666 83 69
is_linear=0
shrinkage=0.03


Tree=67
num_leaves=7
num_cat=0
split_feature=24 19 19 4 15 24
split_gain=17.5604 7.28801 4.27352 3.39817 1.75529 1.06503
threshold=0.97418450000000012 0.0041160000000000007 0.57113900000000017 1.0000000180025095e-35 0.52948950000000006 0.9924940000000001
decision_type=2 8 10 10 10 2
left_child=3 5 -3 4 -1 -2
right_child=1 2 -4 -5 -6 -7
leaf_value=-0.017748819868510762 -0.019551597356216286 0.013396128609997737 -0.01069824958004593 0.0066778100364179634 0.0017668729469954921 0
leaf_weight=39.908205401152372 5.4508602768182746 75.45402242615819 3.6386389359831801 2.9243979454040518 1.0146265774965275 1.2399082407355306
leaf_count=436 44 459 24 11 3 6
internal_value=0.000653416 0.00869056 0.0115718 -0.0139798 -0.0164943 -0.0153115
internal_weight=129.631 85.7834 79.0927 43.8472 40.9228 6.69077
internal_count=983 533 483 450 439 50
is_linear=0
shrinkage=0.03


Tree=68
num_leaves=5
num_cat=0
split_feature=3 24 15 5
split_gain=13.4416 9.03578 6.09828 2.15763
threshold=1.5000000000000002 0.96567650000000016 1.0000000180025095e-35 1.5000000000000002
decision_type=10 2 8 10
left_child=1 3 -3 -1
right_child=-2 2 -4 -5
leaf_value=-0.022262155719529934 0.026660798284272098 -0.015708944474729963 0.0037599987230722293 0.0018154787449282967
leaf_weight=21.445308875292543 11.200328171253203 14.71099755913019 76.072110824286938 0.81775715947151084
leaf_count=277 44 103 558 2
internal_value=-0.000625496 -0.00420681 0 -0.0200797
internal_weight=124.247 113.046 90.7831 22.2631
internal_count=984 940 661 279
is_linear=0
shrinkage=0.03


Tree=69
num_leaves=7
num_cat=0
split_feature=25 24 24 21 18 23
split_gain=16.1185 8.18064 3.54514 3.12325 2.06903 1.86853
threshold=0.68106350000000015 0.95943100000000014 0.98260900000000007 0.15176500000000001 0.024523500000000004 0.18126300000000004
decision_type=2 2 2 10 10 10
left_child=2 -2 5 -3 -4 -1
right_child=1 3 4 -5 -6 -7
leaf_value=-0.023965586709043283 -0.019136420431262551 0.0067308833904154422 -0.0094245349853371591 0.024350333887599229 0.0099900362209611789 -0.0037454912035978427
leaf_weight=21.999106030911207 5.8532248437404624 63.402567807585001 7.9277153946459276 11.760217517614363 5.9328938871622086 11.13332501798868
leaf_count=319 65 399 85 38 21 77
internal_value=-0.000220275 0.00758124 -0.013918 0.0107003 0 -0.0188765
internal_weight=128.009 81.016 46.993 75.1628 13.8606 33.1324
internal_count=1004 502 502 437 106 396
is_linear=0
shrinkage=0.03


Tree=70
num_leaves=6
num_cat=0
split_feature=24 25 20 4 20
split_gain=15.021 10.2549 4.96 2.41995 0.455631
threshold=0.96567650000000016 0.58515400000000006 0.28273050000000005 1.5000000000000002 0.020313000000000005
decision_type=2 2 10 10 8
left_child=3 -2 -3 4 -1
right_child=1 2 -4 -5 -6
leaf_value=0 -0.023268108165835709 0.01143778883765768 -0.0044358950116264494 0.00015186160310935029 -0.024723057084418854
leaf_weight=1.0312830656766951 7.1155124045908442 76.551415700465441 17.926843926310539 1.6048017144203175 19.094389766454697
leaf_count=6 106 495 89 6 261
internal_value=0 0.00498781 0.00807424 -0.0210103 -0.0237958
internal_weight=123.324 101.594 94.4783 21.7305 20.1257
internal_count=963 690 584 273 267
is_linear=0
shrinkage=0.03


Tree=71
num_leaves=7
num_cat=0
split_feature=24 25 19 19 19 7
split_gain=13.888 9.6914 5.34436 4.5944 1.76313 1.54025
threshold=0.96775100000000014 0.58515400000000006 0.20602100000000004 0.57113900000000017 0.12878400000000004 8.1421350000000015
decision_type=2 2 8 10 10 10
left_child=2 -2 4 -3 -1 -4
right_child=1 3 5 -5 -6 -7
leaf_value=-0.0072406004972658342 -0.022703498999724455 0.010166022251945293 -0.026040306254906713 -0.013451537963085045 0.014798245879678635 0
leaf_weight=2.4299929738044765 6.7732101157307616 85.675617314875126 20.505529578775171 4.4713294357061377 3.2183785066008568 0.74867512285709281
leaf_count=19 102 514 293 31 15 3
internal_value=0 0.00519506 -0.0181056 0.008277 0.00262531 -0.0244951
internal_weight=123.823 96.9202 26.9026 90.1469 5.64837 21.2542
internal_count=977 647 330 545 34 296
is_linear=0
shrinkage=0.03


Tree=72
num_leaves=5
num_cat=0
split_feature=3 24 22 7
split_gain=12.8927 8.54508 8.79359 6.29975
threshold=1.5000000000000002 0.97851850000000018 0.13270100000000004 1.0000000180025095e-35
decision_type=10 2 10 10
left_child=1 2 -1 -3
right_child=-2 3 -4 -5
leaf_value=-0.018230597608303832 0.026201738241817714 0.0079917980960227154 0.010070706726919669 -0.01345026296909305
leaf_weight=44.894407706335187 10.987215995788572 50.883432272821665 8.9019003733992559 12.426595501601694
leaf_count=518 45 352 34 57
internal_value=-0.000790733 -0.00416422 -0.0127347 0.00291259
internal_weight=128.094 117.106 53.7963 63.31
internal_count=1006 961 552 409
is_linear=0
shrinkage=0.03


Tree=73
num_leaves=7
num_cat=0
split_feature=24 20 20 15 3 2
split_gain=12.9031 6.13023 6.91341 4.34331 3.24006 1.30423
threshold=0.97151950000000009 1.0000000180025095e-35 0.17419750000000003 0.32105100000000003 1.5000000000000002 0.47222200000000009
decision_type=2 8 10 10 10 10
left_child=3 -2 -3 4 -1 -5
right_child=1 2 -4 5 -6 -7
leaf_value=-0.022926728594971201 -0.017429419794861543 0.013321935712390508 -0.00451495587878201 0.010093516401455751 0.0049269849863205206 -0.0083871889382862753
leaf_weight=25.985027406364683 5.8489033952355376 62.297600917518139 23.095361165702343 5.5624750331044188 1.2966540753841389 1.6903851255774496
leaf_count=346 50 430 110 29 4 14
internal_value=0 0.00570702 0.00816887 -0.0150868 -0.0202552 0.00166649
internal_weight=125.776 91.2419 85.393 34.5345 27.2817 7.25286
internal_count=983 590 540 393 350 43
is_linear=0
shrinkage=0.03


Tree=74
num_leaves=5
num_cat=0
split_feature=3 19 19 21
split_gain=11.3298 6.66694 4.27992 1.39947
threshold=1.5000000000000002 0.49862050000000008 0.0041160000000000007 0.023518500000000001
decision_type=10 10 8 10
left_child=1 2 -1 -3
right_child=-2 3 -4 -5
leaf_value=-0.017754386562730217 0.02600490784044145 -0.023800126838851021 0.0020845158829111538 0
leaf_weight=7.8913145139813414 10.790452882647513 11.355244264006613 93.378644680604339 1.1677180975675572
leaf_count=65 45 105 772 5
internal_value=7.48171e-05 -0.00273196 0 -0.0210403
internal_weight=124.583 113.793 101.27 12.523
internal_count=992 947 837 110
is_linear=0
shrinkage=0.03


Tree=75
num_leaves=7
num_cat=0
split_feature=25 5 21 2 16 17
split_gain=11.2721 6.97825 5.95086 2.44727 4.04408 1.17504
threshold=0.74430000000000007 1.5000000000000002 0.10762700000000001 0.41428550000000003 0.012641000000000001 0.46021650000000008
decision_type=2 10 10 10 10 10
left_child=1 2 -1 5 -5 -2
right_child=3 -3 -4 4 -6 -7
leaf_value=-0.014534528689038774 0.015533098126461071 0.013760471017516141 0.0097558220861637557 0.013657023942475163 -0.014481789449176307 0
leaf_weight=61.196324585005641 32.304359778761864 7.978162392973899 6.9004580676555625 5.8703155517578107 6.4660183638334274 1.6297027617692936
leaf_count=655 208 28 25 21 37 8
internal_value=-0.000689498 -0.0079091 -0.0113434 0.0103305 0 0.0142126
internal_weight=122.345 76.0749 68.0968 46.2704 12.3363 33.9341
internal_count=982 708 680 274 58 216
is_linear=0
shrinkage=0.03


Tree=76
num_leaves=6
num_cat=0
split_feature=24 20 20 7 24
split_gain=11.7323 4.7824 5.33591 2.53079 2.4082
threshold=0.96567650000000016 1.0000000180025095e-35 0.28273050000000005 17.510375000000007 0.90790150000000014
decision_type=2 8 10 10 2
left_child=3 -2 -3 4 -1
right_child=1 2 -4 -5 -6
leaf_value=0.0020988743162194739 -0.017020337558299261 0.010397102910652484 -0.0058121038372477294 0.0038926515952289941 -0.023491147939249942
leaf_weight=0.91903340071440354 4.7418005466461173 77.093070484697819 18.982937805354595 1.107500672340392 19.470997711643577
leaf_count=7 44 543 104 3 273
internal_value=0.00031557 0.00494328 0.00681264 -0.0181102 -0.0209339
internal_weight=122.315 100.818 96.076 21.4975 20.39
internal_count=974 691 647 283 280
is_linear=0
shrinkage=0.03


Tree=77
num_leaves=5
num_cat=0
split_feature=3 25 24 24
split_gain=10.9611 5.74025 6.00827 2.89182
threshold=1.5000000000000002 0.58515400000000006 0.96567650000000016 0.92814050000000015
decision_type=10 2 2 2
left_child=1 3 -3 -1
right_child=-2 2 -4 -5
leaf_value=0.0044121082385854358 0.025726784119831116 -0.01496507365891213 0.0033098818149849296 -0.02541790594906022
leaf_weight=0.73591049388050933 10.82245050370693 16.833804469555616 85.139313567429781 10.03658330067992
leaf_count=7 47 207 550 167
internal_value=0.00028162 -0.00250518 0 -0.0206847
internal_weight=123.568 112.746 101.973 10.7725
internal_count=978 931 757 174
is_linear=0
shrinkage=0.03


Tree=78
num_leaves=4
num_cat=0
split_feature=3 21 19
split_gain=9.35585 5.61976 8.32336
threshold=1.5000000000000002 0.19507150000000004 0.24434850000000002
decision_type=10 10 10
left_child=1 2 -1
right_child=-2 -3 -4
leaf_value=9.7924382260398743e-05 0.024757729713246964 0.016471146577373474 -0.018403567096689947
leaf_weight=75.885709607973695 9.7333531528711301 9.2369768023490888 26.072684980928898
leaf_count=701 43 30 195
internal_value=0.000157265 -0.00232723 -0.00473822
internal_weight=120.929 111.195 101.958
internal_count=969 926 896
is_linear=0
shrinkage=0.03


Tree=79
num_leaves=7
num_cat=0
split_feature=24 23 17 23 19 19
split_gain=9.20223 6.67929 4.52472 4.49246 4.46334 0.939187
threshold=0.96567650000000016 0.00089200000000000011 0.34091000000000005 0.73399800000000004 0.24434850000000002 0.12878400000000004
decision_type=2 10 8 10 8 10
left_child=4 2 -2 -3 5 -1
right_child=1 3 -4 -5 -6 -7
leaf_value=-0.0049008437635750897 -0.01142841190305151 0.018815065245772009 0.0049657270672297605 0 -0.023511579331387374 0.010176782255873061
leaf_weight=2.9149726480245617 21.584984332323074 34.490061476826668 34.70509597286582 13.870767556130884 13.895971786230801 3.9177054241299629
leaf_count=19 139 128 376 66 226 24
internal_value=0.00162714 0.00552463 -0.00107495 0.0134045 -0.0149962 0.00116058
internal_weight=125.38 104.651 56.2901 48.3608 20.7286 6.83268
internal_count=978 709 515 194 269 43
is_linear=0
shrinkage=0.03


Tree=80
num_leaves=5
num_cat=0
split_feature=3 24 23 21
split_gain=10.2551 6.76042 6.54138 1.23844
threshold=1.5000000000000002 0.96567650000000016 0.00089200000000000011 0.14425450000000004
decision_type=10 2 8 10
left_child=1 3 -3 -1
right_child=-2 2 -4 -5
leaf_value=-0.020344464245943255 0.024703884561112045 -0.012760012523538877 0.0046599291021525739 0
leaf_weight=18.18905765935779 9.6358086764812452 23.6983812302351 67.931291989982128 1.0789234936237324
leaf_count=272 43 155 511 4
internal_value=-0.000654611 -0.00371403 0 -0.0185416
internal_weight=120.533 110.898 91.6297 19.268
internal_count=985 942 666 276
is_linear=0
shrinkage=0.03


Tree=81
num_leaves=7
num_cat=0
split_feature=25 18 18 23 3 3
split_gain=10.9894 4.9653 5.10336 4.00359 2.68499 2.44678
threshold=0.68106350000000015 0.29332350000000001 0.37939650000000008 0.81133400000000011 1.0000000180025095e-35 2.5000000000000004
decision_type=2 10 8 10 10 10
left_child=1 5 -3 4 -2 -1
right_child=3 2 -4 -5 -6 -7
leaf_value=-0.019137351791855706 0.00517650168289746 0.022309766937300437 -0.01105453057008295 -0.0091591806255161522 0.021411339796967004 0.0041248196224239579
leaf_weight=31.938818790018559 55.221039321273565 4.6057999879121754 5.1690635904669771 8.303253732621668 12.299158930778502 1.2364542484283436
leaf_count=423 382 19 44 44 55 4
internal_value=0 -0.0117907 0.00386528 0.00666589 0.00934423 -0.0171709
internal_weight=118.774 42.9501 9.77486 75.8235 67.5202 33.1753
internal_count=971 490 63 481 437 427
is_linear=0
shrinkage=0.03


Tree=82
num_leaves=7
num_cat=0
split_feature=25 24 2 15 20 24
split_gain=9.62645 5.35154 6.95048 1.99401 1.89746 1.71898
threshold=0.62835750000000012 0.97683400000000009 0.47222200000000009 0.23709800000000003 0.28273050000000005 0.99070000000000014
decision_type=2 2 10 10 10 2
left_child=3 2 -2 5 -3 -1
right_child=1 4 -4 -5 -6 -7
leaf_value=-0.022734819159042859 0.0037028270643455468 0.012344722273971754 -0.02321978781186778 0 0 0
leaf_weight=14.874664209783083 26.94321084022522 56.30173909291625 8.6478091180324537 3.3068382516503325 11.202784635126589 2.9551730081439009
leaf_count=241 241 345 76 22 47 29
internal_value=0.00119462 0.0052714 -0.00335791 -0.0156309 0.0101959 -0.0192164
internal_weight=124.232 103.096 35.591 21.1367 67.5045 17.8298
internal_count=1001 709 317 292 392 270
is_linear=0
shrinkage=0.03


Tree=83
num_leaves=5
num_cat=0
split_feature=3 24 18 22
split_gain=8.75043 7.84229 4.8718 2.0119
threshold=1.5000000000000002 0.96567650000000016 0.26283050000000008 0.13270100000000004
decision_type=10 2 8 10
left_child=1 3 -3 -1
right_child=-2 2 -4 -5
leaf_value=-0.020396116451492866 0.024782076793283956 -0.004532818908902783 0.0085902838539394771 0
leaf_weight=17.455689076334242 9.8589224368333799 42.770143680274487 50.72180163860321 2.3442898318171492
leaf_count=275 45 228 447 12
internal_value=0.00120392 -0.00117631 0.00232162 -0.0171409
internal_weight=123.151 113.292 93.4919 19.8
internal_count=1007 962 675 287
is_linear=0
shrinkage=0.03


Tree=84
num_leaves=5
num_cat=0
split_feature=3 5 20 2
split_gain=9.88233 5.0737 4.33261 3.37609
threshold=1.5000000000000002 1.5000000000000002 0.14446400000000001 0.41428550000000003
decision_type=10 10 10 8
left_child=1 2 -1 -3
right_child=-2 3 -4 -5
leaf_value=-0.00030493630710221454 0.024756295884698295 0.023919865241733271 -0.013919265423512897 -0.00072141948816844994
leaf_weight=65.665480190888047 10.135241970419882 6.764229774475095 31.84198309853673 5.5046631544828424
leaf_count=659 48 19 232 24
internal_value=0 -0.00273541 -0.00533208 0.0129298
internal_weight=119.912 109.776 97.5075 12.2689
internal_count=982 934 891 43
is_linear=0
shrinkage=0.03


Tree=85
num_leaves=6
num_cat=0
split_feature=19 25 24 24 22
split_gain=8.32823 6.77965 6.47571 2.69551 1.24983
threshold=0.5363880000000002 0.58515400000000006 0.96578750000000013 0.93216750000000015 0.087659500000000015
decision_type=10 2 2 2 10
left_child=1 3 -3 -1 -2
right_child=4 2 -4 -5 -6
leaf_value=0.0050397634766234474 -0.025745640144587946 -0.0124034930396096 0.0082379761947985602 -0.023677722409234925 0
leaf_weight=0.68448253162205119 8.6659448258578742 12.212868964299558 92.754516329616308 8.2571976110339147 0.93443089723587114
leaf_count=8 96 160 584 151 7
internal_value=2.85021e-05 0.0027556 0.00528058 -0.0182534 -0.0229
internal_weight=123.509 113.909 104.967 8.94168 9.60038
internal_count=1006 903 744 159 103
is_linear=0
shrinkage=0.03


Tree=86
num_leaves=5
num_cat=0
split_feature=3 19 19 21
split_gain=8.31454 5.54263 2.76329 2.50771
threshold=1.5000000000000002 0.50499100000000008 0.00032450000000000008 0.045361000000000005
decision_type=10 10 8 8
left_child=1 2 -1 -3
right_child=-2 3 -4 -5
leaf_value=-0.015880459354330675 0.023597744828110286 -0.024780183166559066 0.001294948785125897 0.0014478385919695763
leaf_weight=6.2265663705766192 8.8751418590545637 10.202135838568207 92.489310212433338 1.2510502636432654
leaf_count=59 43 111 769 4
internal_value=-2.98112e-05 -0.00277342 0 -0.0201337
internal_weight=119.044 110.169 98.7159 11.4532
internal_count=986 943 828 115
is_linear=0
shrinkage=0.03


Tree=87
num_leaves=7
num_cat=0
split_feature=25 21 25 15 5 22
split_gain=6.96693 4.46312 4.50253 2.31477 1.5522 1.62783
threshold=0.60031250000000014 0.11378600000000001 0.78477400000000008 0.10600450000000002 1.5000000000000002 0.13270100000000004
decision_type=2 10 2 10 10 10
left_child=4 2 -2 -3 5 -1
right_child=1 3 -4 -5 -6 -7
leaf_value=-0.022243744610200143 -0.0029134371541532076 0 0.011427172088660557 0.022629162318946544 0 0
leaf_weight=12.228257583454248 66.129308044910431 3.4042085707187644 24.033044271171093 12.132938221096991 1.1435158923268307 0.67434579879045564
leaf_count=216 554 17 159 41 4 4
internal_value=0.000972474 0.00397051 0.00083196 0.017483 -0.0165566 -0.0195365
internal_weight=119.746 105.699 90.1624 15.5371 14.0461 12.9026
internal_count=995 771 713 58 224 220
is_linear=0
shrinkage=0.03


Tree=88
num_leaves=7
num_cat=0
split_feature=24 2 24 7 7 5
split_gain=10.2211 5.14898 5.34995 3.11099 2.48363 2.44807
threshold=0.96567650000000016 0.64583350000000006 0.98943500000000018 17.510375000000007 1.0000000180025095e-35 1.5000000000000002
decision_type=2 10 2 10 8 10
left_child=3 4 -3 5 -2 -1
right_child=1 2 -4 -5 -6 -7
leaf_value=-0.02475255601714723 0.013082644465145881 -0.019658279328489174 0.0070846704888068972 0.0048220119464771243 0.0014979667114933364 0.0018922170841110526
leaf_weight=17.336038578301675 37.192446127533913 11.953751370310785 7.9642414674162856 1.5112829580903042 41.485736027359962 0.82106202840804954
leaf_count=278 161 81 43 5 405 2
internal_value=0 0.00399793 -0.00812842 -0.0182803 0.0076209 -0.0220323
internal_weight=118.265 98.5962 19.918 19.6684 78.6782 18.1571
internal_count=975 690 124 285 566 280
is_linear=0
shrinkage=0.03


Tree=89
num_leaves=6
num_cat=0
split_feature=19 23 4 18 22
split_gain=9.00525 4.2841 5.89532 3.11744 0.708704
threshold=0.49862050000000008 0.81133400000000011 1.0000000180025095e-35 0.051189500000000006 0.13270100000000004
decision_type=10 10 10 10 10
left_child=1 2 -1 -3 -2
right_child=4 3 -4 -5 -6
leaf_value=0.0026639360061103765 -0.022799011478808359 0.0078238392865164919 0.02173275594247925 -0.018776840731668423 0
leaf_weight=82.392958315089345 9.9424415268003905 2.1222767606377593 16.69809179008007 8.4898519814014417 0.87191037833690721
leaf_count=734 105 9 68 61 4
internal_value=0.00153717 0.00452434 0.00671533 -0.0107013 -0.0209956
internal_weight=120.518 109.703 99.0911 10.6121 10.8144
internal_count=981 872 802 70 109
is_linear=0
shrinkage=0.03


Tree=90
num_leaves=5
num_cat=0
split_feature=3 20 4 19
split_gain=7.664 5.2412 3.66663 0.70972
threshold=1.5000000000000002 0.28273050000000005 1.0000000180025095e-35 0.020702500000000002
decision_type=10 10 10 10
left_child=1 2 -1 -3
right_child=-2 3 -4 -5
leaf_value=-0.0016555546186650622 0.022645267186469406 0 0.016628887523815038 -0.015513496417075686
leaf_weight=73.547537775710225 8.3131477087736112 2.5928537063300636 8.2129022628068906 23.932670537382364
leaf_count=727 43 14 27 188
internal_value=-0.000580583 -0.00319561 0.000350747 -0.0140677
internal_weight=116.599 108.286 81.7604 26.5255
internal_count=999 956 754 202
is_linear=0
shrinkage=0.03


Tree=91
num_leaves=7
num_cat=0
split_feature=25 21 6 5 7 22
split_gain=7.51013 4.84581 4.01212 2.77681 1.95866 1.50253
threshold=0.62835750000000012 0.10762700000000001 8.6832670000000025 1.5000000000000002 8.6832670000000025 0.36700350000000009
decision_type=2 10 8 10 10 8
left_child=3 2 -2 4 -1 -3
right_child=1 5 -4 -5 -6 -7
leaf_value=-0.020816512195732984 -0.0045596754964965392 0.021713668628151789 0.0084287116222049232 0.0060310389853312435 0.0015639213393307601 0
leaf_weight=18.047151613980539 47.348905932158232 12.747518226504322 33.47750198841095 1.6009036004543293 0.89327013492584129 3.1130364388227472
leaf_count=284 252 48 374 5 3 13
internal_value=0.000349452 0.00417613 0.000571224 -0.014625 -0.0183241 0.0179434
internal_weight=117.228 96.687 80.8264 20.5413 18.9404 15.8606
internal_count=979 687 626 292 287 61
is_linear=0
shrinkage=0.03


Tree=92
num_leaves=5
num_cat=0
split_feature=3 2 9 2
split_gain=8.78037 7.06356 6.8527 6.75423
threshold=1.5000000000000002 0.47222200000000009 7.9813810000000007 1.0000000180025095e-35
decision_type=10 10 10 10
left_child=1 3 -3 -1
right_child=-2 2 -4 -5
leaf_value=-0.0027612486239157498 0.023741886091807579 -0.020478188715082994 0.010950984863606156 0.017040437154337975
leaf_weight=59.569086380302906 9.4100079834461194 26.283616207540039 4.5367223247885695 17.144086636602879
leaf_count=652 49 212 15 65
internal_value=0 -0.0028647 -0.0144038 0.00176251
internal_weight=116.944 107.534 30.8203 76.7132
internal_count=993 944 227 717
is_linear=0
shrinkage=0.03


Tree=93
num_leaves=5
num_cat=0
split_feature=3 18 23 24
split_gain=6.84134 7.57465 8.3519 4.98527
threshold=1.5000000000000002 0.18290500000000001 0.73287700000000011 0.99371650000000011
decision_type=10 8 8 2
left_child=1 3 -3 -1
right_child=-2 2 -4 -5
leaf_value=-0.015999877563878509 0.022046670443848226 0.017713043267096159 -0.0038174622241829931 0.013266819819066597
leaf_weight=37.74064414948225 7.9836701303720465 21.086811847984791 43.345830518752337 2.583941437304019
leaf_count=255 43 103 563 7
internal_value=-0.000223633 -0.00276582 0.00325847 -0.0126433
internal_weight=112.741 104.757 64.4326 40.3246
internal_count=971 928 666 262
is_linear=0
shrinkage=0.03


Tree=94
num_leaves=5
num_cat=0
split_feature=3 19 18 21
split_gain=6.91922 5.19636 2.95725 1.25423
threshold=1.5000000000000002 0.5363880000000002 0.26283050000000008 0.040835500000000004
decision_type=10 10 10 10
left_child=1 2 -1 -3
right_child=-2 3 -4 -5
leaf_value=-0.0014374980010329894 0.02312680690200225 -0.022229052792329576 0.0098475071871323566 0
leaf_weight=77.614718580618501 8.8956393003463727 8.5975538976490462 24.189361412078142 0.84345582127571184
leaf_count=728 48 100 117 3
internal_value=0.00128063 -0.000765115 0.00116278 -0.0192327
internal_weight=120.141 111.245 101.804 9.44101
internal_count=996 948 845 103
is_linear=0
shrinkage=0.03


Tree=95
num_leaves=5
num_cat=0
split_feature=3 2 2 9
split_gain=6.80628 4.5862 6.3181 2.9199
threshold=1.5000000000000002 0.32575750000000009 1.0000000180025095e-35 8.2435015000000025
decision_type=10 10 10 10
left_child=1 2 -1 -3
right_child=-2 3 -4 -5
leaf_value=-0.0013101842712040935 0.022533506845891681 -0.012953787682536749 0.020668439446497138 0.0078762834148397732
leaf_weight=60.199401374906301 8.3794150054454786 34.520985838025808 11.051833838224409 3.2603789716958991
leaf_count=657 46 246 38 11
internal_value=0.000226841 -0.00177719 0.00239224 -0.00997344
internal_weight=117.412 109.033 71.2512 37.7814
internal_count=998 952 695 257
is_linear=0
shrinkage=0.03


Tree=96
num_leaves=5
num_cat=0
split_feature=3 19 19 17
split_gain=6.61579 3.91579 3.96217 0.147944
threshold=1.5000000000000002 0.0041160000000000007 0.56118850000000009 0.31110650000000006
decision_type=10 8 10 10
left_child=1 3 -3 -1
right_child=-2 2 -4 -5
leaf_value=-0.020774528665299809 0.022348802722207631 0.00198399042417774 -0.017148483449041386 0
leaf_weight=6.3415945097804061 8.177370071411131 90.428326863795519 7.8756316117942324 0.968867927789688
leaf_count=61 45 761 90 7
internal_value=0.000155604 -0.00185636 0 -0.0194451
internal_weight=113.792 105.614 98.304 7.31046
internal_count=964 919 851 68
is_linear=0
shrinkage=0.03


Tree=97
num_leaves=7
num_cat=0
split_feature=24 19 19 19 19 24
split_gain=9.7863 3.52804 3.96783 2.77325 1.57728 0.090585
threshold=0.96567650000000016 0.0041160000000000007 0.57113900000000017 0.24434850000000002 0.12878400000000004 0.91731600000000013
decision_type=2 8 10 8 10 2
left_child=3 -2 -3 4 -1 -5
right_child=1 2 -4 5 -6 -7
leaf_value=-0.011935054439415931 -0.012657978173028987 0.0087879564298214592 -0.012011051820242671 0 0.010108033361930507 -0.023898156851084928
leaf_weight=2.1954794377088573 5.3332576155662528 87.078767292201519 5.3296378515660754 0.7007549311965694 3.6503607332706451 12.362796289846299
leaf_count=20 50 603 47 11 24 235
internal_value=0.00106658 0.00522205 0.00693399 -0.0168175 0 -0.0232622
internal_weight=116.651 97.7417 92.4084 18.9094 5.84584 13.0636
internal_count=990 700 650 290 44 246
is_linear=0
shrinkage=0.03


Tree=98
num_leaves=7
num_cat=0
split_feature=24 21 25 15 24 20
split_gain=7.87209 5.50393 4.22955 4.16726 2.6066 1.84013
threshold=0.97683400000000009 0.052490000000000002 0.62835750000000012 0.32105100000000003 0.98791800000000018 0.024156000000000004
decision_type=2 8 2 10 2 10
left_child=1 3 -2 -1 -4 -3
right_child=2 5 4 -5 -6 -7
leaf_value=-0.026584617992509892 -0.010564437522447592 -0.0050053973932327415 0.013375301981222502 0 0 0.011004623846672402
leaf_weight=15.494862966239454 7.8042102605104438 14.241214035078885 39.843010414391756 4.904131941497325 22.837927080690861 7.1085043698549262
leaf_count=173 95 258 235 36 147 27
internal_value=0 -0.00987876 0.00608154 -0.0199582 0.0089987 0
internal_weight=112.234 41.7487 70.4851 20.399 62.6809 21.3497
internal_count=971 494 477 209 382 285
is_linear=0
shrinkage=0.03


Tree=99
num_leaves=6
num_cat=0
split_feature=25 19 24 24 24
split_gain=6.95857 5.05698 3.24195 2.84869 1.95212
threshold=0.59205150000000006 0.50499100000000008 0.95943100000000014 0.90790150000000014 0.98511150000000014
decision_type=2 10 2 2 2
left_child=3 2 -2 -1 -3
right_child=1 4 -4 -5 -6
leaf_value=0.0058188595136622941 -0.0091148541429617955 -0.020910259701563298 0.0076219884206019791 -0.023650278727810444 0.0015771745859065758
leaf_weight=0.60246524587273498 7.6298842504620543 6.8207354955375177 89.216924544423819 10.308910965919493 1.3268040269613264
leaf_count=4 107 77 603 201 5
internal_value=0.000703576 0.00349515 0.0057687 -0.0189627 -0.0151181
internal_weight=115.906 104.994 96.8468 10.9114 8.14754
internal_count=997 792 710 205 82
is_linear=0
shrinkage=0.03


Tree=100
num_leaves=5
num_cat=0
split_feature=25 16 24 24
split_gain=7.91149 7.05873 4.47726 0.373729
threshold=0.58515400000000006 0.45824950000000003 0.98260900000000007 0.92814050000000015
decision_type=2 10 2 2
left_child=3 2 -2 -1
right_child=1 -3 -4 -5
leaf_value=0 -0.00025801153702838871 -0.01848143882176817 0.011843909787729956 -0.023508143521360592
leaf_weight=0.50534972362220187 48.185198072344065 8.8216356299817544 49.138265289366245 8.7398651093244535
leaf_count=8 442 75 304 175
internal_value=0.000180568 0.00298533 0.00572463 -0.0224133
internal_weight=115.39 106.145 97.3235 9.24521
internal_count=1004 821 746 183
is_linear=0
shrinkage=0.03


Tree=101
num_leaves=5
num_cat=0
split_feature=3 18 17 24
split_gain=5.50812 4.3867 4.41525 2.54864
threshold=1.5000000000000002 0.26283050000000008 0.42413650000000008 0.99371650000000011
decision_type=10 8 8 2
left_child=1 3 -3 -1
right_child=-2 2 -4 -5
leaf_value=-0.010756890039575605 0.021372293928573649 0.013494019145009464 -0.0020976266697727342 0.0089371852137835796
leaf_weight=42.221447668969631 7.4013534039258948 22.007897410541773 38.577283611521125 2.8230106160044661
leaf_count=278 42 106 533 9
internal_value=0.000328735 -0.00141911 0.00346375 -0.00841722
internal_weight=113.031 105.63 60.5852 45.0445
internal_count=968 926 639 287
is_linear=0
shrinkage=0.03


Tree=102
num_leaves=7
num_cat=0
split_feature=2 24 2 16 7 18
split_gain=3.96089 10.319 4.36089 3.20059 3.1085 1.20172
threshold=0.47222200000000009 0.98590300000000008 1.0000000180025095e-35 0.36640750000000005 7.7873875000000004 0.62628750000000011
decision_type=10 2 10 10 10 10
left_child=2 5 3 -1 -4 -2
right_child=1 -3 4 -5 -6 -7
leaf_value=0.0022269240376510333 -0.0248087602571028 0.0079373807538198771 0.02057381941528667 -0.016928874290352298 -0.0015995099220264862 0
leaf_weight=56.887770051136613 15.80711498111487 14.946204170584677 15.7396676838398 6.0148439370095721 4.2237849235534659 1.2092086113989342
leaf_count=626 152 72 62 49 21 11
internal_value=7.53988e-05 -0.00817625 0.00378201 0 0.01498 -0.0228967
internal_weight=114.829 31.9625 82.8661 62.9026 19.9635 17.0163
internal_count=993 235 758 675 83 163
is_linear=0
shrinkage=0.03


Tree=103
num_leaves=5
num_cat=0
split_feature=19 2 2 24
split_gain=5.71248 4.35658 5.86052 5.65663
threshold=0.57113900000000017 0.47222200000000009 1.0000000180025095e-35 0.99186800000000008
decision_type=10 8 10 2
left_child=1 2 -1 -3
right_child=-2 3 -4 -5
leaf_value=0 -0.020289380928684739 -0.006479499095492715 0.021263496371835791 0.014988627852311861
leaf_weight=25.749870505183935 7.081915244460105 49.724877472966909 19.358435034751892 10.619639400392769
leaf_count=156 89 591 75 70
internal_value=0.000954023 0.00317907 0.0100247 -0.00169693
internal_weight=112.535 105.453 45.1083 60.3445
internal_count=981 892 231 661
is_linear=0
shrinkage=0.03


Tree=104
num_leaves=7
num_cat=0
split_feature=25 24 25 16 5 24
split_gain=6.73196 4.10127 3.17305 2.91726 2.67982 1.77685
threshold=0.72736100000000004 0.97151950000000009 0.58515400000000006 0.45824950000000003 3.5000000000000004 0.90790150000000014
decision_type=2 2 2 10 10 2
left_child=1 5 -3 4 -2 -1
right_child=3 2 -4 -5 -6 -7
leaf_value=0.0029862096649939194 0.01351731536242356 -0.01744703859899403 0.0037283327099198725 -0.010121645737875965 -0.0069945246676741905 -0.017373192315905939
leaf_weight=0.83790424838662403 43.275134615600109 4.5508680194616309 37.090046435594559 2.6210337579250327 2.645858332514762 20.56891799531877
leaf_count=6 283 84 243 15 15 321
internal_value=0.000775406 -0.0053034 0 0.00910192 0.0113658 -0.015078
internal_weight=111.59 63.0477 41.6409 48.542 45.921 21.4068
internal_count=967 654 327 313 298 327
is_linear=0
shrinkage=0.03


Tree=105
num_leaves=6
num_cat=0
split_feature=25 3 19 25 25
split_gain=6.17013 4.69382 2.92908 0.790007 0.292049
threshold=0.59205150000000006 1.5000000000000002 0.56118850000000009 0.50877050000000013 0.5058680000000001
decision_type=2 10 10 2 2
left_child=3 2 -2 4 -1
right_child=1 -3 -4 -5 -6
leaf_value=-0.0058243725821470983 0.0015023698532789726 0.021047145666712321 -0.015549171471941981 -0.02295578121583898 0.0053792594322040694
leaf_weight=1.6424348559230559 88.927885791286826 7.3904588371515265 7.0451458841562262 8.1875416878610832 0.64098785072565068
leaf_count=35 669 45 77 170 6
internal_value=-0.000288157 0.00188604 0 -0.0196179 0
internal_weight=113.834 103.363 95.973 10.471 2.28342
internal_count=1002 791 746 211 41
is_linear=0
shrinkage=0.03


Tree=106
num_leaves=5
num_cat=0
split_feature=3 23 18 18
split_gain=6.82826 4.59763 8.80362 1.63927
threshold=1.5000000000000002 0.73287700000000011 0.29332350000000001 0.056721000000000008
decision_type=10 10 10 10
left_child=1 2 -1 -3
right_child=-2 3 -4 -5
leaf_value=-0.0044494394364796297 0.021797458790564168 0 0.018799414390309622 -0.019680111234587683
leaf_weight=74.305784668773413 7.9436777681112281 3.4389833398163345 15.088494047522543 14.010438837110994
leaf_count=756 48 22 72 107
internal_value=-0.000498538 -0.00297938 0 -0.0158123
internal_weight=114.787 106.844 89.3943 17.4494
internal_count=1005 957 828 129
is_linear=0
shrinkage=0.03


Tree=107
num_leaves=7
num_cat=0
split_feature=24 2 2 24 24 9
split_gain=3.83167 6.83642 3.83482 3.27473 4.83221 2.34968
threshold=0.98260900000000007 0.47222200000000009 1.0000000180025095e-35 0.98791800000000018 0.99357300000000015 7.5856710000000005
decision_type=2 10 10 2 2 10
left_child=1 2 -1 5 -5 -2
right_child=3 -3 -4 4 -6 -7
leaf_value=-0.0042141080048471351 0.016848391309559365 -0.021088914475517466 0.014208170556969909 -0.0090265421740428377 0.015477491056235448 -0.0015628924595159788
leaf_weight=36.193216159939766 20.051393087953333 15.186487291008232 10.648807309567927 20.803545318543915 7.1610384285449973 4.0793986916542044
leaf_count=438 125 152 43 164 42 22
internal_value=-0.000299298 -0.00545566 0 0.00525849 -0.000891222 0.0128015
internal_weight=114.124 62.0285 46.842 52.0954 27.9646 24.1308
internal_count=986 633 481 353 206 147
is_linear=0
shrinkage=0.03


Tree=108
num_leaves=7
num_cat=0
split_feature=24 2 2 20 9 25
split_gain=8.17992 8.16239 6.43836 3.11185 3.12621 1.2627
threshold=0.98241700000000021 0.47222200000000009 1.0000000180025095e-35 1.0000000180025095e-35 1.0000000180025095e-35 0.87807750000000018
decision_type=2 10 10 8 10 2
left_child=1 2 -1 -2 -5 -3
right_child=3 5 -4 4 -6 -7
leaf_value=-0.0068607406135783294 -0.010940636344388422 -0.02668936486152064 0.016465595039398137 0.014989990613088748 -9.5099046379107903e-05 0
leaf_weight=37.074463069438934 2.8948754817247382 13.650640938431023 11.419397026300429 36.569695696234703 12.339465558528898 1.0205599218606938
leaf_count=463 31 151 44 248 64 5
internal_value=0 -0.00714642 -0.00014597 0.00852486 0.0108206 -0.0246348
internal_weight=114.969 63.1651 48.4939 51.804 48.9092 14.6712
internal_count=1006 663 507 343 312 156
is_linear=0
shrinkage=0.03


Tree=109
num_leaves=6
num_cat=0
split_feature=4 24 9 24 9
split_gain=3.66862 3.11221 3.38324 2.82313 1.98617
threshold=1.5000000000000002 0.96567650000000016 7.5856710000000005 0.94019850000000016 8.2435015000000025
decision_type=10 2 10 2 10
left_child=1 3 -3 -1 -2
right_child=4 2 -4 -5 -6
leaf_value=0.0016886811328115613 0 0.0030535202451940071 -0.015240384977787399 -0.019200285131262415 0.020773775006274576
leaf_weight=4.882740298286083 2.8362621814012519 75.548294125124812 7.112379051744937 11.999078817665575 8.2291666120290738
leaf_count=68 14 614 37 210 43
internal_value=0.000162523 -0.00155002 0.000650617 -0.0123065 0.0147459
internal_weight=110.608 99.5425 82.6607 16.8818 11.0654
internal_count=986 929 651 278 57
is_linear=0
shrinkage=0.03


Tree=110
num_leaves=4
num_cat=0
split_feature=3 24 8
split_gain=5.51927 3.95265 4.16302
threshold=1.5000000000000002 0.99357300000000015 1.0000000180025095e-35
decision_type=10 2 10
left_child=1 2 -1
right_child=-2 -3 -4
leaf_value=-0.0013408458678485196 0.021127982250473847 0.017120377856581236 -0.023983610534220386
leaf_weight=91.103806618601084 7.4445203319191924 5.7545827887952319 5.4750748313963404
leaf_count=842 46 31 51
internal_value=9.85282e-05 -0.00170468 -0.00360962
internal_weight=109.778 102.333 96.5789
internal_count=970 924 893
is_linear=0
shrinkage=0.03


Tree=111
num_leaves=5
num_cat=0
split_feature=3 25 7 22
split_gain=4.9936 3.21051 3.87757 1.41982
threshold=1.5000000000000002 0.58515400000000006 1.0000000180025095e-35 0.13270100000000004
decision_type=10 2 10 10
left_child=1 3 -3 -1
right_child=-2 2 -4 -5
leaf_value=-0.020057881356536977 0.020754671335172753 0.0031432512489528055 -0.013204912338508602 0
leaf_weight=7.604782756417988 7.2656466364860526 83.642272407189012 12.204836644232271 0.64255470782518376
leaf_count=166 47 710 58 4
internal_value=0.000623272 -0.00104378 0.000420446 -0.016301
internal_weight=111.36 104.094 95.8471 8.24734
internal_count=985 938 768 170
is_linear=0
shrinkage=0.03


Tree=112
num_leaves=6
num_cat=0
split_feature=25 23 4 24 25
split_gain=3.83508 3.88191 5.44737 2.57549 1.4821
threshold=0.58515400000000006 0.81133400000000011 1.0000000180025095e-35 0.90790150000000014 0.74035250000000008
decision_type=2 10 10 2 2
left_child=3 2 -2 -1 -3
right_child=1 4 -4 -5 -6
leaf_value=0.0055233914542955525 0 -0.019272688825836517 0.018176904505774711 -0.022495805955046033 0
leaf_weight=0.61281788535415938 76.064480209723115 7.1905653811991197 15.357609532773493 7.996746564283967 4.3018802851438522
leaf_count=4 654 62 75 171 21
internal_value=-0.000476449 0.00106558 0.00350914 -0.0170054 -0.0130054
internal_weight=111.524 102.915 91.4221 8.60956 11.4924
internal_count=987 812 729 175 83
is_linear=0
shrinkage=0.03


Tree=113
num_leaves=7
num_cat=0
split_feature=23 3 25 20 20 20
split_gain=6.69001 7.18211 4.7999 1.04333 1.18517 0.0535797
threshold=0.81133400000000011 1.0000000180025095e-35 0.63185900000000006 0.062783000000000019 0.54820900000000006 0.23727050000000002
decision_type=10 10 2 10 8 8
left_child=1 2 -1 -2 -5 -3
right_child=3 5 -4 4 -6 -7
leaf_value=-0.01448297538049741 0 0.023463694425008917 0.0023692750250841597 -0.026626112998338478 0 0
leaf_weight=15.866405973210929 1.5353320240974415 9.6233563348650897 70.845178838819265 7.6451333314180348 2.6240392439067373 2.3435592055320749
leaf_count=269 10 51 560 61 23 10
internal_value=-0.000293483 0.00219429 -0.00076113 -0.0193466 -0.022099 0.0214736
internal_weight=110.483 98.6785 86.7116 11.8045 10.2692 11.9669
internal_count=984 890 829 94 84 61
is_linear=0
shrinkage=0.03


Tree=114
num_leaves=5
num_cat=0
split_feature=3 24 18 24
split_gain=4.7892 4.28001 2.20951 1.21385
threshold=1.5000000000000002 0.96567650000000016 0.29332350000000001 0.90790150000000014
decision_type=10 2 10 2
left_child=1 3 -3 -1
right_child=-2 2 -4 -5
leaf_value=0 0.020580544216225134 -0.00036242766298085041 0.010913304879049334 -0.016010507259468003
leaf_weight=1.180329823866489 7.1012140810489646 73.369632439687848 15.517979167401789 15.744874883443115
leaf_count=11 46 595 66 273
internal_value=0.000692951 -0.000896638 0.00157164 -0.01365
internal_weight=112.914 105.813 88.8876 16.9252
internal_count=991 945 661 284
is_linear=0
shrinkage=0.03


Tree=115
num_leaves=5
num_cat=0
split_feature=19 19 23 20
split_gain=4.85 5.54857 2.96494 0.205167
threshold=0.00032450000000000008 0.50499100000000008 0.73287700000000011 0.052606500000000007
decision_type=8 10 8 10
left_child=-1 2 -2 -3
right_child=1 3 -4 -5
leaf_value=-0.021358284342176227 0.010866398738577658 0 0 -0.016504638274062192
leaf_weight=4.5103818513452998 47.939285531640053 1.1701731756329525 49.573633648455143 8.1271653324365598
leaf_count=52 230 8 594 103
internal_value=0.00150857 0.00330452 0.00577003 -0.015214
internal_weight=111.321 106.81 97.5129 9.29734
internal_count=987 935 824 111
is_linear=0
shrinkage=0.03


Tree=116
num_leaves=7
num_cat=0
split_feature=24 22 15 16 9 20
split_gain=4.7385 2.09162 2.91384 2.04923 4.65143 2.91694
threshold=0.97683400000000009 0.14709950000000002 0.35334300000000007 0.20352350000000005 1.0000000180025095e-35 1.0000000180025095e-35
decision_type=2 8 10 8 10 10
left_child=1 2 -1 5 -5 -2
right_child=3 -3 -4 4 -6 -7
leaf_value=-0.019637717476550118 -0.0084004665624207737 0 0.0014557631638491253 0.0032802733499575406 -0.022133906276031939 0.012489684802440134
leaf_weight=17.997243974357847 3.4575675129890469 19.458983611315489 4.190932046622037 31.304087623953819 4.8418185636401168 27.783985123038292
leaf_count=198 38 288 30 293 29 123
internal_value=-0.00117952 -0.00898914 -0.0147637 0.00339822 -0.000793015 0.00876817
internal_weight=109.035 41.6472 22.1882 67.3875 36.1459 31.2416
internal_count=999 516 228 483 322 161
is_linear=0
shrinkage=0.03


Tree=117
num_leaves=6
num_cat=0
split_feature=19 24 17 17 24
split_gain=3.8813 2.79163 2.72395 1.30563 1.22952
threshold=0.57113900000000017 0.95943100000000014 0.15832500000000002 0.18276750000000005 0.98658050000000008
decision_type=10 2 10 8 2
left_child=1 3 -3 -1 -2
right_child=4 2 -4 -5 -6
leaf_value=0 -0.021321075654230824 0 0.010963277783786848 -0.015837396491187681 0
leaf_weight=2.5459360219538185 6.117670413106679 60.667911102995276 30.352487850934267 7.3150737099349508 0.74724133312702168
leaf_count=20 92 576 140 137 3
internal_value=0.000133117 0.00209725 0.00406968 -0.0104788 -0.0175494
internal_weight=107.746 100.881 91.0204 9.86101 6.86491
internal_count=968 873 716 157 95
is_linear=0
shrinkage=0.03


end of trees

feature_importances:
embedding_cosine_gte_multilingual_base=108
reranker_score_gte_multilingual_reranker_base=93
digit_ratio_mean_percentile_gap_abs=55
shared_title_count_capped=54
repeated_title_share_percentile_gap_abs=39
punct_ratio_mean_percentile_gap_abs=38
max_category_share_percentile_gap_abs=38
profile_category_jaccard=35
shared_description_count_capped=24
description_length_median_percentile_gap_abs=21
repeated_description_share_percentile_gap_abs=20
shared_category_count_capped=19
item_count_percentile_gap_abs=18
shared_description_idf_sum=13
shared_description_idf_mean=13
price_median_percentile_gap_abs=13
title_length_median_percentile_gap_abs=10
shared_title_idf_sum=2
same_market_raw_bool=1
shared_title_idf_mean=1
shared_low_df_sentence_count=1

parameters:
[boosting: gbdt]
[objective: binary]
[metric: binary_logloss,auc]
[tree_learner: serial]
[device_type: cpu]
[data_sample_strategy: bagging]
[data: ]
[valid: ]
[num_iterations: 120]
[learning_rate: 0.03]
[num_leaves: 7]
[num_threads: 0]
[seed: 20260321]
[deterministic: 1]
[force_col_wise: 1]
[force_row_wise: 0]
[histogram_pool_size: -1]
[max_depth: 3]
[min_data_in_leaf: 10]
[min_sum_hessian_in_leaf: 0.001]
[bagging_fraction: 0.8]
[pos_bagging_fraction: 1]
[neg_bagging_fraction: 1]
[bagging_freq: 1]
[bagging_seed: 20260321]
[bagging_by_query: 0]
[feature_fraction: 0.6]
[feature_fraction_bynode: 1]
[feature_fraction_seed: 20260321]
[extra_trees: 0]
[extra_seed: 14909]
[early_stopping_round: 0]
[early_stopping_min_delta: 0]
[first_metric_only: 0]
[max_delta_step: 0]
[lambda_l1: 1]
[lambda_l2: 3]
[linear_lambda: 0]
[min_gain_to_split: 0.05]
[drop_rate: 0.1]
[max_drop: 50]
[skip_drop: 0.5]
[xgboost_dart_mode: 0]
[uniform_drop: 0]
[drop_seed: 4518]
[top_rate: 0.2]
[other_rate: 0.1]
[min_data_per_group: 100]
[max_cat_threshold: 32]
[cat_l2: 10]
[cat_smooth: 10]
[max_cat_to_onehot: 4]
[top_k: 20]
[monotone_constraints: ]
[monotone_constraints_method: basic]
[monotone_penalty: 0]
[feature_contri: ]
[forcedsplits_filename: ]
[refit_decay_rate: 0.9]
[cegb_tradeoff: 1]
[cegb_penalty_split: 0]
[cegb_penalty_feature_lazy: ]
[cegb_penalty_feature_coupled: ]
[path_smooth: 0]
[interaction_constraints: ]
[verbosity: -1]
[saved_feature_importance_type: 0]
[use_quantized_grad: 0]
[num_grad_quant_bins: 4]
[quant_train_renew_leaf: 0]
[stochastic_rounding: 1]
[linear_tree: 0]
[max_bin: 255]
[max_bin_by_feature: ]
[min_data_in_bin: 3]
[bin_construct_sample_cnt: 200000]
[data_random_seed: 20260321]
[is_enable_sparse: 1]
[enable_bundle: 1]
[use_missing: 1]
[zero_as_missing: 0]
[feature_pre_filter: 1]
[pre_partition: 0]
[two_round: 0]
[header: 0]
[label_column: ]
[weight_column: ]
[group_column: ]
[ignore_column: ]
[categorical_feature: ]
[forcedbins_filename: ]
[precise_float_parser: 0]
[parser_config_file: ]
[objective_seed: 21012]
[num_class: 1]
[is_unbalance: 0]
[scale_pos_weight: 1]
[sigmoid: 1]
[boost_from_average: 1]
[reg_sqrt: 0]
[alpha: 0.9]
[fair_c: 1]
[poisson_max_delta_step: 0.7]
[tweedie_variance_power: 1.5]
[lambdarank_truncation_level: 30]
[lambdarank_norm: 1]
[label_gain: ]
[lambdarank_position_bias_regularization: 0]
[eval_at: ]
[multi_error_top_k: 1]
[auc_mu_weights: ]
[num_machines: 1]
[local_listen_port: 12400]
[time_out: 120]
[machine_list_filename: ]
[machines: ]
[gpu_platform_id: -1]
[gpu_device_id: -1]
[gpu_use_dp: 0]
[num_gpu: 1]

end of parameters

pandas_categorical:null
