tree
version=v4
num_class=1
num_tree_per_iteration=1
label_index=0
max_feature_idx=25
objective=binary sigmoid:1
feature_names=same_market_raw_bool same_source_dataset_bool profile_category_jaccard shared_title_count_capped shared_description_count_capped shared_category_count_capped shared_title_idf_sum shared_description_idf_sum shared_title_idf_mean shared_description_idf_mean boilerplate_ratio_max boilerplate_ratio_gap_abs shared_boilerplate_count shared_low_df_sentence_count shared_rare_ngram_count item_count_percentile_gap_abs price_median_percentile_gap_abs title_length_median_percentile_gap_abs description_length_median_percentile_gap_abs digit_ratio_mean_percentile_gap_abs punct_ratio_mean_percentile_gap_abs repeated_title_share_percentile_gap_abs repeated_description_share_percentile_gap_abs max_category_share_percentile_gap_abs embedding_cosine_bge_m3 reranker_score_bge_reranker_v2_m3
feature_infos=[0:1] [0:1] [0:1] [0:5] [0:5] [0:5] [0:70.616864000000007] [0:79.443972000000002] [0:8.8271080000000008] [0:8.8271080000000008] [0:0.20000000000000001] [0:0.20000000000000001] [0:1] [0:9] [0:8] [0:0.70916299999999999] [0:0.96791400000000005] [0:0.92293000000000003] [0:0.88129299999999999] [0:0.90190499999999996] [0:0.93838699999999997] [0:0.78087600000000001] [0:0.625498] [0:0.99695599999999995] [0.71749799999999997:0.99786200000000003] [0.0015900000000000001:0.92668499999999998]
tree_sizes=879 683 879 682 884 889 851 865 659 871 897 868 893 686 657 668 849 749 679 877 661 893 868 790 870 681 850 643 859 651 857 860 868 881 890 895 900 760 662 753 849 652 895 862 670 574 872 681 858 895 789 576 868 777 880 847 872 673 681 787 897 874 862 885 785 682 683 659 648 881 786 650 787 679 644 760 873 575 748 689 684 682 866 850 660 662 673 855 730 770 773 766 577 665 744 677 554 684 895 661 853 874 649 661 768 576 851 875 863 647 567 678 681 821 659 640 667 663 737 783

Tree=0
num_leaves=7
num_cat=0
split_feature=25 6 21 21 20 2
split_gain=65.1896 31.0084 24.3445 17.0851 8.9061 0.656082
threshold=0.32201900000000006 8.4887085000000031 1.0000000180025095e-35 0.080088500000000021 0.14446400000000001 0.75735300000000005
decision_type=2 10 8 10 10 8
left_child=1 3 4 -1 -2 -4
right_child=2 -3 5 -5 -6 -7
leaf_value=-0.023510948867189265 0.013914937480135845 0.03559605312439184 0.044719218652591874 0.012631991357181908 -0.020449903999933728 0.021136416624574352
leaf_weight=84.00641543418169 11.810658335685732 7.2889636158943167 22.84363466501236 10.542025923728941 9.3352780342102033 18.369075864553452
leaf_count=622 40 17 55 36 46 151
internal_value=0.000675332 -0.0138147 0.0243458 -0.018909 -0.000669507 0.037034
internal_weight=164.196 101.837 62.3586 94.5484 21.1459 41.2127
internal_count=967 675 292 658 86 206
is_linear=0
shrinkage=1


Tree=1
num_leaves=5
num_cat=0
split_feature=3 24 21 19
split_gain=80.0945 53.2976 41.3397 10.7841
threshold=1.5000000000000002 0.84578900000000012 0.00092500000000000015 0.28712300000000007
decision_type=10 2 8 8
left_child=1 3 -3 -1
right_child=-2 2 -4 -5
leaf_value=-0.0082778175238299844 0.050387977105764259 -0.021863834251055061 0.015501800509925005 -0.046587717941485786
leaf_weight=12.968237385153769 20.83335417509079 37.990348160266876 72.463754795491695 28.192045863717794
leaf_count=57 45 181 477 255
internal_value=-0.000631618 -0.00867791 0.00214728 -0.0365792
internal_weight=172.448 151.614 110.454 41.1603
internal_count=1015 970 658 312
is_linear=0
shrinkage=0.03


Tree=2
num_leaves=7
num_cat=0
split_feature=24 25 4 19 22 20
split_gain=65.7836 36.8927 21.1554 15.797 10.6421 5.22849
threshold=0.84578900000000012 0.28514000000000006 1.0000000180025095e-35 0.28712300000000007 0.0013980000000000002 0.18106500000000003
decision_type=2 2 10 8 8 10
left_child=3 2 -2 5 -3 -1
right_child=1 4 -4 -5 -6 -7
leaf_value=0.012605623747951855 -0.0099995209920672491 0.0020489312613140246 0.026213117847443446 -0.041981233125765606 0.037326115768133522 -0.019448661723892691
leaf_weight=7.4891155362129194 58.474204614758492 11.956502273678778 15.912515193223951 27.605654183775187 41.896515414118767 5.0341039896011353
leaf_count=25 401 46 47 252 194 26
internal_value=0.00162578 0.0123248 -0.00114951 -0.0303484 0.0305429 0
internal_weight=168.369 128.24 74.3867 40.1289 53.853 12.5232
internal_count=991 688 448 303 240 51
is_linear=0
shrinkage=0.03


Tree=3
num_leaves=5
num_cat=0
split_feature=3 25 21 21
split_gain=75.1881 44.2542 18.9216 12.7245
threshold=1.5000000000000002 0.43008200000000002 0.027506500000000003 0.00092500000000000015
decision_type=10 2 8 8
left_child=1 2 -1 -3
right_child=-2 3 -4 -5
leaf_value=-0.028046813138035448 0.048740605141940112 -0.0031571305047341952 -0.0016521254028245412 0.030723824670694091
leaf_weight=62.175003409385681 21.696585416793823 12.569857522845266 43.806500591337681 24.292324602603912
leaf_count=309 47 53 427 134
internal_value=0.000166012 -0.00785713 -0.0177579 0.0190498
internal_weight=164.54 142.844 105.982 36.8622
internal_count=970 923 736 187
is_linear=0
shrinkage=0.03


Tree=4
num_leaves=7
num_cat=0
split_feature=24 4 25 23 5 19
split_gain=60.7321 30.257 26.5416 11.9945 11.8776 4.53948
threshold=0.85325150000000016 1.0000000180025095e-35 0.43008200000000002 0.61503100000000011 1.5000000000000002 0.31484750000000006
decision_type=2 10 2 10 10 8
left_child=4 2 -2 -3 5 -1
right_child=1 3 -4 -5 -6 -7
leaf_value=-0.010321044273008895 -0.0082919597872677733 0.044711551174406096 0.025801807924093024 -9.9372670571074508e-05 0.015008369006436189 -0.039306386455428353
leaf_weight=12.66613222658634 61.7616196423769 24.069152817130092 26.873615354299545 5.0463208258151999 2.6512552499771109 29.335758004337549
leaf_count=57 420 56 128 21 7 266
internal_value=0.000214144 0.0117043 0.00222395 0.036727 -0.0282852 -0.0325029
internal_weight=162.404 117.751 88.6352 29.1155 44.6531 42.0019
internal_count=955 625 548 77 330 323
is_linear=0
shrinkage=0.03


Tree=5
num_leaves=7
num_cat=0
split_feature=24 15 24 19 7 17
split_gain=56.6454 35.4894 21.7281 9.8472 8.68626 4.54521
threshold=0.84578900000000012 0.0022240000000000003 0.92555250000000011 0.28712300000000007 1.0000000180025095e-35 0.26618100000000006
decision_type=2 8 2 8 10 10
left_child=3 4 -3 5 -2 -1
right_child=1 2 -4 -5 -6 -7
leaf_value=0.0075236328546012194 -0.030538312557419164 0.0061026583015527805 0.036246256688273193 -0.039509191682640388 0.010683383851978725 -0.021118420054424374
leaf_weight=7.532447084784506 18.619742959737781 67.569273065775633 32.265261113643646 28.531163740903139 2.989997759461402 5.5413259416818619
leaf_count=27 97 400 152 261 9 29
internal_value=-0.00104939 0.00918208 0.0169096 -0.0301964 -0.0230087 -0.00442566
internal_weight=163.049 121.444 99.8345 41.6049 21.6097 13.0738
internal_count=975 658 552 317 106 56
is_linear=0
shrinkage=0.03


Tree=6
num_leaves=7
num_cat=0
split_feature=24 25 3 23 3 25
split_gain=62.4722 32.7408 18.2701 8.85769 3.70793 1.54813
threshold=0.84578900000000012 0.25143150000000009 1.5000000000000002 0.74914100000000017 1.0000000180025095e-35 0.57343350000000004
decision_type=2 2 10 10 10 2
left_child=4 2 -2 -3 5 -1
right_child=1 3 -4 -5 -6 -7
leaf_value=-0.033510578076446085 -0.0091894676570367442 0.030226523788084565 0.034594059113562309 -0.0084428643843387167 0 0
leaf_weight=36.656593270599842 58.442124839872122 54.912873569875956 6.8620473742485038 3.3199980258941642 2.5735985189676276 1.7669660113751877
leaf_count=290 387 246 15 16 10 12
internal_value=0.00053941 0.0114093 -0.00283222 0.0272263 -0.0300775 -0.0322711
internal_weight=164.534 123.537 65.3042 58.2329 40.9972 38.4236
internal_count=976 664 402 262 312 302
is_linear=0
shrinkage=0.03


Tree=7
num_leaves=7
num_cat=0
split_feature=24 25 3 21 5 20
split_gain=70.003 33.9069 16.0396 7.97559 7.46022 3.77195
threshold=0.84578900000000012 0.28514000000000006 1.5000000000000002 1.0000000180025095e-35 1.5000000000000002 0.014133500000000002
decision_type=2 2 10 8 10 8
left_child=4 2 -2 -3 5 -1
right_child=1 3 -4 -5 -6 -7
leaf_value=0 -0.0066424769934145204 0.0059844562414946194 0.034194444567972743 0.035626414126600565 0.0084797688907328039 -0.037080914970831866
leaf_weight=1.6059104800224293 65.698532532900572 14.919553607702253 6.844710260629653 41.382288824766874 1.5526631623506535 36.020166039466858
leaf_count=6 422 55 15 189 4 299
internal_value=0.00121869 0.0121258 -0.00118732 0.0289775 -0.0322509 -0.0351722
internal_weight=168.024 128.845 72.5432 56.3018 39.1787 37.6261
internal_count=990 681 437 244 309 305
is_linear=0
shrinkage=0.03


Tree=8
num_leaves=5
num_cat=0
split_feature=3 24 21 25
split_gain=64.6608 42.1521 30.3719 5.1304
threshold=1.5000000000000002 0.84578900000000012 0.00092500000000000015 0.57343350000000004
decision_type=10 2 8 2
left_child=1 3 -3 -1
right_child=-2 2 -4 -5
leaf_value=-0.037532795172032875 0.04463328180685653 -0.019749210524418383 0.012928001845311468 0
leaf_weight=35.587932016700506 20.424850523471832 37.213740080595016 67.07812749966979 2.1639494299888602
leaf_count=292 45 177 455 12
internal_value=-0.00142894 -0.00904536 0.000762225 -0.0349371
internal_weight=162.469 142.044 104.292 37.7519
internal_count=981 936 632 304
is_linear=0
shrinkage=0.03


Tree=9
num_leaves=7
num_cat=0
split_feature=4 25 2 21 19 16
split_gain=56.6394 30.6314 12.8721 11.9587 11.2179 2.10159
threshold=1.0000000180025095e-35 0.38018800000000003 0.47222200000000009 0.28401800000000005 0.24869850000000002 0.22824100000000003
decision_type=10 2 10 8 10 10
left_child=1 3 -3 -1 -2 -6
right_child=4 2 -4 -5 5 -7
leaf_value=-0.026131274096204884 0.039707330557464081 0.023769622421405477 -0.012206468383406185 -0.0026626337334381151 0.0094178042906682604 -0.014883308941501564
leaf_weight=60.056827813386917 28.360423341393471 25.952710267156363 9.5196152925491315 33.799106262624264 3.749218448996543 2.8362571150064468
leaf_count=303 70 156 44 378 12 15
internal_value=0 -0.00937338 0.0131361 -0.0183338 0.0322021 0
internal_weight=164.274 129.328 35.4723 93.8559 34.9459 6.58548
internal_count=978 881 200 681 97 27
is_linear=0
shrinkage=0.03


Tree=10
num_leaves=7
num_cat=0
split_feature=4 25 23 21 23 18
split_gain=49.3135 34.3376 20.6952 11.7426 10.4763 2.37888
threshold=1.0000000180025095e-35 0.23167300000000005 0.73287700000000011 0.00092500000000000015 0.0078600000000000024 0.15759200000000004
decision_type=10 2 10 8 8 10
left_child=1 4 -2 -3 -1 -4
right_child=2 3 5 -5 -6 -7
leaf_value=-0.034268140776520226 0.042688962782044974 -0.0057265280719979664 0.0016835521200023727 0.020212827482806225 -0.0095927886332669698 -0.023371128052188241
leaf_weight=28.49827729165554 27.236084491014481 22.610865458846092 2.8548842519521704 34.765199244022369 47.047441456466913 2.8965010941028595
leaf_count=155 64 99 10 237 407 17
internal_value=0.000947221 -0.00715707 0.0323111 0.0097171 -0.0202364 -0.0111926
internal_weight=165.909 132.922 32.9875 57.3761 75.5457 5.75139
internal_count=989 898 91 336 562 27
is_linear=0
shrinkage=0.03


Tree=11
num_leaves=7
num_cat=0
split_feature=24 19 19 20 25 25
split_gain=51.1842 28.0114 19.0628 8.34922 6.42992 1.03417
threshold=0.84578900000000012 0.0041160000000000007 0.57113900000000017 0.14446400000000001 0.21754000000000004 0.25772800000000001
decision_type=2 8 10 8 2 2
left_child=3 5 -3 4 -1 -2
right_child=1 2 -4 -5 -6 -7
leaf_value=-0.019511415158866036 -0.03647438979732788 0.017809260722646957 -0.023651759431536527 -0.036308091481638043 0.018869789648860075 0
leaf_weight=5.7688490748405439 7.7886285036802274 102.70398566499352 7.8425770699977866 29.570434547960758 3.9029710292816162 2.280726820230484
leaf_count=31 46 563 41 266 11 10
internal_value=-0.000283518 0.00928062 0.0140565 -0.0289616 -0.00085505 -0.0320469
internal_weight=159.858 120.616 110.547 39.2423 9.67182 10.0694
internal_count=968 660 604 308 42 56
is_linear=0
shrinkage=0.03


Tree=12
num_leaves=7
num_cat=0
split_feature=4 24 18 23 22 24
split_gain=50.1339 27.7395 27.8493 18.0762 6.47832 1.77248
threshold=1.0000000180025095e-35 0.85325150000000016 0.12623800000000004 0.73287700000000011 0.13270100000000004 0.90991250000000012
decision_type=10 2 8 10 10 2
left_child=1 4 -3 -2 -1 -5
right_child=3 2 -4 5 -6 -7
leaf_value=-0.031139536613138352 0.041171216595862072 -0.020767201150182883 0.013629296306469188 -0.021686251050519807 0.0015141412347328036 0.00035986462184125486
leaf_weight=39.239806424826384 26.527561798691753 30.060237690806389 55.580767445266247 2.7146400511264792 3.9966808408498755 2.0482536256313324
leaf_count=329 63 145 409 16 15 7
internal_value=-0.000240947 -0.00881794 0.000923343 0.0318915 -0.0275699 -0.0118657
internal_weight=160.168 128.877 85.641 31.2905 43.2365 4.76289
internal_count=984 898 554 86 344 23
is_linear=0
shrinkage=0.03


Tree=13
num_leaves=5
num_cat=0
split_feature=3 25 21 23
split_gain=55.2646 27.5301 13.5197 11.5206
threshold=1.5000000000000002 0.28514000000000006 1.0000000180025095e-35 1.0000000180025095e-35
decision_type=10 2 8 8
left_child=1 3 -3 -1
right_child=-2 2 -4 -5
leaf_value=-0.029625667381402827 0.041901661161668373 -0.0078007979041545784 0.021281756555583724 -0.0068897095560827518
leaf_weight=35.045866414904594 21.558231085538864 20.042875826358795 32.879656787961721 57.861122995615005
leaf_count=187 49 89 206 474
internal_value=3.76221e-05 -0.00666951 0.00990351 -0.0164373
internal_weight=167.388 145.83 52.9225 92.907
internal_count=1005 956 295 661
is_linear=0
shrinkage=0.03


Tree=14
num_leaves=5
num_cat=0
split_feature=19 19 23 22
split_gain=32.7745 23.3054 21.228 1.94658
threshold=0.50499100000000008 0.0013750000000000001 0.71218550000000014 0.11148500000000001
decision_type=10 8 8 10
left_child=1 -1 -3 -2
right_child=3 2 -4 -5
leaf_value=-0.033756730670831653 -0.037425209446468564 0.020239454363568461 -0.0030642982771349283 0
leaf_weight=9.6906219422817212 16.916388705372814 66.148331090807915 66.4103545807302 2.063583403825759
leaf_count=56 99 218 611 9
internal_value=-0.000180327 0.00480854 0.0085338 -0.0344883
internal_weight=161.229 142.249 132.559 18.98
internal_count=993 885 829 108
is_linear=0
shrinkage=0.03


Tree=15
num_leaves=5
num_cat=0
split_feature=3 2 2 9
split_gain=50.1025 29.5342 18.294 13.9561
threshold=1.5000000000000002 0.47222200000000009 1.0000000180025095e-35 8.0951295000000005
decision_type=10 10 10 10
left_child=1 2 -1 -3
right_child=-2 3 -4 -5
leaf_value=-0.0051776764978790531 0.040649815758496001 -0.032905011247350631 0.023758503245052593 0.016965697793874971
leaf_weight=71.400248736143112 20.407095462083817 37.029601395130157 23.459514856338501 3.0741836726665488
leaf_count=610 47 201 73 8
internal_value=0 -0.00681849 0.00218086 -0.0274714
internal_weight=155.371 134.964 94.8598 40.1038
internal_count=939 892 683 209
is_linear=0
shrinkage=0.03


Tree=16
num_leaves=7
num_cat=0
split_feature=24 3 22 4 15 24
split_gain=54.7811 31.1624 22.4461 4.24975 2.95487 2.50761
threshold=0.84578900000000012 1.0000000180025095e-35 0.020809000000000005 1.0000000180025095e-35 0.32105100000000003 0.8824915000000001
decision_type=2 10 8 10 10 2
left_child=3 2 -2 4 -1 -3
right_child=1 5 -4 -5 -6 -7
leaf_value=-0.036301164524458314 -0.018003308357256477 0 0.011812822836439481 0 -0.0052791446526149746 0.039512023479934009
leaf_weight=28.310582641512156 30.444999322295189 2.1447404772043255 66.703374594449997 2.1809480637311927 6.9054797589778891 25.373880863189697
leaf_count=267 148 8 461 8 33 61
internal_value=0.000811908 0.0106055 0.0019099 -0.0294566 -0.031895 0.0371152
internal_weight=162.064 124.667 97.1484 37.397 35.2161 27.5186
internal_count=986 678 609 308 300 69
is_linear=0
shrinkage=0.03


Tree=17
num_leaves=6
num_cat=0
split_feature=3 24 21 15 24
split_gain=42.8755 24.9771 19.9419 4.77898 4.69485
threshold=1.0000000180025095e-35 0.84578900000000012 0.00092500000000000015 0.32105100000000003 0.86347050000000014
decision_type=10 2 8 10 2
left_child=1 3 -3 -1 -2
right_child=4 2 -4 -5 -6
leaf_value=-0.031465810473947808 0 -0.015656111480890578 0.011264266007986161 0 0.036984940887202521
leaf_weight=31.395302902907133 3.4655417799949673 37.074895918369293 61.39160056039691 6.9907149374485007 22.950015068054199
leaf_count=280 14 177 430 32 57
internal_value=-0.000136379 -0.00723455 0.000669256 -0.0268129 0.032605
internal_weight=163.268 136.853 98.4665 38.386 26.4156
internal_count=990 919 607 312 71
is_linear=0
shrinkage=0.03


Tree=18
num_leaves=5
num_cat=0
split_feature=3 25 19 23
split_gain=43.0832 26.509 10.7571 6.35861
threshold=1.5000000000000002 0.43704550000000003 0.27263750000000003 0.57592050000000017
decision_type=10 2 10 10
left_child=1 2 -1 -3
right_child=-2 3 -4 -5
leaf_value=-0.0074579244182794808 0.038217969966613613 0.01940932204020451 -0.029020743673633408 -0.010089809496662799
leaf_weight=75.002943109720945 18.483295261859894 30.272336594760418 31.722347974777222 4.7507411539554587
leaf_count=592 44 164 175 23
internal_value=-0.00122997 -0.00726653 -0.0147588 0.0141385
internal_weight=160.232 141.748 106.725 35.0231
internal_count=998 954 767 187
is_linear=0
shrinkage=0.03


Tree=19
num_leaves=7
num_cat=0
split_feature=24 15 24 20 24 19
split_gain=38.2472 20.8782 14.7127 11.4094 8.22776 4.73964
threshold=0.84578900000000012 1.0000000180025095e-35 0.91217050000000011 0.21748450000000003 0.97283200000000003 0.28712300000000007
decision_type=2 8 2 8 2 10
left_child=3 4 -3 5 -2 -1
right_child=1 2 -4 -5 -6 -7
leaf_value=0.011315362740541863 -0.023886812184743932 0.0037806544914852705 0.027425058409149359 -0.034317338700587972 0.017536354958404471 -0.020790402125620926
leaf_weight=8.809989392757414 18.580956697463993 59.825688190758228 42.051823876798153 27.081178791821003 2.226030319929122 3.3704108297824851
leaf_count=32 98 360 211 259 5 21
internal_value=0.000109741 0.00858671 0.0143317 -0.0243984 -0.0165437 0
internal_weight=161.946 122.684 101.878 39.2616 20.807 12.1804
internal_count=986 674 571 312 103 53
is_linear=0
shrinkage=0.03


Tree=20
num_leaves=5
num_cat=0
split_feature=3 19 19 21
split_gain=41.407 20.8579 12.2415 2.91446
threshold=1.5000000000000002 0.5363880000000002 0.00032450000000000008 0.019523500000000003
decision_type=10 10 8 10
left_child=1 2 -1 -3
right_child=-2 3 -4 -5
leaf_value=-0.030422832207841512 0.037822524805642153 -0.036959904043369109 0.0014905826621931623 0
leaf_weight=8.8393200784921628 19.040012985467911 16.725494414567951 112.98629886657 1.5753509253263462
leaf_count=52 46 103 778 6
internal_value=-0.000268101 -0.00633765 -0.00126015 -0.0337915
internal_weight=159.166 140.126 121.826 18.3008
internal_count=985 939 830 109
is_linear=0
shrinkage=0.03


Tree=21
num_leaves=7
num_cat=0
split_feature=4 25 23 2 2 19
split_gain=35.5246 25.4793 14.6921 7.23751 6.64226 1.71744
threshold=1.0000000180025095e-35 0.38018800000000003 0.71218550000000014 0.32575750000000009 0.32575750000000009 0.19561400000000004
decision_type=10 2 10 10 10 10
left_child=1 3 -2 -1 -3 -4
right_child=2 4 5 -5 -6 -7
leaf_value=-0.0079281253791256157 0.036648882827215526 0.021093825725904465 0.00055118867422200503 -0.027196436531312724 -0.002121713079847896 -0.020436767929628657
leaf_weight=58.318049658089876 25.588805601000789 24.833683185279369 2.7906231731176367 30.989422917366028 14.031721875071524 2.5304671376943588
leaf_count=501 65 158 10 172 60 15
internal_value=0.000113329 -0.00678148 0.027659 -0.0156058 0.0124442 -0.00959407
internal_weight=159.083 128.173 30.9099 89.3075 38.8654 5.32109
internal_count=981 891 90 673 218 25
is_linear=0
shrinkage=0.03


Tree=22
num_leaves=7
num_cat=0
split_feature=4 21 5 20 18 20
split_gain=28.4844 16.0842 10.4987 8.78268 7.22173 0.686013
threshold=1.0000000180025095e-35 0.11378600000000001 1.0000000180025095e-35 0.25015000000000004 0.072731000000000018 0.41260650000000004
decision_type=10 8 10 10 10 10
left_child=1 4 -3 -2 -1 -5
right_child=3 2 -4 5 -6 -7
leaf_value=-0.02684378920689727 0.031736774999861606 -8.6406233425335524e-05 0.031559742009020904 -0.012581022443660076 -0.0060853154753944408 0
leaf_weight=28.005198642611504 25.21614953875542 46.976441241800785 8.2646113187074643 2.4368470907211295 43.968540698289871 1.9780336320400236
leaf_count=152 69 513 20 13 202 7
internal_value=0 -0.00612008 0.00551484 0.0252223 -0.0153136 -0.00572637
internal_weight=156.846 127.215 55.2411 29.631 71.9737 4.41488
internal_count=976 887 533 89 354 20
is_linear=0
shrinkage=0.03


Tree=23
num_leaves=6
num_cat=0
split_feature=4 19 19 23 19
split_gain=31.5483 17.2168 16.7752 14.9587 1.93273
threshold=1.0000000180025095e-35 0.56118850000000009 0.005497000000000001 0.73287700000000011 0.18328200000000003
decision_type=10 10 8 10 10
left_child=1 2 -1 -2 -5
right_child=3 -3 -4 4 -6
leaf_value=-0.035299573232803007 0.034293640000656593 -0.036655953915691077 0.0010211077652338614 0.00028580951406700992 -0.021983289311780146
leaf_weight=9.7325335144996625 25.811844006180767 13.008264094591139 100.06608469411731 2.7799023240804663 2.8590379506349564
leaf_count=60 68 83 731 10 17
internal_value=-0.000254967 -0.00740031 -0.0027856 0.0249897 -0.0112455
internal_weight=154.258 122.807 109.799 31.4508 5.63894
internal_count=969 874 791 95 27
is_linear=0
shrinkage=0.03


Tree=24
num_leaves=7
num_cat=0
split_feature=24 25 23 24 20 25
split_gain=34.9908 21.2267 12.0321 8.13884 7.9894 3.71653
threshold=0.84578900000000012 0.28514000000000006 0.00089200000000000011 0.91259650000000014 0.14446400000000001 0.087858000000000019
decision_type=2 2 10 2 8 2
left_child=4 2 -2 -3 5 -1
right_child=1 3 -4 -5 -6 -7
leaf_value=-0.016571016245657322 -0.012389587252336555 0.0063634013270854961 0.01144051686857038 0.03259462864050295 -0.030923521305840092 0.012542845314076873
leaf_weight=4.0076770633459073 43.416248798370361 24.200577225536108 28.688604652881622 27.705883350223303 29.359119415283203 6.0296923071146011
leaf_count=23 348 132 104 110 281 21
internal_value=0 0.00780553 -0.00243052 0.021927 -0.02367 0
internal_weight=163.408 124.011 72.1049 51.9065 39.3965 10.0374
internal_count=1019 694 452 242 325 44
is_linear=0
shrinkage=0.03


Tree=25
num_leaves=5
num_cat=0
split_feature=3 24 22 25
split_gain=34.2451 21.8404 16.9692 4.36808
threshold=1.5000000000000002 0.85325150000000016 0.0022595000000000007 0.57343350000000004
decision_type=10 2 8 2
left_child=1 3 -3 -1
right_child=-2 2 -4 -5
leaf_value=-0.025409089678228296 0.035667766271323439 -0.015163806617061478 0.010968166695903073 0.0027731512812724343
leaf_weight=38.077553812414408 18.381621241569519 29.319733291864395 67.521143849939108 2.8773017674684516
leaf_count=323 47 145 448 16
internal_value=0.000116773 -0.00507151 0.00253801 -0.0226925
internal_weight=156.177 137.796 96.8409 40.9549
internal_count=979 932 593 339
is_linear=0
shrinkage=0.03


Tree=26
num_leaves=7
num_cat=0
split_feature=25 21 21 7 19 15
split_gain=28.887 15.5747 10.1886 7.80451 4.58461 1.45601
threshold=0.28514000000000006 0.032134000000000003 1.0000000180025095e-35 17.510375000000007 0.37988950000000005 0.012924500000000002
decision_type=2 10 8 10 10 8
left_child=1 3 4 -1 -2 -4
right_child=2 -3 5 -5 -6 -7
leaf_value=-0.017633435377078142 0.0072393485921528359 0.014818398885332356 0 0.015184982614913895 -0.018922374019802127 0.024942071700017488
leaf_weight=78.558679603040218 16.325646340847019 15.419701337814329 1.5054099857807148 3.8482603430747977 5.6950676143169394 39.655428592115641
leaf_count=629 62 52 6 11 32 224
internal_value=0 -0.0099301 0.0155758 -0.0152701 0 0.0239003
internal_weight=161.008 97.8266 63.1816 82.4069 22.0207 41.1608
internal_count=1016 692 324 640 94 230
is_linear=0
shrinkage=0.03


Tree=27
num_leaves=5
num_cat=0
split_feature=3 19 19 22
split_gain=27.3721 17.4402 10.7768 2.14016
threshold=1.5000000000000002 0.50499100000000008 0.00032450000000000008 0.11148500000000001
decision_type=10 10 8 10
left_child=1 2 -1 -3
right_child=-2 3 -4 -5
leaf_value=-0.027814935281853415 0.034054453975996948 -0.032582957594922364 0.0025835885404433393 0
leaf_weight=8.5291274189949018 15.702512741088865 16.373468637466434 113.75778103992343 2.0205020010471335
leaf_count=52 41 103 785 9
internal_value=0 -0.00452774 0 -0.0295187
internal_weight=156.383 140.681 122.287 18.394
internal_count=990 949 837 112
is_linear=0
shrinkage=0.03


Tree=28
num_leaves=7
num_cat=0
split_feature=24 19 24 19 17 17
split_gain=29.9395 17.5096 14.7206 11.898 2.89811 1.70642
threshold=0.8605735000000001 0.0041160000000000007 0.91217050000000011 0.24434850000000002 0.43631700000000001 0.069276000000000018
decision_type=2 8 2 8 10 8
left_child=3 -2 -3 4 -1 -5
right_child=1 2 -4 5 -6 -7
leaf_value=0.0091550513222457969 -0.025058336347034072 0.0015311361487109344 0.025418636006644464 0 -0.016045718028256259 -0.030325102511583657
leaf_weight=12.367562577128409 8.9330729544162732 53.025201998651028 43.467704650014639 2.2981720715761176 2.2769569009542456 30.177845530211926
leaf_count=48 53 317 224 11 14 300
internal_value=0 0.00892687 0.0130354 -0.0191108 0.00147458 -0.0285788
internal_weight=152.547 105.426 96.4929 47.1205 14.6445 32.476
internal_count=967 594 541 373 62 311
is_linear=0
shrinkage=0.03


Tree=29
num_leaves=5
num_cat=0
split_feature=3 24 25 19
split_gain=28.9978 19.2184 15.7061 2.97449
threshold=1.5000000000000002 0.82064700000000002 0.43008200000000002 0.13086600000000004
decision_type=10 2 2 8
left_child=1 3 -3 -1
right_child=-2 2 -4 -5
leaf_value=0 0.033939189022026112 -0.0065312599266375837 0.017361331952504531 -0.031813194575106875
leaf_weight=1.8742826730012918 16.521980345249176 86.926244378089905 31.170318264514208 20.307894706726074
leaf_count=8 44 602 161 187
internal_value=-0.000170305 -0.0050236 0 -0.0288174
internal_weight=156.801 140.279 118.097 22.1822
internal_count=1002 958 763 195
is_linear=0
shrinkage=0.03


Tree=30
num_leaves=7
num_cat=0
split_feature=24 21 24 15 20 24
split_gain=29.7753 15.8076 12.1124 4.6375 3.05564 3.00307
threshold=0.84578900000000012 0.11378600000000001 0.93767700000000009 0.32105100000000003 0.014133500000000002 0.80843500000000013
decision_type=2 10 2 10 8 2
left_child=3 2 -2 4 -1 -5
right_child=1 -3 -4 5 -6 -7
leaf_value=0 -0.0049961987410024021 0.028445147957737688 0.017411710067406525 -0.014096474340131622 -0.03015276832767487 0.015025477641536059
leaf_weight=1.4119875580072427 72.236353192478418 21.615184679627419 27.230013139545918 3.751348912715911 27.679090496152639 3.029273733496666
leaf_count=5 484 62 146 22 269 10
internal_value=-0.000138741 0.00685552 0.00117561 -0.023226 -0.0279909 0
internal_weight=156.953 121.082 99.4664 35.8717 29.0911 6.78062
internal_count=998 692 630 306 274 32
is_linear=0
shrinkage=0.03


Tree=31
num_leaves=7
num_cat=0
split_feature=24 3 22 15 24 25
split_gain=32.4891 16.1431 15.8713 4.87513 3.90213 2.36372
threshold=0.84578900000000012 1.0000000180025095e-35 0.020809000000000005 0.32105100000000003 0.79360300000000017 0.57343350000000004
decision_type=2 10 8 10 2 2
left_child=3 2 -2 5 -5 -1
right_child=1 -3 -4 4 -6 -7
leaf_value=-0.031508993665940822 -0.014502204737844358 0.028837744922984562 0.010184915490267118 -0.018697431003581299 0.01432328917774432 0
leaf_weight=26.830458600074056 33.039455413818359 21.695282265543938 63.032074887305498 2.968854919075965 3.9470701962709427 1.4368693716824044
leaf_count=270 164 63 443 19 14 9
internal_value=-0.000302372 0.00713802 0.00121003 -0.0245969 0 -0.0296505
internal_weight=152.95 117.767 96.0715 35.1833 6.91593 28.2673
internal_count=982 670 607 312 33 279
is_linear=0
shrinkage=0.03


Tree=32
num_leaves=7
num_cat=0
split_feature=24 19 19 20 20 22
split_gain=23.8777 15.1079 16.1743 7.83333 4.68047 2.61127
threshold=0.85325150000000016 0.0013750000000000001 0.57113900000000017 0.13754000000000002 0.10929300000000002 0.13270100000000004
decision_type=2 8 10 8 10 10
left_child=3 -2 -3 4 -1 -5
right_child=1 2 -4 5 -6 -7
leaf_value=-0.010182724827638665 -0.024090270701261549 0.014647261048607738 -0.028130686547966077 -0.027424311070028878 0.02169220668594889 0
leaf_weight=6.9002951681613904 8.8072249144315702 96.363875202834606 5.4569665491580954 29.13357745110989 3.8154732584953308 1.5731961131095875
leaf_count=36 53 541 34 296 10 6
internal_value=0.000209936 0.00768357 0.0113289 -0.0182457 0.00124169 -0.0254414
internal_weight=152.051 110.628 101.821 41.4225 10.7158 30.7068
internal_count=976 628 575 348 46 302
is_linear=0
shrinkage=0.03


Tree=33
num_leaves=7
num_cat=0
split_feature=4 25 18 19 17 22
split_gain=22.7695 16.2185 8.25523 4.20659 3.83518 2.1365
threshold=1.0000000180025095e-35 0.39161050000000003 0.088269500000000015 0.5363880000000002 0.18977850000000004 0.072334000000000009
decision_type=10 2 8 10 10 10
left_child=1 2 -1 -3 -2 -6
right_child=4 3 -4 -5 5 -7
leaf_value=-0.025419166060091678 0.028451227607303498 0.015096446123720245 -0.0049503872151103381 -0.013721254072080632 -0.010859970183068435 0.014396097902814365
leaf_weight=25.534652575850487 22.697407588362697 31.852987956255674 66.663160793483257 1.7855767309665669 3.4313373416662207 2.6181187331676483
leaf_count=147 67 183 567 11 17 7
internal_value=0.00045984 -0.00496517 -0.0115568 0.0117497 0.0233774 0
internal_weight=154.583 125.836 92.1978 33.6386 28.7469 6.04946
internal_count=999 908 714 194 91 24
is_linear=0
shrinkage=0.03


Tree=34
num_leaves=7
num_cat=0
split_feature=24 25 19 15 24 24
split_gain=26.8722 15.2081 7.56905 6.62511 5.8085 3.01757
threshold=0.84578900000000012 0.28514000000000006 0.0013750000000000001 0.32105100000000003 0.91259650000000014 0.80843500000000013
decision_type=2 2 8 10 2 2
left_child=3 2 -2 -1 -3 -5
right_child=1 4 -4 5 -6 -7
leaf_value=-0.026913095396325363 -0.024380388959798781 0.0068823964667719742 0.0028314009371872249 -0.010979726801836606 0.029823112365024031 0.017477939382310032
leaf_weight=27.513996578752995 7.5935250818729392 25.018325883895159 63.833654023706913 3.239133045077323 26.098012611269951 3.5057891011238098
leaf_count=275 48 138 402 19 108 11
internal_value=0.00134893 0.0081373 -0.000524558 -0.0208278 0.0201534 0.00156018
internal_weight=156.802 122.544 71.4272 34.2589 51.1163 6.74492
internal_count=1001 696 450 305 246 30
is_linear=0
shrinkage=0.03


Tree=35
num_leaves=7
num_cat=0
split_feature=4 25 20 2 19 17
split_gain=22.6052 20.5484 8.23234 7.97939 3.20059 0.576536
threshold=1.0000000180025095e-35 0.43008200000000002 0.25015000000000004 0.47222200000000009 0.37988950000000005 0.21670500000000004
decision_type=10 2 10 10 10 10
left_child=1 3 5 -1 -3 -2
right_child=2 4 -4 -5 -6 -7
leaf_value=-0.0043304680760707093 0.034679247178071387 0.018549433897069832 -0.0062439352135614332 -0.023369801793188576 -0.0036439075587272446 0.0066929635730259779
leaf_weight=63.848066177219152 18.103322669863708 28.610155142843723 4.0596644878387442 31.300406381487846 3.4970334768295279 5.423451989889144
leaf_count=555 49 164 19 184 17 19
internal_value=0.000986707 -0.00428696 0.0243292 -0.0114223 0.0151728 0.0308453
internal_weight=154.842 127.256 27.5864 95.1485 32.1072 23.5268
internal_count=1007 920 87 739 181 68
is_linear=0
shrinkage=0.03


Tree=36
num_leaves=7
num_cat=0
split_feature=4 21 16 21 13 21
split_gain=20.5858 12.1307 6.68555 4.92728 3.21595 3.0827
threshold=1.0000000180025095e-35 0.00092500000000000015 0.22656400000000002 0.11378600000000001 1.0000000180025095e-35 0.045361000000000005
decision_type=10 8 10 10 10 10
left_child=1 4 -2 -3 -1 -4
right_child=2 3 5 -5 -6 -7
leaf_value=-0.018474268673106996 0.029697018407198416 -0.0015005111968701946 -0.016156611241030586 0.016691816350901983 0.0042679371905289714 0.01367469561006401
leaf_weight=47.750608965754509 20.435454532504085 63.101920783519745 3.8265022933483115 13.306364715099333 2.8504781275987616 2.3384171426296234
leaf_count=264 60 600 20 43 10 6
internal_value=-0.000133731 -0.00545818 0.0222521 0.00180077 -0.0164663 -0.000795633
internal_weight=153.61 127.009 26.6004 76.4083 50.6011 6.16492
internal_count=1003 917 86 643 274 26
is_linear=0
shrinkage=0.03


Tree=37
num_leaves=6
num_cat=0
split_feature=24 15 19 24 15
split_gain=23.5305 17.5522 8.73939 4.93089 0.650109
threshold=0.82064700000000002 1.0000000180025095e-35 0.50499100000000008 0.95694350000000006 0.40788000000000008
decision_type=2 8 8 2 10
left_child=4 3 -3 -2 -1
right_child=1 2 -4 -5 -6
leaf_value=-0.029891636773241435 -0.026093312943882223 0.016381067895463907 -0.00011252684116841644 0.0023360695789467053 0
leaf_weight=17.742433000355962 15.281033024191858 67.210684508085251 43.051494061946869 4.6057808846235266 1.369924560189246
leaf_count=178 92 237 428 20 7
internal_value=0 0.00492455 0.00984392 -0.0187551 -0.0284902
internal_weight=149.261 130.149 110.262 19.8868 19.1124
internal_count=962 777 665 112 185
is_linear=0
shrinkage=0.03


Tree=38
num_leaves=5
num_cat=0
split_feature=3 24 22 22
split_gain=23.3672 15.3735 9.73347 1.56379
threshold=1.5000000000000002 0.84578900000000012 0.040437500000000008 0.13270100000000004
decision_type=10 2 8 10
left_child=1 3 -3 -1
right_child=-2 2 -4 -5
leaf_value=-0.022162134292728945 0.031876264200081009 -0.0084345341151451821 0.0098128922459718923 0
leaf_weight=31.351372878998518 15.743318676948546 41.928994849324226 58.622641004621983 1.8855072408914555
leaf_count=296 46 197 436 8
internal_value=0.000292507 -0.00382233 0.00189028 -0.0206583
internal_weight=149.532 133.789 100.552 33.2369
internal_count=983 937 633 304
is_linear=0
shrinkage=0.03


Tree=39
num_leaves=6
num_cat=0
split_feature=24 20 20 17 19
split_gain=23.3874 14.491 12.0285 4.46467 2.1118
threshold=0.84578900000000012 1.0000000180025095e-35 0.2692235 0.17076000000000005 0.35434400000000005
decision_type=2 8 8 8 10
left_child=3 -2 -3 4 -1
right_child=1 2 -4 -5 -6
leaf_value=0.0098591607552639543 -0.02807738315639928 0.01885135348324005 -0.00040581471216131327 -0.026401325938229855 -0.014243304004684175
leaf_weight=4.8428350985050193 6.7618632018566123 56.53767117857933 51.245518989861012 25.795987959951162 2.61077930778265
leaf_count=18 45 196 424 261 19
internal_value=0 0.0065189 0.00966168 -0.0210442 0
internal_weight=147.795 114.545 107.783 33.2496 7.45361
internal_count=963 665 620 298 37
is_linear=0
shrinkage=0.03


Tree=40
num_leaves=7
num_cat=0
split_feature=21 7 23 23 25 22
split_gain=24.7375 10.5694 8.86273 7.81872 5.99037 1.31099
threshold=0.045361000000000005 7.953488000000001 0.71218550000000014 0.0020485000000000004 0.39161050000000003 0.025934500000000003
decision_type=10 8 8 10 2 10
left_child=1 4 -3 -2 -1 -5
right_child=3 2 -4 5 -6 -7
leaf_value=-0.020056377435145729 -0.0062989348023709639 0.022146212590426234 -0.0035377103846677416 0 0 0.032739365881191994
leaf_weight=45.180259883403778 3.8239524364471462 12.795005038380621 44.972987860441208 2.5800134092569378 16.334820479154587 20.663146734237671
leaf_count=264 18 40 518 10 68 57
internal_value=-0.000108893 -0.00629634 0.0024698 0.0240686 -0.0147256 0.0303567
internal_weight=146.35 119.283 57.768 27.0671 61.5151 23.2432
internal_count=975 890 558 85 332 67
is_linear=0
shrinkage=0.03


Tree=41
num_leaves=5
num_cat=0
split_feature=3 19 19 22
split_gain=21.675 12.8037 7.13441 2.41577
threshold=1.5000000000000002 0.5363880000000002 0.00032450000000000008 0.11148500000000001
decision_type=10 10 8 10
left_child=1 2 -1 -3
right_child=-2 3 -4 -5
leaf_value=-0.022596501603669921 0.030848313431875586 -0.031015223432086285 0.0017561434072759438 0
leaf_weight=8.9027034491300565 15.044753134250639 13.656064406037329 111.95604936778545 1.6132407337427128
leaf_count=57 46 96 791 7
internal_value=0 -0.00409741 -0.000299374 -0.0275317
internal_weight=151.173 136.128 120.859 15.2693
internal_count=997 951 848 103
is_linear=0
shrinkage=0.03


Tree=42
num_leaves=7
num_cat=0
split_feature=21 24 20 23 2 15
split_gain=21.9874 21.1203 9.1749 8.10432 4.15317 1.7591
threshold=0.040835500000000004 0.91217050000000011 1.0000000180025095e-35 1.0000000180025095e-35 0.41428550000000003 0.044931000000000006
decision_type=10 2 8 10 10 10
left_child=1 4 -3 -2 -1 -5
right_child=3 2 -4 5 -6 -7
leaf_value=-0.0086604434984966262 -0.0092092011208610002 -0.018232238619428204 0.016613696870397928 0.00068455288829338769 -0.02534146324478127 0.031074222733308517
leaf_weight=55.664613123983145 3.6582443416118648 4.8946293890476218 35.619217988103628 4.218162119388583 24.645590305328369 21.50677128136158
leaf_count=495 18 32 210 16 154 61
internal_value=-3.79688e-05 -0.00598406 0.0107476 0.0217753 -0.0148678 0.0277275
internal_weight=150.207 120.824 40.5138 29.3832 80.3102 25.7249
internal_count=986 891 242 95 649 77
is_linear=0
shrinkage=0.03


Tree=43
num_leaves=7
num_cat=0
split_feature=24 19 2 2 19 20
split_gain=18.2983 17.8722 12.6602 6.08669 4.73552 2.05806
threshold=0.91217050000000011 0.0041160000000000007 0.47222200000000009 1.0000000180025095e-35 0.38322950000000006 0.42865800000000004
decision_type=2 8 8 8 10 10
left_child=2 -2 3 -1 -4 -3
right_child=1 5 4 -5 -6 -7
leaf_value=-0.0039810918309702743 -0.020936042505198524 0.023705970706852889 -0.0095140754856664657 0.016500067012236649 -0.032435402375867145 0
leaf_weight=30.697524189949036 7.4261183291673651 40.455978941172361 39.391289837658405 17.23797444999218 12.842982001602648 1.9943158328533162
leaf_count=144 47 219 422 59 95 9
internal_value=0 0.0144586 -0.00724449 0.00333314 -0.0171485 0.0222836
internal_weight=150.046 49.8764 100.17 47.9355 52.2343 42.4503
internal_count=995 275 720 203 517 228
is_linear=0
shrinkage=0.03


Tree=44
num_leaves=5
num_cat=0
split_feature=3 2 2 9
split_gain=18.9201 15.7555 17.3271 10.9073
threshold=1.5000000000000002 0.47222200000000009 1.0000000180025095e-35 7.9813810000000007
decision_type=10 10 10 10
left_child=1 2 -1 -3
right_child=-2 3 -4 -5
leaf_value=-0.0039118681065908384 0.030072333548328507 -0.024267860028403428 0.024981650215601555 0.013543997419318809
leaf_weight=71.658020090311766 13.804867118597029 36.800035923719406 21.575718238949776 5.1908423602581015
leaf_count=642 43 222 67 16
internal_value=0 -0.00363926 0.00303313 -0.0183354
internal_weight=149.029 135.225 93.2337 41.9909
internal_count=990 947 709 238
is_linear=0
shrinkage=0.03


Tree=45
num_leaves=4
num_cat=0
split_feature=3 19 24
split_gain=19.7125 14.374 11.2643
threshold=1.5000000000000002 0.5363880000000002 0.79360300000000017
decision_type=10 10 2
left_child=1 2 -1
right_child=-2 -3 -4
leaf_value=-0.029608871739469838 0.029690644480785358 -0.030860086758177613 0.0016294016586132218
leaf_weight=8.3530652113258821 13.530586540699003 13.950452663004397 111.09018786251545
leaf_count=96 43 102 751
internal_value=-0.00101746 -0.00493678 -0.00098211
internal_weight=146.924 133.394 119.443
internal_count=992 949 847
is_linear=0
shrinkage=0.03


Tree=46
num_leaves=7
num_cat=0
split_feature=24 21 20 20 20 20
split_gain=15.4799 13.8104 12.1735 8.42883 3.30741 0.5344
threshold=0.91217050000000011 0.10762700000000001 1.0000000180025095e-35 0.15918700000000002 0.45587550000000004 0.062783000000000019
decision_type=2 10 8 10 10 10
left_child=1 3 -2 -1 -4 -3
right_child=2 5 4 -5 -6 -7
leaf_value=-0.002339031057605666 -0.017752937799530546 0 0.021856605252105966 -0.022096301842247697 -0.0026539716938581929 0.021762605473019222
leaf_weight=50.887355722486973 6.1263413429260245 3.3699658662080756 40.7646977417171 34.095033444464207 2.5141011178493491 9.9817529171705228
leaf_count=468 40 13 216 208 13 30
internal_value=0.000322448 -0.00632846 0.0137371 -0.0110898 0.0197048 0.0186169
internal_weight=147.739 98.3341 49.4051 84.9824 43.2788 13.3517
internal_count=988 719 269 676 229 43
is_linear=0
shrinkage=0.03


Tree=47
num_leaves=5
num_cat=0
split_feature=3 25 2 18
split_gain=17.8811 12.6638 9.72114 5.33805
threshold=1.5000000000000002 0.16783150000000002 0.47222200000000009 0.18290500000000001
decision_type=10 2 10 8
left_child=1 3 -3 -1
right_child=-2 2 -4 -5
leaf_value=-0.024858675588659424 0.029208578744973283 0.012947151122605974 -0.009656238416033627 -0.0051499518141954461
leaf_weight=22.973656944930553 13.183625012636183 42.766112629324198 23.318762741982937 37.472463700920343
leaf_count=140 43 306 122 342
internal_value=-0.000301306 -0.0042129 0.00446408 -0.0139347
internal_weight=139.715 126.531 66.0849 60.4461
internal_count=953 910 428 482
is_linear=0
shrinkage=0.03


Tree=48
num_leaves=7
num_cat=0
split_feature=20 22 20 19 23 18
split_gain=16.2477 12.7702 7.06146 3.8602 2.83346 2.24586
threshold=0.47688400000000003 0.040437500000000008 1.0000000180025095e-35 0.018760000000000002 0.57592050000000017 0.62861450000000008
decision_type=10 10 8 10 10 10
left_child=1 2 -1 -2 -3 -5
right_child=3 4 -4 5 -6 -7
leaf_value=-0.025820114769489824 0.00080821813854487119 0.023732973546466099 0.0014187963331833673 -0.030937252310350542 0 0
leaf_weight=6.3483240455389014 2.6611128151416805 26.81217397749424 89.854593724012375 15.107996769249441 6.6304872110486022 1.5599162951111782
leaf_count=45 12 87 718 106 29 8
internal_value=0.000438366 0.00460466 -0.000802729 -0.0230269 0.0197686 -0.0279004
internal_weight=148.975 129.646 96.2029 19.329 33.4427 16.6679
internal_count=1005 879 763 126 116 114
is_linear=0
shrinkage=0.03


Tree=49
num_leaves=7
num_cat=0
split_feature=24 15 24 13 19 15
split_gain=18.1793 10.9776 8.30997 3.09261 1.47078 1.22889
threshold=0.82064700000000002 1.0000000180025095e-35 0.91217050000000011 1.0000000180025095e-35 0.24434850000000002 0.32105100000000003
decision_type=2 8 2 10 8 10
left_child=4 3 -3 -2 5 -1
right_child=1 2 -4 -5 -6 -7
leaf_value=-0.01222790909349461 -0.018102813875679639 0.0023951291519826042 0.020195529635845172 0.0050557100032325875 -0.028328148085258183 0.0063681839897641408
leaf_weight=3.140530705451968 17.179136626422409 69.461941979825497 37.785025879740715 3.0890498310327521 14.557357229292391 2.105246901512146
leaf_count=20 106 462 218 11 169 8
internal_value=0.000816761 0.00530755 0.00931754 -0.0130872 -0.0236784 -0.00152499
internal_weight=147.318 127.515 107.247 20.2682 19.8031 5.24578
internal_count=994 797 680 117 197 28
is_linear=0
shrinkage=0.03


Tree=50
num_leaves=6
num_cat=0
split_feature=3 2 2 23 7
split_gain=15.8722 11.4845 8.86649 6.88883 2.80563
threshold=1.0000000180025095e-35 0.41428550000000003 1.0000000180025095e-35 0.71218550000000014 15.906976000000002
decision_type=10 10 10 10 10
left_child=1 2 -1 -2 -3
right_child=3 4 -4 -5 -6
leaf_value=-0.0038061271561660084 0.029879989138508645 -0.019813390689113423 0.017807201763532461 -0.0056473821816170342 0.0042126089601929994
leaf_weight=66.154936876147985 16.597522333264354 36.334595367312431 19.404174208641052 3.6934126690030089 1.639598786830901
leaf_count=626 53 218 65 18 5
internal_value=-0.000315276 -0.00469492 0.00119404 0.0222307 -0.0178114
internal_weight=143.824 123.533 85.5591 20.2909 37.9742
internal_count=985 914 691 71 223
is_linear=0
shrinkage=0.03


Tree=51
num_leaves=4
num_cat=0
split_feature=3 24 18
split_gain=15.9434 11.945 9.49825
threshold=1.5000000000000002 0.79360300000000017 0.14289150000000003
decision_type=10 2 8
left_child=1 -1 -3
right_child=-2 2 -4
leaf_value=-0.029917529518731091 0.028783278090984282 -0.010097615545829523 0.0065887149462294592
leaf_weight=10.067049585282801 13.226217746734617 46.529622748494148 77.585162580013275
leaf_count=113 45 245 604
internal_value=0.000511485 -0.00262507 6.46326e-06
internal_weight=147.408 134.182 124.115
internal_count=1007 962 849
is_linear=0
shrinkage=0.03


Tree=52
num_leaves=7
num_cat=0
split_feature=21 24 25 2 25 25
split_gain=17.8633 18.1568 8.63013 7.57865 2.18063 0.356991
threshold=0.12386950000000001 0.91217050000000011 0.28514000000000006 0.47222200000000009 0.15814550000000002 0.081005000000000008
decision_type=10 2 2 10 2 2
left_child=1 3 -3 -1 5 -2
right_child=4 2 -4 -5 -6 -7
leaf_value=-0.0068332555796185102 0.0072316154184509695 -0.0027949490968248126 0.022182956741066833 -0.028046090458164932 0.029963739776625198 0
leaf_weight=57.511586867272854 6.527966037392618 21.399786606431007 20.497373536229134 23.057743929326534 12.455376029014586 1.9760294556617735
leaf_count=509 23 154 103 158 37 9
internal_value=-0.00104517 -0.00574866 0.00942253 -0.0140519 0.022464 0.00392233
internal_weight=143.426 122.466 41.8972 80.5693 20.9594 8.504
internal_count=993 924 257 667 69 32
is_linear=0
shrinkage=0.03


Tree=53
num_leaves=6
num_cat=0
split_feature=24 3 6 24 25
split_gain=15.8635 8.55699 6.73393 3.26525 3.82247
threshold=0.85114550000000011 1.5000000000000002 1.0000000180025095e-35 0.79723850000000007 0.21754000000000004
decision_type=2 10 10 2 2
left_child=3 2 -2 -1 -5
right_child=1 -3 -4 4 -6
leaf_value=-0.029390774202529092 0.0050465696802597989 0.02733647664210407 -0.018693568331058168 -0.016508425257713562 0.0039913240639088002
leaf_weight=11.125312086194752 87.826805975288153 11.563058137893675 8.9326847195625287 14.009261325001718 10.493387680500744
leaf_count=125 569 41 52 135 79
internal_value=0 0.00568979 0.00205794 -0.0166225 -0.00716075
internal_weight=143.951 108.323 96.7595 35.628 24.5026
internal_count=1001 662 621 339 214
is_linear=0
shrinkage=0.03


Tree=54
num_leaves=7
num_cat=0
split_feature=4 23 23 23 7 16
split_gain=15.3777 13.4242 10.6109 7.96298 2.84438 0.152703
threshold=1.0000000180025095e-35 1.0000000180025095e-35 0.73399800000000004 0.50185950000000012 1.0000000180025095e-35 0.23102650000000002
decision_type=10 8 10 8 10 10
left_child=1 4 -2 -3 -1 -4
right_child=2 3 5 -5 -6 -7
leaf_value=-0.023684313152091293 0.028602121917164137 0.015420141568645955 0 -0.0046504643430448096 0.00042286237569973009 -0.016250200296521519
leaf_weight=29.84344332665205 19.574412971735004 21.368601836264133 2.1622518301010123 61.567469120025635 2.2053566128015509 2.1191548109054565
leaf_count=195 64 73 10 610 8 13
internal_value=-0.000835673 -0.00568017 0.0194238 0.000529447 -0.0212753 -0.0129142
internal_weight=138.841 114.985 23.8558 82.9361 32.0488 4.28141
internal_count=973 886 87 683 203 23
is_linear=0
shrinkage=0.03


Tree=55
num_leaves=7
num_cat=0
split_feature=24 3 17 17 17 25
split_gain=17.7654 8.24496 7.69928 2.84075 0.95392 0.0592912
threshold=0.84578900000000012 1.5000000000000002 0.10405600000000002 0.17076000000000005 0.14102850000000003 0.010923
decision_type=2 10 8 8 10 2
left_child=3 2 -2 4 -1 -5
right_child=1 -3 -4 5 -6 -7
leaf_value=-0.0066118622797946549 -0.0094550975205987368 0.027903172325816714 0.00872264564942863 0 0.010518131338825351 -0.022963298563277897
leaf_weight=3.984844624996188 24.681160390377045 12.887639269232748 74.634396001696587 2.3935962654650238 2.0001616925001144 21.006318468600512
leaf_count=25 124 47 500 23 6 238
internal_value=0.00178646 0.00745435 0.00376726 -0.0176151 0 -0.0218514
internal_weight=141.588 112.203 99.3156 29.3849 5.98501 23.3999
internal_count=963 671 624 292 31 261
is_linear=0
shrinkage=0.03


Tree=56
num_leaves=7
num_cat=0
split_feature=25 7 0 25 2 18
split_gain=13.0268 6.42194 6.18191 4.83604 4.37324 0.144944
threshold=0.28514000000000006 16.918525500000005 1.0000000180025095e-35 0.71528900000000017 0.41428550000000003 0.13999550000000002
decision_type=2 10 10 2 10 10
left_child=1 2 -1 4 -2 -3
right_child=3 5 -4 -5 -6 -7
leaf_value=-0.0032423794983015273 0.010811424667979791 0.017007014236126491 -0.021011372170267367 0.025924806248387246 -0.0073471915972046255 0
leaf_weight=48.701239231973886 27.905079543590546 4.1999162733554831 31.684136047959328 10.659376032650469 14.962711013853548 2.1208939254283905
leaf_count=449 194 14 204 49 75 9
internal_value=-0.00122346 -0.00848892 -0.0111098 0.00984074 0.00375323 0.0144716
internal_weight=140.233 86.7062 80.3854 53.5272 42.8678 6.32081
internal_count=994 676 653 318 269 23
is_linear=0
shrinkage=0.03


Tree=57
num_leaves=5
num_cat=0
split_feature=3 2 2 4
split_gain=18.7748 8.62516 10.1563 5.55549
threshold=1.5000000000000002 0.32575750000000009 1.0000000180025095e-35 1.0000000180025095e-35
decision_type=10 10 10 10
left_child=1 2 -1 -3
right_child=-2 3 -4 -5
leaf_value=-0.00476765185499862 0.028023510492058791 -0.020504248679290696 0.022246020966812996 0.0065088357464790332
leaf_weight=71.343296237289906 13.385379552841185 37.440856799483299 12.055654361844061 4.8923509120941153
leaf_count=661 50 231 37 17
internal_value=-0.00195738 -0.00596086 0 -0.0164965
internal_weight=139.118 125.732 83.399 42.3332
internal_count=996 946 698 248
is_linear=0
shrinkage=0.03


Tree=58
num_leaves=5
num_cat=0
split_feature=3 25 21 21
split_gain=15.6415 13.9209 9.42532 3.67502
threshold=1.5000000000000002 0.21754000000000004 0.00092500000000000015 0.20346050000000002
decision_type=10 2 8 8
left_child=1 3 -3 -1
right_child=-2 2 -4 -5
leaf_value=-0.019873739527967366 0.027261809811807695 -0.0073758906612788515 0.015348967915538133 -0.00361491695619434
leaf_weight=39.44658026099205 12.161623626947401 25.210863806307316 33.801163971424103 27.335133127868176
leaf_count=245 46 132 250 314
internal_value=-0.00129912 -0.00486399 0.00526962 -0.0140901
internal_weight=137.955 125.794 59.012 66.7817
internal_count=987 941 382 559
is_linear=0
shrinkage=0.03


Tree=59
num_leaves=6
num_cat=0
split_feature=24 19 19 24 20
split_gain=13.4663 10.9862 10.0844 7.27491 1.64344
threshold=0.92555250000000011 1.0000000180025095e-35 0.50499100000000008 0.79360300000000017 0.41260650000000004
decision_type=2 8 10 2 8
left_child=2 -2 3 -1 -3
right_child=1 4 -4 -5 -6
leaf_value=-0.025808786810252927 -0.016520005415716816 0.028050666567184402 -0.027674776871553255 0.0016124420161560758 0.0067243410849204448
leaf_weight=6.5890646129846564 4.8712841421365729 19.922222658991817 12.237419076263903 83.613073565065861 11.636936265975235
leaf_count=82 36 68 99 583 112
internal_value=0.000365532 0.0155051 -0.00502198 -0.000834998 0.0223214
internal_weight=138.87 36.4304 102.44 90.2021 31.5592
internal_count=980 216 764 665 180
is_linear=0
shrinkage=0.03


Tree=60
num_leaves=7
num_cat=0
split_feature=24 25 24 23 4 18
split_gain=14.1793 6.73443 6.1031 6.40399 3.14379 2.38529
threshold=0.91217050000000011 0.10044850000000001 0.79723850000000007 1.0000000180025095e-35 1.0000000180025095e-35 1.0000000180025095e-35
decision_type=2 2 2 8 10 8
left_child=2 4 -1 -4 -2 -3
right_child=1 5 3 -5 -6 -7
leaf_value=-0.027598678484568408 -0.014893520397778763 -0.00023166488385719297 -0.0178176126152432 0.00076229490197340618 0.012131060720205745 0.021190386365529463
leaf_weight=8.920860789716242 7.9021216779947263 2.1911467537283889 18.407126314938068 63.179616320878267 2.2407189160585403 32.523016408085823
leaf_count=107 70 14 120 479 7 178
internal_value=-5.22327e-05 0.0130127 -0.00705799 -0.00355819 -0.00523445 0.0191319
internal_weight=135.365 44.857 90.5076 81.5867 10.1428 34.7142
internal_count=975 269 706 599 77 192
is_linear=0
shrinkage=0.03


Tree=61
num_leaves=7
num_cat=0
split_feature=24 19 19 15 25 15
split_gain=12.3573 10.7205 6.3991 5.25552 3.42159 1.57575
threshold=0.85325150000000016 0.0041160000000000007 0.57113900000000017 0.32105100000000003 0.38368250000000004 0.40249650000000003
decision_type=2 8 8 10 2 10
left_child=3 -2 -3 4 -1 -5
right_child=1 2 -4 5 -6 -7
leaf_value=-0.024691057024574352 -0.022854036258043831 0.014909114813491423 -0.00034686459669755633 0.013706913496910807 0 -0.0054305520592425501
leaf_weight=21.328568685799841 7.0537813305854788 60.442779734730721 34.232304215431213 4.7663151770830146 6.3351382799446574 2.5834691971540451
leaf_count=245 51 230 353 19 51 16
internal_value=0.000636969 0.00614149 0.00924454 -0.0137893 -0.0195772 0.00445718
internal_weight=136.742 101.729 94.6751 35.0135 27.6637 7.34978
internal_count=965 634 583 331 296 35
is_linear=0
shrinkage=0.03


Tree=62
num_leaves=7
num_cat=0
split_feature=24 25 19 24 25 19
split_gain=15.5801 7.55647 3.65282 3.61865 1.2748 1.38831
threshold=0.84578900000000012 0.28514000000000006 0.0013750000000000001 0.91259650000000014 0.0071550000000000008 0.28712300000000007
decision_type=2 2 10 2 2 10
left_child=4 2 -2 -3 -1 -6
right_child=1 3 -4 -5 5 -7
leaf_value=0 -0.0087856970826055078 0.0046139889733815501 0.0052422912317214056 0.023776522256311508 -0.0079097901348859634 -0.027752111153585939
leaf_weight=1.3574780635535741 24.60757964849472 23.893783323466778 39.084612116217613 22.13638249412179 16.670784708112482 10.79489956051111
leaf_count=12 265 141 168 110 196 98
internal_value=0.00106806 0.00647442 0 0.0153323 -0.01724 -0.018658
internal_weight=138.546 109.722 63.6922 46.0302 28.8232 27.4657
internal_count=990 684 433 251 306 294
is_linear=0
shrinkage=0.03


Tree=63
num_leaves=7
num_cat=0
split_feature=25 23 21 9 2 2
split_gain=10.691 6.31434 4.80139 2.59519 1.96203 1.95845
threshold=0.28514000000000006 0.57592050000000017 0.090908500000000017 8.4592630000000018 0.32575750000000009 0.47222200000000009
decision_type=2 10 10 10 8 10
left_child=2 4 3 -1 -2 -3
right_child=1 5 -4 -5 -6 -7
leaf_value=-0.010487807410586697 0.024839036356451204 0.0010242669699969151 0.0088599363924548036 0.0095103640094386811 0.008056842571271778 -0.018769408720797406
leaf_weight=69.809844665229321 14.946724578738211 4.7195350080728513 12.257110238075255 2.4802004098892203 30.424870796501637 4.3001874536275864
leaf_count=617 50 19 45 9 227 28
internal_value=0.000490671 0.0107327 -0.00589762 -0.00905162 0.0154032 -0.00824589
internal_weight=138.938 54.3913 84.5472 72.29 45.3716 9.01972
internal_count=995 324 671 626 277 47
is_linear=0
shrinkage=0.03


Tree=64
num_leaves=6
num_cat=0
split_feature=21 24 23 20 23
split_gain=10.8567 12.8159 7.31624 4.89579 0.638202
threshold=0.11378600000000001 0.93767700000000009 0.00089200000000000011 1.0000000180025095e-35 0.048504000000000005
decision_type=10 2 8 8 10
left_child=1 2 -1 -3 -2
right_child=4 3 -4 -5 -6
leaf_value=-0.021454308612012838 0.00072707748557560611 -0.0079294627887016786 -0.0026937373067485123 0.020384902797881587 0.023244997799298846
leaf_weight=25.690085276961327 4.5394652038812664 3.6639706343412426 71.062547322362661 20.523660749197006 13.525674998760222
leaf_count=172 19 26 603 127 44
internal_value=0 -0.00337538 -0.00847127 0.0145907 0.0199202
internal_weight=139.005 120.94 96.7526 24.1876 18.0651
internal_count=991 928 775 153 63
is_linear=0
shrinkage=0.03


Tree=65
num_leaves=5
num_cat=0
split_feature=3 25 21 21
split_gain=11.4909 7.61375 4.59489 3.39997
threshold=1.5000000000000002 0.53674600000000006 0.15176500000000001 0.00092500000000000015
decision_type=10 2 10 8
left_child=1 2 -1 -3
right_child=-2 3 -4 -5
leaf_value=-0.009048669759082863 0.025598710551063657 -0.0039382497616935845 0.010884273107558583 0.018551257758489412
leaf_weight=95.318816136568785 10.464901208877562 4.8947688266634968 7.7856388390064231 14.866780858486889
leaf_count=788 43 23 26 92
internal_value=-0.000493042 -0.00351088 -0.00699557 0.0118779
internal_weight=133.331 122.866 103.104 19.7615
internal_count=972 929 814 115
is_linear=0
shrinkage=0.03


Tree=66
num_leaves=5
num_cat=0
split_feature=24 2 2 24
split_gain=10.5157 9.1845 9.42019 8.70295
threshold=0.79360300000000017 0.47222200000000009 1.0000000180025095e-35 0.93881000000000003
decision_type=2 10 10 2
left_child=-1 2 -2 -3
right_child=1 3 -4 -5
leaf_value=-0.027055149813355089 0.0014634266069818379 -0.019298402891697944 0.023293879944245956 0.0089731948674565912
leaf_weight=8.6386442296206933 68.500711690634489 24.007193557918072 23.068341724574566 11.478641264140604
leaf_count=106 589 153 77 53
internal_value=4.11524e-05 0.00269573 0.00784473 -0.00938725
internal_weight=135.694 127.055 91.5691 35.4858
internal_count=978 872 666 206
is_linear=0
shrinkage=0.03


Tree=67
num_leaves=5
num_cat=0
split_feature=24 19 19 2
split_gain=12.0342 9.78829 7.90571 0.911474
threshold=0.79723850000000007 0.56118850000000009 0.00032450000000000008 0.32575750000000009
decision_type=2 10 8 10
left_child=-1 2 -2 -3
right_child=1 3 -4 -5
leaf_value=-0.027333931722841161 -0.017645634841105432 0 0.0090415591670740935 -0.025064145160227886
leaf_weight=8.9825009256601316 7.497913919389247 3.0625697374343854 111.1022594794631 6.8990644067525864
leaf_count=111 55 17 740 60
internal_value=0.00116952 0.00396694 0.00671397 -0.0204081
internal_weight=137.544 128.562 118.6 9.96163
internal_count=983 872 795 77
is_linear=0
shrinkage=0.03


Tree=68
num_leaves=5
num_cat=0
split_feature=24 3 23 19
split_gain=11.7623 8.3019 7.1638 1.53481
threshold=0.82064700000000002 1.5000000000000002 0.00089200000000000011 0.13086600000000004
decision_type=2 10 8 8
left_child=3 2 -2 -1
right_child=1 -3 -4 -5
leaf_value=0 -0.011809862973595422 0.025215432956493179 0.0048917534335723442 -0.025421337706819435
leaf_weight=1.7384472563862772 29.646370656788349 10.238216951489447 76.15569119900465 14.098580583930016
leaf_count=9 176 43 574 182
internal_value=-0.000454446 0.00281811 0 -0.0226555
internal_weight=131.877 116.04 105.802 15.837
internal_count=984 793 750 191
is_linear=0
shrinkage=0.03


Tree=69
num_leaves=7
num_cat=0
split_feature=24 20 20 25 24 21
split_gain=14.7908 8.17178 5.97788 4.91104 4.70641 2.49437
threshold=0.8605735000000001 0.14446400000000001 1.0000000180025095e-35 0.21754000000000004 0.93767700000000009 0.35259000000000001
decision_type=2 8 8 2 2 10
left_child=1 3 -2 -1 -4 -3
right_child=2 5 4 -5 -6 -7
leaf_value=-0.010483873867117983 -0.016390574845417984 -0.024421708296731969 0.0036762595474297403 0.020680716497532697 0.019662616683861843 0.0020167514414158902
leaf_weight=5.5832746401429159 5.8935362249612799 28.082780197262768 66.568114459514618 5.7262681722640991 23.869065620005131 0.8252784013748159
leaf_count=35 43 337 424 18 145 2
internal_value=0 -0.0145982 0.00642597 0.00422652 0.00871245 -0.0226081
internal_weight=136.548 40.2176 96.3307 11.3095 90.4372 28.9081
internal_count=1004 392 612 53 569 339
is_linear=0
shrinkage=0.03


Tree=70
num_leaves=6
num_cat=0
split_feature=24 25 20 18 19
split_gain=10.697 8.13365 5.07802 3.84879 3.75412
threshold=0.82064700000000002 0.16534400000000002 0.43573800000000001 0.18290500000000001 0.13086600000000004
decision_type=2 2 10 10 8
left_child=4 3 -3 -2 -1
right_child=1 2 -4 -5 -6
leaf_value=0.0050792547342201916 -0.0098632943351167207 0.013594665379598759 -0.010580107127171655 0.0061130392234717539 -0.026447722799856899
leaf_weight=1.3525553196668596 37.898190505802631 57.621147219091654 5.3113688603043547 15.458347424864767 13.363075353205204
leaf_count=6 330 356 33 64 174
internal_value=3.71361e-05 0.00348427 0.0107108 -0.00462332 -0.0214871
internal_weight=131.005 116.289 62.9325 53.3565 14.7156
internal_count=963 783 389 394 180
is_linear=0
shrinkage=0.03


Tree=71
num_leaves=5
num_cat=0
split_feature=19 24 19 18
split_gain=11.127 9.21404 7.12468 0.593984
threshold=0.5363880000000002 0.79360300000000017 0.0041160000000000007 0.41632100000000005
decision_type=10 2 8 8
left_child=1 -1 -3 -2
right_child=3 2 -4 -5
leaf_value=-0.024512724865017477 -0.026981594375875436 -0.017879633528159494 0.0078206148507752437 0
leaf_weight=6.7954930253326884 9.9761238619685138 7.2214434295892707 105.78650192543864 2.3655696138739595
leaf_count=95 89 53 724 16
internal_value=0 0.00299591 0.00549981 -0.024102
internal_weight=132.145 119.803 113.008 12.3417
internal_count=977 872 777 105
is_linear=0
shrinkage=0.03


Tree=72
num_leaves=6
num_cat=0
split_feature=25 3 16 24 19
split_gain=11.7419 8.42683 4.10003 3.36463 2.60443
threshold=0.43008200000000002 1.5000000000000002 0.45824950000000003 0.82064700000000002 0.50499100000000008
decision_type=2 10 10 2 10
left_child=1 2 -1 -2 -5
right_child=3 -3 -4 4 -6
leaf_value=-0.005626586290174573 -0.0098913302863998624 0.020736065551226184 -0.024479341942594279 0.017643566814552092 -0.0050688337545573975
leaf_weight=82.41163182631135 1.8163492307066906 6.0899938493967047 11.612481459975241 33.423011664301157 1.6502297744154919
leaf_count=684 18 25 86 182 11
internal_value=-0.000774041 -0.00630165 -0.00894911 0.0128209 0.0154718
internal_weight=137.004 100.114 94.0241 36.8896 35.0732
internal_count=1006 795 770 211 193
is_linear=0
shrinkage=0.03


Tree=73
num_leaves=5
num_cat=0
split_feature=3 2 2 7
split_gain=10.4513 7.7475 8.14305 5.53745
threshold=1.5000000000000002 0.47222200000000009 1.0000000180025095e-35 8.6832670000000025
decision_type=10 10 10 10
left_child=1 2 -1 -3
right_child=-2 3 -4 -5
leaf_value=-0.0031367323389734142 0.025082147591407478 -0.018508495093037126 0.017080058349000483 0.011283946952039371
leaf_weight=67.906638920307159 10.281876921653746 31.908248327672482 20.576487362384796 3.2959497720003119
leaf_count=636 45 219 73 10
internal_value=-1.20126e-05 -0.0028794 0.00164263 -0.0142669
internal_weight=133.969 123.687 88.4831 35.2042
internal_count=983 938 709 229
is_linear=0
shrinkage=0.03


Tree=74
num_leaves=5
num_cat=0
split_feature=3 19 23 21
split_gain=9.46031 6.74001 4.75681 1.849
threshold=1.5000000000000002 0.56118850000000009 0.50185950000000012 0.017599500000000001
decision_type=10 10 10 8
left_child=1 2 -1 -3
right_child=-2 3 -4 -5
leaf_value=0.0033722989950330296 0.024680775687161642 -0.026307829868402709 -0.011181188123258716 0
leaf_weight=89.9077123478055 10.025580108165739 9.0113931372761691 22.792428582906723 1.1483008563518531
leaf_count=730 45 87 126 4
internal_value=0.000151612 -0.00215223 0 -0.0224779
internal_weight=132.885 122.86 112.7 10.1597
internal_count=992 947 856 91
is_linear=0
shrinkage=0.03


Tree=75
num_leaves=6
num_cat=0
split_feature=21 19 7 15 25
split_gain=9.68305 8.49347 5.4806 2.52904 0.203903
threshold=0.11378600000000001 0.5363880000000002 16.630843500000005 0.095195500000000016 0.21754000000000004
decision_type=10 10 10 10 2
left_child=1 2 -1 -2 -5
right_child=3 -3 -4 4 -6
leaf_value=-0.0043850741678449065 0 -0.027912697208291006 0.016293674465821389 0.0048246083148919591 0.027105870896084211
leaf_weight=92.697994355112314 3.9811802655458477 10.10441108047962 9.8154462277889234 6.0150963664054862 8.3599389940500242
leaf_count=778 18 97 39 22 28
internal_value=-0.00138666 -0.00498722 -0.00171383 0.016896 0.0219519
internal_weight=130.974 112.618 102.513 18.3562 14.375
internal_count=982 914 817 68 50
is_linear=0
shrinkage=0.03


Tree=76
num_leaves=7
num_cat=0
split_feature=24 21 19 19 20 17
split_gain=10.1642 10.5459 8.11345 6.81122 3.09145 0.719991
threshold=0.91217050000000011 0.090908500000000017 1.0000000180025095e-35 0.38322950000000006 0.60616450000000011 0.28796050000000006
decision_type=2 10 8 10 8 8
left_child=1 3 -2 -1 -4 -3
right_child=2 5 4 -5 -6 -7
leaf_value=-0.0041758115228935893 -0.015712535283768612 0.019448952761328384 0.023678255132352957 -0.026262578734283903 0.0027522735630794554 0
leaf_weight=58.802104111760855 4.6792093589901915 9.7942497879266703 23.22130623459816 15.655515998601912 14.253762055188416 4.3469501882791528
leaf_count=514 37 32 88 142 144 17
internal_value=0.000282104 -0.00523991 0.0121296 -0.0100444 0.0172541 0.0156375
internal_weight=130.753 88.5988 42.1543 74.4576 37.4751 14.1412
internal_count=974 705 269 656 232 49
is_linear=0
shrinkage=0.03


Tree=77
num_leaves=4
num_cat=0
split_feature=3 24 2
split_gain=9.14206 6.55438 5.36075
threshold=1.5000000000000002 0.79360300000000017 0.47222200000000009
decision_type=10 2 10
left_child=1 -1 -3
right_child=-2 2 -4
leaf_value=-0.024353429107817636 0.02467213731154988 0.0047908527241100436 -0.0087801891485969116
leaf_weight=7.4346230290830126 10.152295544743536 79.577383633702993 35.104394480586052
leaf_count=104 47 614 213
internal_value=0.000749831 -0.0015431 0.000263867
internal_weight=132.269 122.116 114.682
internal_count=978 931 827
is_linear=0
shrinkage=0.03


Tree=78
num_leaves=6
num_cat=0
split_feature=21 19 19 15 15
split_gain=9.15199 8.67205 4.19741 2.61454 1.44553
threshold=0.11378600000000001 0.24434850000000002 0.0013750000000000001 0.019100000000000002 0.11451400000000002
decision_type=10 10 8 10 10
left_child=1 2 -1 -3 -2
right_child=4 3 -4 -5 -6
leaf_value=-0.015864627558451215 0 0 0.0042808428108976407 -0.021530414706911891 0.023694587854916981
leaf_weight=7.1874239146709433 3.9212557971477535 8.202184624969961 78.33804539963603 20.319300502538681 12.336979061365126
leaf_count=56 18 53 657 143 42
internal_value=0.000116032 -0.00281706 0.00176871 -0.0163794 0.0194824
internal_weight=130.305 114.047 85.5255 28.5215 16.2582
internal_count=969 909 713 196 60
is_linear=0
shrinkage=0.03


Tree=79
num_leaves=5
num_cat=0
split_feature=24 21 20 19
split_gain=9.19887 8.69269 4.63955 2.65222
threshold=0.79360300000000017 0.00092500000000000015 1.0000000180025095e-35 0.24434850000000002
decision_type=2 10 8 10
left_child=-1 2 -2 -3
right_child=1 3 -4 -5
leaf_value=-0.024555582773352517 -0.022231589921584687 0.018836515107279721 0.00052523160167497777 0.00071181033646156662
leaf_weight=7.7308085449039927 5.7792098745703688 31.568785659968853 74.791439197957516 14.044713467359541
leaf_count=109 49 120 635 65
internal_value=0.00179286 0.00417211 -0.00148757 0.0142612
internal_weight=133.915 126.184 80.5706 45.6135
internal_count=978 869 684 185
is_linear=0
shrinkage=0.03


Tree=80
num_leaves=5
num_cat=0
split_feature=3 23 24 24
split_gain=8.79004 6.60356 6.79004 4.89779
threshold=1.5000000000000002 0.00089200000000000011 0.79723850000000007 0.95415600000000012
decision_type=10 8 2 2
left_child=1 3 -3 -1
right_child=-2 2 -4 -5
leaf_value=-0.019353505675629375 0.023663981949847958 -0.022964472030927781 0.0038799561509857677 0.0055692432980776595
leaf_weight=26.824179373681545 9.0929507762193662 6.3078380078077307 82.452522832900286 5.6210908889770499
leaf_count=187 43 95 633 27
internal_value=-0.000489275 -0.00307061 0.000956867 -0.0140834
internal_weight=130.299 121.206 88.7604 32.4453
internal_count=985 942 728 214
is_linear=0
shrinkage=0.03


Tree=81
num_leaves=5
num_cat=0
split_feature=3 25 20 6
split_gain=8.13168 6.80952 5.11683 2.86293
threshold=1.5000000000000002 0.16534400000000002 0.47203500000000004 1.0000000180025095e-35
decision_type=10 2 10 10
left_child=1 3 -3 -1
right_child=-2 2 -4 -5
leaf_value=-0.0052700274508646243 0.02362626279429119 0.0082449214439398646 -0.013807146303776876 -0.025190573905238715
leaf_weight=49.540326651185751 9.2865308225154859 54.13444846868515 7.7254017665982238 7.0647121965885153
leaf_count=438 46 376 57 54
internal_value=0.000174696 -0.00195483 0.00451715 -0.00940231
internal_weight=127.751 118.465 61.8599 56.605
internal_count=971 925 433 492
is_linear=0
shrinkage=0.03


Tree=82
num_leaves=7
num_cat=0
split_feature=24 21 20 25 24 25
split_gain=7.86857 9.03356 5.1764 3.7629 2.2272 0.571655
threshold=0.92555250000000011 0.080088500000000021 1.0000000180025095e-35 0.71528900000000017 0.8996320000000001 0.10044850000000001
decision_type=2 10 8 2 2 2
left_child=1 3 -2 -1 -3 -4
right_child=2 4 5 -5 -6 -7
leaf_value=-0.0089723723166855139 -0.010719022865642743 0.020635846951277341 0.0018923215894168556 0.013149753695098002 0 0.019942879455242764
leaf_weight=79.750488877296448 3.5943653881549826 12.421469040215014 6.5325326696038273 3.8827255554497233 2.9346044063568106 23.999129604548216
leaf_count=704 30 42 48 19 14 144
internal_value=0.00112573 -0.00296663 0.013085 -0.00717926 0.0157658 0.0174903
internal_weight=133.115 98.9893 34.126 83.6332 15.3561 30.5317
internal_count=1001 779 222 723 56 192
is_linear=0
shrinkage=0.03


Tree=83
num_leaves=7
num_cat=0
split_feature=24 19 19 21 22 19
split_gain=9.20068 6.21334 7.2945 3.47233 1.27233 0.297449
threshold=0.82064700000000002 0.5363880000000002 0.0041160000000000007 0.045361000000000005 0.13270100000000004 0.20602100000000004
decision_type=2 10 8 8 10 8
left_child=4 2 -2 -3 5 -1
right_child=1 3 -4 -5 -6 -7
leaf_value=0 -0.015538492462095885 -0.023873525066527956 0.0093569906578549709 0.0069214800942174349 0 -0.022580766585375153
leaf_weight=2.2355332151055292 8.2490618973970395 7.1732782870531056 101.42184770852327 1.3832241445779807 0.71531318873167116 11.552075780928135
leaf_count=14 62 64 685 4 3 175
internal_value=0.00151395 0.00461733 0.00685431 -0.0157949 -0.0185259 -0.0206408
internal_weight=132.73 118.227 109.671 8.5565 14.5029 13.7876
internal_count=1007 815 747 68 192 189
is_linear=0
shrinkage=0.03


Tree=84
num_leaves=5
num_cat=0
split_feature=3 5 20 18
split_gain=8.39063 4.87616 5.64547 2.84166
threshold=1.5000000000000002 1.5000000000000002 0.15918700000000002 0.072731000000000018
decision_type=10 10 10 10
left_child=1 2 -1 -3
right_child=-2 3 -4 -5
leaf_value=0 0.023669575284647307 -0.0010692638067521232 -0.014101255944213008 0.021932966979498994
leaf_weight=74.278412565588951 9.4706022143363935 4.1318362504243833 33.733717031776905 7.9746808558702469
leaf_count=663 48 18 228 25
internal_value=1.08639e-05 -0.00214211 -0.00447532 0.0134433
internal_weight=129.589 120.119 108.012 12.1065
internal_count=982 934 891 43
is_linear=0
shrinkage=0.03


Tree=85
num_leaves=5
num_cat=0
split_feature=19 24 20 22
split_gain=9.74151 6.40675 5.96429 1.33735
threshold=0.5363880000000002 0.79360300000000017 1.0000000180025095e-35 0.11148500000000001
decision_type=10 2 8 10
left_child=1 -1 -3 -2
right_child=3 2 -4 -5
leaf_value=-0.021167793487042525 -0.026374539422439201 -0.016956934671370626 0.0073063895585759025 0
leaf_weight=5.5334664992988101 9.3085865415632689 6.4421304836869231 110.49093401059508 0.97396467626094896
leaf_count=85 97 52 766 6
internal_value=0.000632289 0.00341497 0.0053288 -0.023537
internal_weight=132.749 122.467 116.933 10.2826
internal_count=1006 903 818 103
is_linear=0
shrinkage=0.03


Tree=86
num_leaves=5
num_cat=0
split_feature=3 19 19 21
split_gain=7.03039 5.64618 3.1593 2.95242
threshold=1.5000000000000002 0.50499100000000008 0.00032450000000000008 0.15176500000000001
decision_type=10 10 8 10
left_child=1 2 -1 -3
right_child=-2 3 -4 -5
leaf_value=-0.015888214532482559 0.022343702929097407 -0.024457986229283024 0.001550654307170041 0.0033306998502707565
leaf_weight=7.2673884630203238 8.2252193391323072 11.069614753127096 101.60181209072471 1.3785232752561558
leaf_count=59 43 111 769 4
internal_value=-0.000148233 -0.00241688 0 -0.0193894
internal_weight=129.543 121.317 108.869 12.4481
internal_count=986 943 828 115
is_linear=0
shrinkage=0.03


Tree=87
num_leaves=7
num_cat=0
split_feature=25 22 9 21 18 16
split_gain=7.95265 4.86067 4.98803 2.67825 0.722793 0.256581
threshold=0.38018800000000003 0.020809000000000005 7.9372940000000005 0.11378600000000001 0.56768600000000013 0.018858500000000004
decision_type=2 10 8 8 10 8
left_child=1 2 -1 -3 5 -2
right_child=4 3 -4 -5 -6 -7
leaf_value=-0.018497074549566311 0.00077209830149318115 -2.3915391398774211e-05 0 0.015362894519259398 0 0.015260420614034034
leaf_weight=23.532181601971388 6.2165807932615271 26.293676912784576 31.841692216694355 10.573627561330794 2.8648199439048758 28.058400250971317
leaf_count=183 29 144 401 36 16 186
internal_value=0.00124963 -0.00325189 -0.00886601 0.00446054 0.0125845 0.0137111
internal_weight=129.381 92.2412 55.3739 36.8673 37.1398 34.275
internal_count=995 764 584 180 231 215
is_linear=0
shrinkage=0.03


Tree=88
num_leaves=6
num_cat=0
split_feature=24 19 19 22 19
split_gain=9.112 5.94435 5.37201 1.50286 1.31976
threshold=0.82064700000000002 0.58259800000000006 0.0041160000000000007 0.11148500000000001 0.10335800000000002
decision_type=2 10 8 10 8
left_child=4 2 -2 -3 -1
right_child=1 3 -4 -5 -6
leaf_value=0 -0.014462074867264261 -0.022653271658174375 0.0074531315884659053 0 -0.023300681058834254
leaf_weight=1.5307164788246126 7.5731491073966017 6.2842882089316836 98.809105064719915 1.1245131343603132 12.277806721627712
leaf_count=8 59 61 660 5 182
internal_value=0 0.00306048 0.0052649 -0.0181048 -0.0205624
internal_weight=127.6 113.791 106.382 7.4088 13.8085
internal_count=975 785 719 66 190
is_linear=0
shrinkage=0.03


Tree=89
num_leaves=6
num_cat=0
split_feature=19 23 4 18 22
split_gain=8.43301 4.27397 6.50256 2.00962 0.765633
threshold=0.49862050000000008 0.81133400000000011 1.0000000180025095e-35 0.056721000000000008 0.13270100000000004
decision_type=10 10 10 10 10
left_child=1 2 -1 -3 -2
right_child=4 3 -4 -5 -6
leaf_value=0.0025689377317239218 -0.022049289448974725 0.0036927908705928917 0.022533708760758588 -0.016553682305251814 0
leaf_weight=90.700151067227125 10.108752314001318 2.2829571515321723 16.147215187549591 9.1491736993193609 0.88639484345913011
leaf_count=734 105 10 68 60 4
internal_value=0.00157641 0.00429226 0.00639221 -0.0105047 -0.020153
internal_weight=129.275 118.279 106.847 11.4321 10.9951
internal_count=981 872 802 70 109
is_linear=0
shrinkage=0.03


Tree=90
num_leaves=6
num_cat=0
split_feature=4 23 23 19 15
split_gain=7.95284 8.66981 4.56643 3.44905 2.72821
threshold=1.0000000180025095e-35 0.71218550000000014 0.0078600000000000024 0.074488000000000013 0.17304900000000004
decision_type=10 10 8 8 10
left_child=2 -2 4 -4 -1
right_child=1 -3 3 -5 -6
leaf_value=-0.01817282228267587 0.025511789658640715 -0.013183876898303767 -0.017382195180923887 0.0018268514792380492 0
leaf_weight=23.422818168997768 14.964247211813928 4.0425611808896056 6.4626169726252547 70.442102313041687 7.0345183797180644
leaf_count=175 63 22 35 661 43
internal_value=-0.000950035 0.0152431 -0.00442504 -3.92019e-06 -0.0136904
internal_weight=126.369 19.0068 107.362 76.9047 30.4573
internal_count=999 85 914 696 218
is_linear=0
shrinkage=0.03


Tree=91
num_leaves=6
num_cat=0
split_feature=25 17 21 9 18
split_gain=7.23303 5.51459 3.24042 2.57617 3.06403
threshold=0.16534400000000002 0.55837000000000014 0.00092500000000000015 8.4592630000000018 0.18290500000000001
decision_type=2 10 10 10 10
left_child=3 2 -2 4 -1
right_child=1 -3 -4 -5 -6
leaf_value=-0.01367716386606828 0.0036937078500503527 -0.01863174498334071 0.019349393967594886 0.0092568303537415141 0
leaf_weight=38.051914650946856 44.581058718264103 3.4986327476799479 19.193832777440548 3.6813640892505637 17.093546606600285
leaf_count=403 361 30 76 15 94
internal_value=8.52054e-05 0.00688889 0.00951237 -0.0071669 -0.00920029
internal_weight=126.1 67.2735 63.7749 58.8268 55.1455
internal_count=979 467 437 512 497
is_linear=0
shrinkage=0.03


Tree=92
num_leaves=4
num_cat=0
split_feature=3 25 2
split_gain=7.75498 5.49743 4.27037
threshold=1.5000000000000002 0.71528900000000017 0.47222200000000009
decision_type=10 2 10
left_child=1 2 -1
right_child=-2 -3 -4
leaf_value=-0.00037696286653832693 0.022799747392818835 0.018371036420201284 -0.013456321167011663
leaf_weight=79.629824180155993 8.8612702637910825 6.8963453024625769 31.540923334658146
leaf_count=684 49 39 221
internal_value=-0.000105458 -0.00259473 -0.00460663
internal_weight=126.928 118.067 111.171
internal_count=993 944 905
is_linear=0
shrinkage=0.03


Tree=93
num_leaves=5
num_cat=0
split_feature=24 18 24 3
split_gain=6.33276 9.03487 7.29328 6.12891
threshold=0.9621320000000001 0.18290500000000001 0.8605735000000001 1.5000000000000002
decision_type=2 10 2 10
left_child=1 3 -3 -1
right_child=-2 2 -4 -5
leaf_value=-0.010203820033303234 0.022036682437693078 -0.0049712939830115505 0.020273173118288655 0.016946678236611661
leaf_weight=76.141946606338024 7.702612839639186 13.696774069219826 20.897269323468208 4.7960017621517173
leaf_count=728 43 97 76 27
internal_value=0 -0.00205822 0.00988106 -0.00768942
internal_weight=123.235 115.532 34.594 80.9379
internal_count=971 928 173 755
is_linear=0
shrinkage=0.03


Tree=94
num_leaves=6
num_cat=0
split_feature=19 23 19 18 21
split_gain=6.33011 5.1836 5.60732 2.72708 1.28158
threshold=0.57113900000000017 0.81133400000000011 0.005497000000000001 0.30819500000000005 0.017599500000000001
decision_type=10 8 10 10 8
left_child=1 2 -1 -3 -2
right_child=4 3 -4 -5 -6
leaf_value=-0.010409652364610146 -0.02311828435119876 0 0.012302877683169093 -0.019696596936211865 0
leaf_weight=7.7785978838801375 7.4065828882157776 47.832664284855127 60.16804151237011 4.6621247604489318 1.0690711140632636
leaf_count=59 86 547 266 34 4
internal_value=0.00136788 0.00352692 0.00894964 -0.00305577 -0.0195999
internal_weight=128.917 120.441 67.9466 52.4948 8.47565
internal_count=996 906 325 581 90
is_linear=0
shrinkage=0.03


Tree=95
num_leaves=5
num_cat=0
split_feature=3 23 18 18
split_gain=6.05145 4.46586 4.56152 3.4106
threshold=1.5000000000000002 0.81133400000000011 0.29332350000000001 0.045784000000000012
decision_type=10 10 10 10
left_child=1 2 -1 -3
right_child=-2 3 -4 -5
leaf_value=-0.0021720941234449277 0.021703565795745956 0.002980332272344656 0.013426697286030527 -0.023249030301752505
leaf_weight=88.317250717431307 7.943439543247222 3.0156554803252211 17.494598161429167 10.522482469677923
leaf_count=783 46 15 78 76
internal_value=0.000137235 -0.0015499 0.000430331 -0.0161116
internal_weight=127.293 119.35 105.812 13.5381
internal_count=998 952 861 91
is_linear=0
shrinkage=0.03


Tree=96
num_leaves=4
num_cat=0
split_feature=3 19 19
split_gain=5.88413 3.84614 5.30427
threshold=1.5000000000000002 0.0041160000000000007 0.14007500000000003
decision_type=10 8 8
left_child=1 -1 -3
right_child=-2 2 -4
leaf_value=-0.0186914156991831 0.021375997388702449 0.010616840899977435 -0.0040453208244044395
leaf_weight=8.0984809398651105 7.6794056966900817 27.289303071796894 80.088656209409237
leaf_count=68 45 105 746
internal_value=0 -0.0018737 0
internal_weight=123.156 115.476 107.378
internal_count=964 919 851
is_linear=0
shrinkage=0.03


Tree=97
num_leaves=5
num_cat=0
split_feature=24 24 19 19
split_gain=7.26266 4.80566 6.34003 4.04112
threshold=0.79360300000000017 0.92555250000000011 1.0000000180025095e-35 0.50499100000000008
decision_type=2 2 8 8
left_child=-1 3 -3 -2
right_child=1 2 -4 -5
leaf_value=-0.023015433815745376 0.0045776559675404244 -0.014315421466991022 0.017876727665207068 -0.0081389571986679558
leaf_weight=7.1868166625499716 53.006487444043159 3.2872507423162487 28.317461084574461 34.23392553254962
leaf_count=115 245 33 180 417
internal_value=0.000997646 0.0032269 0.0127107 -0.000184694
internal_weight=126.032 118.845 31.6047 87.2404
internal_count=990 875 213 662
is_linear=0
shrinkage=0.03


Tree=98
num_leaves=7
num_cat=0
split_feature=19 25 23 24 21 23
split_gain=6.67772 5.92652 4.20389 4.51098 3.82006 1.70641
threshold=0.24434850000000002 0.45430850000000006 0.00089200000000000011 0.97283200000000003 0.12386950000000001 0.22888150000000004
decision_type=10 2 10 2 10 10
left_child=2 4 3 -1 -2 -4
right_child=1 -3 5 -5 -6 -7
leaf_value=-0.0033468546933121362 -0.023651113033811746 0.0080040726620189163 0.019736702703872611 0.021576652018595897 0.003354059188474649 0.0032565443676613988
leaf_weight=55.809729877859354 19.155776821076877 6.5525613948702803 14.459349766373633 4.3084172904491416 2.8069592118263236 18.546461150050163
leaf_count=596 171 28 58 21 10 87
internal_value=6.05592e-05 -0.0116792 0.00421977 -0.000144751 -0.0190096 0.0123524
internal_weight=121.639 28.5153 93.124 60.1181 21.9627 33.0058
internal_count=971 209 762 617 181 145
is_linear=0
shrinkage=0.03


Tree=99
num_leaves=5
num_cat=0
split_feature=24 19 20 2
split_gain=6.01906 4.66746 3.79326 1.61427
threshold=0.79360300000000017 0.50499100000000008 1.0000000180025095e-35 0.25833350000000005
decision_type=2 10 8 10
left_child=-1 2 -2 -3
right_child=1 3 -4 -5
leaf_value=-0.022286114357353157 -0.014133468502481856 0 0.0060385248008732002 -0.021663159365321351
leaf_weight=6.530225381255149 5.4942555651068679 3.1894170716404897 105.1677872762084 5.8022699803113937
leaf_count=103 48 21 758 67
internal_value=0.000398858 0.00239632 0.00442646 -0.0149439
internal_weight=126.184 119.654 110.662 8.99169
internal_count=997 894 806 88
is_linear=0
shrinkage=0.03


Tree=100
num_leaves=7
num_cat=0
split_feature=16 24 19 20 25 18
split_gain=9.47174 4.84272 6.95348 3.87529 0.654238 1.03769
threshold=0.45824950000000003 0.91217050000000011 0.0041160000000000007 0.16767350000000003 0.27266200000000002 0.53688650000000016
decision_type=10 2 8 8 2 8
left_child=1 3 -3 -1 5 -2
right_child=4 2 -4 -5 -6 -7
leaf_value=0.0077390818299061448 -0.029117141186566053 -0.013077557161872155 0.016296157177444742 -0.0061576181554041758 0 0
leaf_weight=23.698700897395611 7.4380233846604797 5.4104990288615218 35.718251153826714 49.366061069071293 2.911970041692256 1.1148560717701919
leaf_count=105 68 45 241 520 18 7
internal_value=0.000152326 0.00320106 0.0111259 -0.00112834 -0.0225059 -0.0261755
internal_weight=125.658 114.194 41.1288 73.0648 11.4648 8.55288
internal_count=1004 911 286 625 93 75
is_linear=0
shrinkage=0.03


Tree=101
num_leaves=7
num_cat=0
split_feature=25 17 18 4 18 24
split_gain=9.27075 5.77343 5.5311 6.14899 4.47689 3.94803
threshold=0.17408150000000003 0.55837000000000014 0.19183800000000004 1.0000000180025095e-35 0.36485400000000007 0.80189800000000011
decision_type=2 10 8 10 8 2
left_child=2 5 3 -1 -4 -2
right_child=1 -3 4 -5 -6 -7
leaf_value=-0.027388675250987239 -0.012758685720928063 -0.018606487731715575 0.012776611903964849 0.0032876444808685222 -0.007812725522291071 0.012387145349918373
leaf_weight=16.530709564685825 2.5999644808471194 3.4216798022389403 11.476836420595644 5.2629139125347129 24.293757446110249 60.413297548890114
leaf_count=134 41 29 52 24 295 393
internal_value=0 0.00769896 -0.00835524 -0.0192693 0 0.0103625
internal_weight=123.999 66.4349 57.5642 21.7936 35.7706 63.0133
internal_count=968 463 505 158 347 434
is_linear=0
shrinkage=0.03


Tree=102
num_leaves=5
num_cat=0
split_feature=24 24 2 15
split_gain=5.49689 3.70096 3.35346 2.40352
threshold=0.79360300000000017 0.92614150000000006 0.47222200000000009 0.022550500000000005
decision_type=2 2 10 8
left_child=-1 2 -2 -3
right_child=1 3 -4 -5
leaf_value=-0.021911719571250973 0.0019905916574491488 0 -0.010790150383785203 0.01553729226418043
leaf_weight=6.4497553743422023 66.462826758623123 9.2278868705034274 21.414572931826115 21.044537484645844
leaf_count=104 527 58 151 153
internal_value=0 0.00183996 -0.00104718 0.0104614
internal_weight=124.6 118.15 87.8774 30.2724
internal_count=993 889 678 211
is_linear=0
shrinkage=0.03


Tree=103
num_leaves=5
num_cat=0
split_feature=19 24 20 24
split_gain=5.67133 5.3024 4.22822 0.0931782
threshold=0.57113900000000017 0.79360300000000017 1.0000000180025095e-35 0.91320450000000009
decision_type=10 2 8 2
left_child=1 -1 -3 -2
right_child=3 2 -4 -5
leaf_value=-0.020060504176400467 -0.021684258033126545 -0.01638215283264069 0.0059100429382470173 0
leaf_weight=5.4497944004833689 6.6682042554020873 4.7746329531073561 104.06076034903526 0.85002967715263356
leaf_count=90 84 45 757 5
internal_value=0.00023411 0.00235206 0.00425061 -0.020597
internal_weight=121.803 114.285 108.835 7.51823
internal_count=981 892 802 89
is_linear=0
shrinkage=0.03


Tree=104
num_leaves=6
num_cat=0
split_feature=21 24 19 19 23
split_gain=6.86275 5.83913 4.0251 2.24029 0.908419
threshold=0.11378600000000001 0.91217050000000011 0.0041160000000000007 0.089187500000000017 0.042189000000000011
decision_type=10 2 8 8 10
left_child=1 3 -3 -1 -2
right_child=4 2 -4 -5 -6
leaf_value=-0.021280595981659076 0 -0.011463544076023593 0.011415137268519632 -0.0043801607996120729 0.020106800288047334
leaf_weight=7.5188503712415686 2.7205083146691313 4.9001227915287009 30.721449099481106 62.559924125671387 12.961125083267687
leaf_count=47 14 41 216 599 50
internal_value=0.000384485 -0.00226898 0.00684518 -0.00740311 0.017368
internal_weight=121.382 105.7 35.6216 70.0788 15.6816
internal_count=967 903 257 646 64
is_linear=0
shrinkage=0.03


Tree=105
num_leaves=4
num_cat=0
split_feature=25 3 21
split_gain=5.55368 5.11446 3.33661
threshold=0.71528900000000017 1.5000000000000002 0.29816800000000004
decision_type=2 10 10
left_child=1 2 -1
right_child=-2 -3 -4
leaf_value=-0.0058022260317866651 0.019674158974131713 0.018906097962022465 0.013067795686767154
leaf_weight=105.20712245628238 8.1577034443616849 5.9711664244532576 5.4745103716850272
leaf_count=900 47 37 18
internal_value=-0.000297087 -0.0024027 -0.00428476
internal_weight=124.811 116.653 110.682
internal_count=1002 955 918
is_linear=0
shrinkage=0.03


Tree=106
num_leaves=7
num_cat=0
split_feature=21 24 19 19 23 22
split_gain=6.12549 7.41627 4.55694 2.46186 1.02858 0.539032
threshold=0.11378600000000001 0.93767700000000009 1.0000000180025095e-35 0.50499100000000008 0.042189000000000011 0.36700350000000009
decision_type=10 2 8 10 10 8
left_child=1 3 -3 -1 -2 -6
right_child=4 2 -4 -5 5 -7
leaf_value=-0.0048605844910007837 0 -0.010279001637056988 0.017249079454141378 -0.021265558810178581 0.02071299753737247 0
leaf_weight=78.413005653768778 2.78216125071049 3.584700375795367 18.096777476370335 8.9653332568705064 10.154632642865177 3.4529260545969018
leaf_count=673 14 34 127 103 40 14
internal_value=-0.00052521 -0.00342628 0.0107861 -0.00752574 0.0147751 0.0176243
internal_weight=125.45 109.06 21.6815 87.3783 16.3897 13.6076
internal_count=1005 937 161 776 68 54
is_linear=0
shrinkage=0.03


Tree=107
num_leaves=7
num_cat=0
split_feature=24 19 19 24 21 5
split_gain=4.55253 3.67467 3.03484 2.34781 1.55106 1.02314
threshold=0.92555250000000011 1.0000000180025095e-35 0.50499100000000008 0.79360300000000017 0.15176500000000001 3.5000000000000004
decision_type=2 8 10 2 10 8
left_child=2 -2 3 -1 -4 -3
right_child=1 5 4 -5 -6 -7
leaf_value=-0.017451163894196636 -0.010054311128069919 0.019348685890146232 -0.021071087036231125 4.9236573906702165e-05 0 0.0030647673626667733
leaf_weight=4.262055952101945 3.5217839702963856 13.791646897792818 8.8510572798550093 79.65969405323267 0.98686577379703599 12.649790305644272
leaf_count=72 33 59 103 594 3 122
internal_value=-6.43112e-05 0.00932212 -0.00357005 -0.00106603 -0.0173529 0.0136834
internal_weight=123.723 29.9632 93.7597 83.9218 9.83792 26.4414
internal_count=986 214 772 666 106 181
is_linear=0
shrinkage=0.03


Tree=108
num_leaves=7
num_cat=0
split_feature=24 2 2 20 15 5
split_gain=4.88546 4.7196 4.37293 4.15663 2.34573 1.75885
threshold=0.92614150000000006 0.47222200000000009 0.042241500000000008 1.0000000180025095e-35 0.038653000000000007 3.5000000000000004
decision_type=2 10 10 8 10 8
left_child=1 2 -1 -2 -3 -5
right_child=3 4 -4 5 -6 -7
leaf_value=-0.0038770286633791054 -0.01115074253291092 0 0.012334862068029332 0.021347945994240534 -0.02158274640976501 0.0021414259761304171
leaf_weight=56.726590801030397 3.4035619348287609 9.153694301843645 16.966420501470566 13.517331168055536 13.508076243102549 12.118733279407023
leaf_count=556 35 69 65 56 110 115
internal_value=-0.000156201 -0.00365999 0 0.00978733 -0.0147441 0.0144918
internal_weight=125.394 96.3548 73.693 29.0396 22.6618 25.6361
internal_count=1006 800 621 206 179 171
is_linear=0
shrinkage=0.03


Tree=109
num_leaves=5
num_cat=0
split_feature=24 4 6 9
split_gain=4.89569 3.84168 3.87654 1.45
threshold=0.79360300000000017 1.5000000000000002 1.0000000180025095e-35 8.2435015000000025
decision_type=2 10 10 10
left_child=-1 2 -2 -3
right_child=1 3 -4 -5
leaf_value=-0.021192673051235483 0.0012937068424648786 0 -0.018265216589714348 0.021580097174813163
leaf_weight=6.2486990615725508 96.650624074041843 2.940869674086569 6.9729864522814742 7.7573464438319206
leaf_count=110 762 14 58 42
internal_value=0 0.00146633 -0.000217964 0.0164454
internal_weight=120.571 114.322 103.624 10.6982
internal_count=986 876 820 56
is_linear=0
shrinkage=0.03


Tree=110
num_leaves=4
num_cat=0
split_feature=3 24 2
split_gain=5.02168 4.0752 3.22318
threshold=1.5000000000000002 0.79360300000000017 0.47222200000000009
decision_type=10 2 8
left_child=1 -1 -3
right_child=-2 2 -4
leaf_value=-0.021115286603070518 0.020180619833814289 0.0060255600117347166 -0.0043869432452344741
leaf_weight=6.2626769021153441 6.9620648995041838 40.777711354196072 65.154991045594215
leaf_count=110 46 180 634
internal_value=0 -0.00200347 -4.77988e-05
internal_weight=119.157 112.195 105.933
internal_count=970 924 814
is_linear=0
shrinkage=0.03


Tree=111
num_leaves=5
num_cat=0
split_feature=3 25 15 7
split_gain=4.69053 3.05301 2.87532 1.44081
threshold=1.5000000000000002 0.43008200000000002 0.34436500000000003 8.4887085000000031
decision_type=10 2 10 10
left_child=1 2 -1 -3
right_child=-2 3 -4 -5
leaf_value=-0.0063999741394751598 0.020171932535224615 0.0087797483398659622 0.009635862496362356 -0.0062157459015993012
leaf_weight=76.050265844911337 6.995647393167018 27.80523477494717 7.4874192401766768 2.4171659946441642
leaf_count=703 47 187 36 12
internal_value=0.000271161 -0.00118254 -0.0043318 0.00622443
internal_weight=120.756 113.76 83.5377 30.2224
internal_count=985 938 739 199
is_linear=0
shrinkage=0.03


Tree=112
num_leaves=5
num_cat=0
split_feature=25 21 24 23
split_gain=4.7181 3.96573 3.50673 1.8995
threshold=0.71528900000000017 0.11378600000000001 0.92555250000000011 0.042189000000000011
decision_type=2 10 2 10
left_child=1 2 -1 -3
right_child=-2 3 -4 -5
leaf_value=-0.0086150300793494186 0.016842606752367147 -0.0028856426686385711 0.0034989349159594806 0.015285244296815772
leaf_weight=73.959086738526821 8.8057003468275052 3.0887137427926055 23.825192242860794 11.286594755947588
leaf_count=688 53 17 184 45
internal_value=-0.00088333 -0.00293802 -0.0053495 0.00983029
internal_weight=120.965 112.16 97.7843 14.3753
internal_count=987 934 872 62
is_linear=0
shrinkage=0.03


Tree=113
num_leaves=7
num_cat=0
split_feature=23 3 25 20 20 20
split_gain=4.89775 7.45601 3.40175 1.14681 1.25233 0.571314
threshold=0.81133400000000011 1.0000000180025095e-35 0.71528900000000017 0.062783000000000019 0.54820900000000006 0.23727050000000002
decision_type=10 10 2 10 8 8
left_child=1 2 -1 -2 -5 -3
right_child=3 5 -4 4 -6 -7
leaf_value=-0.0026862452684818629 0 0.024568562437199383 0.015956590333468676 -0.0231356741005255 0 0
leaf_weight=89.324136968702078 1.8121454417705525 9.6761239171028102 6.5766918398439875 8.3913444168865645 2.662214271724225 1.9486562311649329
leaf_count=790 10 51 39 61 23 10
internal_value=0 0.00206185 -0.000659185 -0.0157548 -0.0188059 0.0220914
internal_weight=120.391 107.526 95.9008 12.8657 11.0536 11.6248
internal_count=984 890 829 94 84 61
is_linear=0
shrinkage=0.03


Tree=114
num_leaves=5
num_cat=0
split_feature=24 3 8 15
split_gain=5.55367 2.7722 2.21316 1.25577
threshold=0.82064700000000002 1.5000000000000002 1.0000000180025095e-35 0.43972050000000001
decision_type=2 10 10 10
left_child=3 2 -2 -1
right_child=1 -3 -4 -5
leaf_value=-0.018219897226333603 0.003043579531604698 0.019140906048026339 -0.010765640169346832 0
leaf_weight=12.174962416291233 95.747217323631048 6.3482201322913161 8.1280802637338621 0.6905616298317917
leaf_count=194 693 45 55 4
internal_value=0.000639985 0.0031767 0.00141047 -0.0156933
internal_weight=123.089 110.224 103.875 12.8655
internal_count=991 793 748 198
is_linear=0
shrinkage=0.03


Tree=115
num_leaves=5
num_cat=0
split_feature=19 19 23 18
split_gain=4.93501 5.43616 3.89992 1.02488
threshold=0.00032450000000000008 0.57113900000000017 0.73287700000000011 0.41632100000000005
decision_type=8 10 8 8
left_child=-1 2 -2 -3
right_child=1 3 -4 -5
leaf_value=-0.020075286015583574 0.011576117603681726 -0.019483774537400484 0 0
leaf_weight=5.1650938019156447 51.514669984579086 6.6804042272269699 56.755280019715428 1.4761097319424159
leaf_count=52 234 83 606 12
internal_value=0.0020122 0.00372296 0.00584036 -0.0157071
internal_weight=121.592 116.426 108.27 8.15651
internal_count=987 935 840 95
is_linear=0
shrinkage=0.03


Tree=116
num_leaves=5
num_cat=0
split_feature=24 24 18 15
split_gain=5.11669 3.46997 4.27044 1.17956
threshold=0.82064700000000002 0.96451750000000003 0.072731000000000018 0.43972050000000001
decision_type=2 2 10 10
left_child=3 2 -2 -1
right_child=1 -3 -4 -5
leaf_value=-0.019643010851179761 -0.0057348351966722113 0.01842568800937287 0.0063998752043158717 0
leaf_weight=11.625387150794264 57.447305500507355 6.5710183754563323 42.456370204687119 0.83315493911504823
leaf_count=192 565 40 197 5
internal_value=-0.000947373 0.00110174 -0.000250139 -0.0172156
internal_weight=118.933 106.475 99.9037 12.4585
internal_count=999 802 762 197
is_linear=0
shrinkage=0.03


Tree=117
num_leaves=5
num_cat=0
split_feature=19 24 19 22
split_gain=4.3009 3.36358 2.41825 1.67816
threshold=0.50499100000000008 0.79360300000000017 0.0041160000000000007 0.189196
decision_type=10 2 8 10
left_child=1 -1 -3 -2
right_child=3 2 -4 -5
leaf_value=-0.017160053656259694 -0.020108886532028622 -0.0095570758072040015 0.005164942157499036 0.0010275795491047539
leaf_weight=4.1850695926696053 9.0794830136001075 7.1423996090888968 96.489514496177435 0.84485474228859025
leaf_count=78 111 59 717 3
internal_value=0 0.00210825 0.00362861 -0.0161675
internal_weight=117.741 107.817 103.632 9.92434
internal_count=968 854 776 114
is_linear=0
shrinkage=0.03


Tree=118
num_leaves=6
num_cat=0
split_feature=16 19 19 3 18
split_gain=7.25711 4.25333 4.20629 0.989574 1.06489
threshold=0.45824950000000003 0.5363880000000002 0.0041160000000000007 1.0000000180025095e-35 0.53688650000000016
decision_type=10 10 8 10 8
left_child=1 2 -1 4 -2
right_child=3 -3 -4 -5 -6
leaf_value=-0.017649021939856586 -0.028313375034722962 -0.020275618954643436 0.0039185331132350933 0 0
leaf_weight=5.6003931611776343 8.3043463490903342 5.3748864568769923 94.156019808724523 1.2502088919281948 1.0844354107975966
leaf_count=53 75 68 770 7 7
internal_value=-0.00239572 0 0.00193585 -0.0229969 -0.0255757
internal_weight=115.77 105.131 99.7564 10.639 9.38878
internal_count=980 891 823 89 82
is_linear=0
shrinkage=0.03


Tree=119
num_leaves=6
num_cat=0
split_feature=24 19 24 2 5
split_gain=5.1043 3.67437 3.4063 3.17731 1.12607
threshold=0.93723650000000014 1.0000000180025095e-35 0.79360300000000017 0.47222200000000009 4.5000000000000009
decision_type=2 8 2 10 8
left_child=2 -2 -1 -4 -3
right_child=1 4 3 -5 -6
leaf_value=-0.019516897812657023 -0.006936666076941835 0.025614357324848971 0.0034966369969920653 -0.0086444711508523418 0.0042402862638481345
leaf_weight=5.4578788429498664 2.8786400482058552 10.005223758518698 72.058567263185978 22.9945327937603 9.2575254254043085
leaf_count=101 28 43 560 162 92
internal_value=0.00148815 0.0136953 -0.00123009 7.89733e-05 0.0186453
internal_weight=122.652 22.1414 100.511 95.0531 19.2627
internal_count=986 163 823 722 135
is_linear=0
shrinkage=0.03


end of trees

feature_importances:
embedding_cosine_bge_m3=101
digit_ratio_mean_percentile_gap_abs=91
reranker_score_bge_reranker_v2_m3=57
shared_title_count_capped=47
repeated_title_share_percentile_gap_abs=47
punct_ratio_mean_percentile_gap_abs=40
max_category_share_percentile_gap_abs=38
profile_category_jaccard=34
description_length_median_percentile_gap_abs=25
item_count_percentile_gap_abs=24
repeated_description_share_percentile_gap_abs=21
shared_description_count_capped=19
title_length_median_percentile_gap_abs=12
shared_description_idf_sum=9
shared_category_count_capped=7
price_median_percentile_gap_abs=7
shared_description_idf_mean=6
shared_title_idf_sum=4
shared_low_df_sentence_count=2
same_market_raw_bool=1
shared_title_idf_mean=1

parameters:
[boosting: gbdt]
[objective: binary]
[metric: binary_logloss,auc]
[tree_learner: serial]
[device_type: cpu]
[data_sample_strategy: bagging]
[data: ]
[valid: ]
[num_iterations: 120]
[learning_rate: 0.03]
[num_leaves: 7]
[num_threads: 0]
[seed: 20260321]
[deterministic: 1]
[force_col_wise: 1]
[force_row_wise: 0]
[histogram_pool_size: -1]
[max_depth: 3]
[min_data_in_leaf: 10]
[min_sum_hessian_in_leaf: 0.001]
[bagging_fraction: 0.8]
[pos_bagging_fraction: 1]
[neg_bagging_fraction: 1]
[bagging_freq: 1]
[bagging_seed: 20260321]
[bagging_by_query: 0]
[feature_fraction: 0.6]
[feature_fraction_bynode: 1]
[feature_fraction_seed: 20260321]
[extra_trees: 0]
[extra_seed: 14909]
[early_stopping_round: 0]
[early_stopping_min_delta: 0]
[first_metric_only: 0]
[max_delta_step: 0]
[lambda_l1: 1]
[lambda_l2: 3]
[linear_lambda: 0]
[min_gain_to_split: 0.05]
[drop_rate: 0.1]
[max_drop: 50]
[skip_drop: 0.5]
[xgboost_dart_mode: 0]
[uniform_drop: 0]
[drop_seed: 4518]
[top_rate: 0.2]
[other_rate: 0.1]
[min_data_per_group: 100]
[max_cat_threshold: 32]
[cat_l2: 10]
[cat_smooth: 10]
[max_cat_to_onehot: 4]
[top_k: 20]
[monotone_constraints: ]
[monotone_constraints_method: basic]
[monotone_penalty: 0]
[feature_contri: ]
[forcedsplits_filename: ]
[refit_decay_rate: 0.9]
[cegb_tradeoff: 1]
[cegb_penalty_split: 0]
[cegb_penalty_feature_lazy: ]
[cegb_penalty_feature_coupled: ]
[path_smooth: 0]
[interaction_constraints: ]
[verbosity: -1]
[saved_feature_importance_type: 0]
[use_quantized_grad: 0]
[num_grad_quant_bins: 4]
[quant_train_renew_leaf: 0]
[stochastic_rounding: 1]
[linear_tree: 0]
[max_bin: 255]
[max_bin_by_feature: ]
[min_data_in_bin: 3]
[bin_construct_sample_cnt: 200000]
[data_random_seed: 20260321]
[is_enable_sparse: 1]
[enable_bundle: 1]
[use_missing: 1]
[zero_as_missing: 0]
[feature_pre_filter: 1]
[pre_partition: 0]
[two_round: 0]
[header: 0]
[label_column: ]
[weight_column: ]
[group_column: ]
[ignore_column: ]
[categorical_feature: ]
[forcedbins_filename: ]
[precise_float_parser: 0]
[parser_config_file: ]
[objective_seed: 21012]
[num_class: 1]
[is_unbalance: 0]
[scale_pos_weight: 1]
[sigmoid: 1]
[boost_from_average: 1]
[reg_sqrt: 0]
[alpha: 0.9]
[fair_c: 1]
[poisson_max_delta_step: 0.7]
[tweedie_variance_power: 1.5]
[lambdarank_truncation_level: 30]
[lambdarank_norm: 1]
[label_gain: ]
[lambdarank_position_bias_regularization: 0]
[eval_at: ]
[multi_error_top_k: 1]
[auc_mu_weights: ]
[num_machines: 1]
[local_listen_port: 12400]
[time_out: 120]
[machine_list_filename: ]
[machines: ]
[gpu_platform_id: -1]
[gpu_device_id: -1]
[gpu_use_dp: 0]
[num_gpu: 1]

end of parameters

pandas_categorical:null
