tree
version=v4
num_class=1
num_tree_per_iteration=1
label_index=0
max_feature_idx=25
objective=binary sigmoid:1
feature_names=same_market_raw_bool same_source_dataset_bool profile_category_jaccard shared_title_count_capped shared_description_count_capped shared_category_count_capped shared_title_idf_sum shared_description_idf_sum shared_title_idf_mean shared_description_idf_mean boilerplate_ratio_max boilerplate_ratio_gap_abs shared_boilerplate_count shared_low_df_sentence_count shared_rare_ngram_count item_count_percentile_gap_abs price_median_percentile_gap_abs title_length_median_percentile_gap_abs description_length_median_percentile_gap_abs digit_ratio_mean_percentile_gap_abs punct_ratio_mean_percentile_gap_abs repeated_title_share_percentile_gap_abs repeated_description_share_percentile_gap_abs max_category_share_percentile_gap_abs embedding_cosine_bge_m3 reranker_score_bge_reranker_v2_m3
feature_infos=[0:1] [0:1] [0:1] [0:5] [0:5] [0:5] [0:70.616864000000007] [0:79.443972000000002] [0:8.8271080000000008] [0:8.8271080000000008] [0:0.20000000000000001] [0:0.20000000000000001] [0:1] [0:9] [0:8] [0:0.70916299999999999] [0:0.96791400000000005] [0:0.92293000000000003] [0:0.88129299999999999] [0:0.90190499999999996] [0:0.93838699999999997] [0:0.78087600000000001] [0:0.625498] [0:0.99695599999999995] [0.71749799999999997:0.99786200000000003] [0.0015900000000000001:0.92668499999999998]
tree_sizes=778 787 890 855 756 866 874 685 884 891 681 769 877 889 572 864 669 871 681 746 682 870 885 680 679 686 856 772 887 883 858 654 870 870 837 559 896 874 685 864 786 772 661 679 882 889 854 679 680 853 682 680 790 670 659 848 886 671 673 776 889 764 656 745 872 565 741 744 867 573 882 683 871 756 856 575 760 833 564 854 677 895 891 682 789 678 678 660 684 767 870 683 682 873 573 779 779 865 882 880 866 681 790 664 653 895 676 877 837 675 658 884 791 683 662 869 749 852 577 772

Tree=0
num_leaves=6
num_cat=0
split_feature=24 3 22 20 17
split_gain=86.2413 45.9776 37.1952 7.34383 2.86632
threshold=0.84578900000000012 1.5000000000000002 0.0022595000000000007 0.13570500000000002 0.37939200000000006
decision_type=2 10 8 8 10
left_child=3 2 -2 4 -1
right_child=1 -3 -4 -5 -6
leaf_value=0.0023942700174506394 -0.023180212207834765 0.050243491904168935 0.013769795131854522 -0.047300209972242789 -0.023410943462278025
leaf_weight=5.6387100815772992 32.889553189277649 18.524096012115479 73.649733774363995 28.632363438606262 2.7394208908081055
leaf_count=21 158 40 481 253 16
internal_value=-0.0016655 0.01019 0.00176671 -0.0402369 -0.00735462
internal_weight=162.074 125.063 106.539 37.0105 8.37813
internal_count=969 679 639 290 37
is_linear=0
shrinkage=1


Tree=1
num_leaves=6
num_cat=0
split_feature=3 19 19 16 18
split_gain=76.3122 24.4256 21.5166 7.55281 1.64032
threshold=1.0000000180025095e-35 0.50499100000000008 0.0041160000000000007 0.23102650000000002 0.28000050000000004
decision_type=10 10 8 10 10
left_child=1 2 -1 -2 -3
right_child=3 4 -4 -5 -6
leaf_value=-0.038566791031724224 0.049952796736524446 -0.042888716306398393 0.0025123777849840319 0.0013304251783426717 -0.007405408177234226
leaf_weight=9.7072204798459989 24.874558925628666 13.128733009099962 110.25406984984875 4.8316151499748221 5.2751564532518378
leaf_count=55 55 75 749 18 24
internal_value=0.00242162 -0.00699296 -0.0014276 0.0438092 -0.0365831
internal_weight=168.071 138.365 119.961 29.7062 18.4039
internal_count=976 903 804 73 99
is_linear=0
shrinkage=0.03


Tree=2
num_leaves=7
num_cat=0
split_feature=25 4 23 23 18 15
split_gain=73.431 28.292 16.6576 16.2761 12.9283 10.1357
threshold=0.28514000000000006 1.0000000180025095e-35 0.71218550000000014 0.69708550000000014 0.18290500000000001 0.0022240000000000003
decision_type=2 10 10 10 8 8
left_child=1 4 -3 5 -1 -2
right_child=3 2 -4 -5 -6 -7
leaf_value=-0.037290625959908202 -0.0028155835076198806 0.035067126503441945 -0.021508079462786416 -0.0080571446022186487 -0.011724770238780978 0.03391372843446034
leaf_weight=34.861398011445999 5.5638772696256629 11.199482962489126 3.886811912059783 9.6928226202726346 51.120517425239086 49.499987073242664
leaf_count=185 24 28 21 43 447 242
internal_value=-0.000607273 -0.0165912 0.0176826 0.0235267 -0.0233354 0.0297321
internal_weight=165.825 101.068 15.0863 64.7567 85.9819 55.0639
internal_count=990 681 49 309 632 266
is_linear=0
shrinkage=0.03


Tree=3
num_leaves=7
num_cat=0
split_feature=24 25 4 21 25 4
split_gain=76.2523 39.7165 20.5777 18.0249 4.64894 3.23111
threshold=0.84578900000000012 0.23167300000000005 1.0000000180025095e-35 1.0000000180025095e-35 0.57343350000000004 1.0000000180025095e-35
decision_type=2 2 10 8 2 10
left_child=4 2 -2 -3 5 -1
right_child=1 3 -4 -5 -6 -7
leaf_value=-0.039708213906175183 -0.013500928696156028 0.0020255824249933853 0.024484201463490531 0.037914667726531875 0 0
leaf_weight=33.464520983397961 51.581665508449078 20.048432901501656 13.532796129584311 44.871841050684452 2.2342916205525389 1.7798755466938008
leaf_count=271 360 78 40 216 13 7
internal_value=0.000593776 0.0117234 -0.00443534 0.0278522 -0.0352871 -0.0377799
internal_weight=167.513 130.035 65.1145 64.9203 37.4787 35.2444
internal_count=985 694 400 294 291 278
is_linear=0
shrinkage=0.03


Tree=4
num_leaves=6
num_cat=0
split_feature=24 3 19 5 23
split_gain=84.2894 36.2802 19.81 8.46713 4.00359
threshold=0.8605735000000001 1.5000000000000002 0.00032450000000000008 1.5000000000000002 0.93003350000000007
decision_type=2 10 8 10 10
left_child=3 2 -2 4 -1
right_child=1 -3 -4 -5 -6
leaf_value=-0.035366370715851095 -0.03037455626729485 0.047752302760575197 0.010934859539624611 0.0088303862455866283 0
leaf_weight=44.575832206755877 8.6051870137453061 21.636649161577225 88.361231319606304 2.3629411607980719 4.0731244832277289
leaf_count=354 47 47 515 7 17
internal_value=0.000991271 0.0149912 0.00616727 -0.030028 -0.0328995
internal_weight=169.615 118.603 96.9664 51.0119 48.649
internal_count=987 609 562 378 371
is_linear=0
shrinkage=0.03


Tree=5
num_leaves=7
num_cat=0
split_feature=24 25 4 25 24 15
split_gain=67.8796 34.6893 20.0304 13.2748 7.69803 4.08286
threshold=0.8605735000000001 0.28514000000000006 1.0000000180025095e-35 0.45430850000000006 0.91240100000000013 0.43972050000000001
decision_type=2 2 10 2 2 10
left_child=3 2 -2 5 -3 -1
right_child=1 4 -4 -5 -6 -7
leaf_value=-0.036034585412462468 -0.010193810103052255 0.011488954422151934 0.02850809200113244 0.0040648929660272934 0.041321301454979822 0
leaf_weight=40.498527459800243 50.461012940853834 18.662537053227425 12.449830025434492 7.5493277460336676 29.365799605846405 1.4357724338769902
leaf_count=335 354 100 34 43 106 5
internal_value=8.6984e-05 0.013268 -0.00113071 -0.0279618 0.0316741 -0.0342815
internal_weight=160.423 110.939 62.9108 49.4836 48.0283 41.9343
internal_count=977 594 388 383 206 340
is_linear=0
shrinkage=0.03


Tree=6
num_leaves=7
num_cat=0
split_feature=25 21 19 20 4 19
split_gain=55.0471 36.9741 19.5729 8.09983 4.86055 2.11307
threshold=0.38018800000000003 0.032134000000000003 0.27263750000000003 0.45587550000000004 1.0000000180025095e-35 0.010352500000000002
decision_type=2 10 10 10 10 8
left_child=1 2 -1 5 -3 -2
right_child=3 4 -4 -5 -6 -7
leaf_value=-0.0094604288916981267 0 0.0035864358870571406 -0.039762244388675934 -0.0051124988176032855 0.037757079187401697 0.029649497026521671
leaf_weight=66.013382982462645 2.5772191137075415 9.995589956641199 28.624979212880135 4.9157912880182257 8.2566094100475294 44.112446703016758
leaf_count=530 10 38 158 22 18 205
internal_value=-0.000286492 -0.0121559 -0.0198731 0.0243706 0.0236034 0.0281997
internal_weight=164.496 112.891 94.6384 51.6055 18.2522 46.6897
internal_count=981 744 688 237 56 215
is_linear=0
shrinkage=0.03


Tree=7
num_leaves=5
num_cat=0
split_feature=3 21 19 21
split_gain=69.3751 30.9758 10.8901 9.02996
threshold=1.5000000000000002 0.00092500000000000015 0.38322950000000006 0.11378600000000001
decision_type=10 8 10 10
left_child=1 2 -1 -3
right_child=-2 3 -4 -5
leaf_value=-0.013393493028718527 0.045676949230772632 -0.0021385545199423214 -0.043636555850411048 0.021278509508105017
leaf_weight=38.759011566638947 21.428346902132034 74.351507782936096 18.772062718868256 15.011627450585364
leaf_count=176 47 634 109 47
internal_value=-0.00102558 -0.00881633 -0.0254309 0.00203371
internal_weight=168.323 146.894 57.5311 89.3631
internal_count=1013 966 285 681
is_linear=0
shrinkage=0.03


Tree=8
num_leaves=7
num_cat=0
split_feature=24 21 25 7 20 24
split_gain=63.86 34.2003 16.6191 14.1036 9.23408 4.69401
threshold=0.84578900000000012 1.0000000180025095e-35 0.23167300000000005 17.510375000000007 0.14446400000000001 0.82064700000000002
decision_type=2 8 2 10 8 2
left_child=4 3 -3 -2 5 -1
right_child=1 2 -4 -5 -6 -7
leaf_value=-0.020580729242642863 -0.017453822649279232 0.0063293277684924364 0.034597212331966852 0.024593643630456945 -0.03883155713305101 0.011957836116766193
leaf_weight=4.1995813846588117 36.417471066117287 39.301154859364033 43.281205214560032 5.5260115563869467 30.127538256347179 5.3940236270427704
leaf_count=23 171 277 212 14 267 18
internal_value=0.000337504 0.01114 0.0221884 -0.00997475 -0.0312303 -0.00141328
internal_weight=164.247 124.526 82.5824 41.9435 39.7211 9.59361
internal_count=982 674 489 185 308 41
is_linear=0
shrinkage=0.03


Tree=9
num_leaves=7
num_cat=0
split_feature=24 25 19 24 19 15
split_gain=60.8019 29.5441 13.8608 11.7008 8.38756 1.76015
threshold=0.84578900000000012 0.28514000000000006 0.00032450000000000008 0.91259650000000014 0.28712300000000007 0.087361000000000008
decision_type=2 2 8 2 8 10
left_child=4 2 -2 -3 5 -1
right_child=1 3 -4 -5 -6 -7
leaf_value=0.0053074790601483676 -0.032628713807008269 0.008231309379458665 0.0032018488577073437 0.038949105599648308 -0.038770590367527606 -0.012315147585492452
leaf_weight=3.6625687927007666 8.2641073614358884 24.403086956590414 63.862215232104063 29.824678234755993 28.32261847704649 9.208038851618765
leaf_count=13 47 132 394 110 262 44
internal_value=0.000124457 0.0106731 -0.00164324 0.0268061 -0.0300811 -0.0053547
internal_weight=167.547 126.354 72.1263 54.2278 41.1932 12.8706
internal_count=1002 683 441 242 319 57
is_linear=0
shrinkage=0.03


Tree=10
num_leaves=5
num_cat=0
split_feature=3 24 25 20
split_gain=57.4896 40.476 22.9674 8.87251
threshold=1.5000000000000002 0.84578900000000012 0.43704550000000003 0.14446400000000001
decision_type=10 2 2 8
left_child=1 3 -3 -1
right_child=-2 2 -4 -5
leaf_value=-0.0017559135528130748 0.043504041096735085 -0.0068650145224105185 0.022724940287469887 -0.040314045343944255
leaf_weight=8.7798882722854596 19.805498749017715 74.743478249758482 30.654032550752163 29.394047923386097
leaf_count=38 44 478 146 263
internal_value=-0.000621555 -0.00767915 0.00185499 -0.0329485
internal_weight=163.377 143.571 105.398 38.1739
internal_count=969 925 624 301
is_linear=0
shrinkage=0.03


Tree=11
num_leaves=6
num_cat=0
split_feature=3 24 21 24 17
split_gain=57.9504 34.9293 25.4729 6.2878 4.61779
threshold=1.0000000180025095e-35 0.84578900000000012 1.0000000180025095e-35 0.86445400000000017 0.14959500000000003
decision_type=10 2 8 2 8
left_child=1 4 -3 -2 -1
right_child=3 2 -4 -5 -6
leaf_value=-0.00088585590411753145 0 -0.018504248095208172 0.012252413003576174 0.0408640654532927 -0.036216366002047869
leaf_weight=5.8032923489809027 3.7004786431789425 35.263168826699257 62.74052232131362 25.267080187797546 32.191977348178625
leaf_count=26 15 168 446 60 283
internal_value=-0.000193305 -0.00874017 0.000667786 0.0360492 -0.0320116
internal_weight=164.967 135.999 98.0037 28.9676 37.9953
internal_count=998 923 614 75 309
is_linear=0
shrinkage=0.03


Tree=12
num_leaves=7
num_cat=0
split_feature=4 21 25 16 25 17
split_gain=55.9469 26.1968 12.8387 10.6747 7.33063 4.44932
threshold=1.0000000180025095e-35 0.11378600000000001 0.28514000000000006 0.22656400000000002 0.68764550000000013 0.18384550000000002
decision_type=10 8 2 10 2 10
left_child=1 4 -3 -2 -1 -5
right_child=3 2 -4 5 -6 -7
leaf_value=-0.024904733396483685 0.03995259424595745 -0.0061679199239248507 0.021578729337393531 0.01390213216318432 0.0062435700817867149 -0.021125061533927559
leaf_weight=65.52770234644413 25.990110248327255 34.401314534246922 21.304302848875523 5.2675071358680716 4.7163968086242667 2.3925780653953552
leaf_count=331 63 376 166 16 16 14
internal_value=-0.000894657 -0.0103507 0.00449306 0.0316301 -0.0222337 0
internal_weight=159.6 125.95 55.7056 33.6502 70.2441 7.66009
internal_count=982 889 542 93 347 30
is_linear=0
shrinkage=0.03


Tree=13
num_leaves=7
num_cat=0
split_feature=24 25 20 15 5 24
split_gain=46.0753 27.9028 15.5831 9.62936 7.70832 6.71336
threshold=0.84578900000000012 0.28514000000000006 0.018452500000000004 0.32105100000000003 1.5000000000000002 0.79360300000000017
decision_type=2 2 8 10 10 2
left_child=3 2 -2 4 -1 -5
right_child=1 -3 -4 5 -6 -7
leaf_value=-0.036840129873211211 -0.033293232996397228 0.025992324365408364 0.0034498256742436046 -0.021203295889167702 0.0082866582553065438 0.020891378877100384
leaf_weight=29.859703872352842 9.2125670462846738 51.833371255546808 62.907105498015881 3.0065652877092353 1.5416449904441822 4.6577835530042648
leaf_count=276 53 237 388 18 4 14
internal_value=0.000636801 0.0098148 -0.00198653 -0.0263944 -0.0332231 0.000245929
internal_weight=163.019 123.953 72.1197 39.0657 31.4013 7.66435
internal_count=990 678 441 312 280 32
is_linear=0
shrinkage=0.03


Tree=14
num_leaves=4
num_cat=0
split_feature=3 24 19
split_gain=52.2225 32.8613 19.291
threshold=1.5000000000000002 0.82064700000000002 0.50499100000000008
decision_type=10 2 10
left_child=1 -1 -3
right_child=-2 2 -4
leaf_value=-0.037164646063625184 0.041706490976073152 0.0050640270656396947 -0.030752100653253435
leaf_weight=21.711348257958889 21.479150354862213 109.51945913955569 12.346705660223959
leaf_count=188 49 679 69
internal_value=0.001014 -0.00559793 0.000543447
internal_weight=165.057 143.578 121.866
internal_count=985 936 748
is_linear=0
shrinkage=0.03


Tree=15
num_leaves=7
num_cat=0
split_feature=21 9 25 19 25 15
split_gain=40.7148 25.6422 15.8206 11.14 11.1395 8.94678
threshold=1.0000000180025095e-35 7.9813810000000007 0.21754000000000004 0.26923150000000007 0.38368250000000004 0.32105100000000003
decision_type=10 8 2 10 2 8
left_child=1 4 3 -2 -1 -3
right_child=2 5 -4 -5 -6 -7
leaf_value=-0.032028066146590463 0.01655915187839575 0.02942965452604665 0.03499896650875442 -0.017079883736869608 0 -0.00069501721967756545
leaf_weight=38.688902050256729 20.315532878041271 7.6323237568140021 29.511985018849373 10.874917119741438 14.496596872806547 42.836103200912476
leaf_count=212 68 19 77 55 60 498
internal_value=0.00108617 -0.0100813 0.0202031 0.00348353 -0.024139 0.00469527
internal_weight=164.356 103.654 60.7024 31.1904 53.1855 50.4684
internal_count=989 789 200 123 272 517
is_linear=0
shrinkage=0.03


Tree=16
num_leaves=5
num_cat=0
split_feature=3 24 19 19
split_gain=46.12 28.4563 15.9015 3.91965
threshold=1.5000000000000002 0.84578900000000012 0.00032450000000000008 0.28712300000000007
decision_type=10 2 8 8
left_child=1 3 -3 -1
right_child=-2 2 -4 -5
leaf_value=-0.006103737834029439 0.040037878622553452 -0.031612955554153999 0.0058592013595653823 -0.034396303258955069
leaf_weight=10.323678746819494 19.417008012533188 8.3021394461393339 93.854630276560783 25.658477623015642
leaf_count=48 45 48 583 250
internal_value=0 -0.00628369 0.0017136 -0.0281429
internal_weight=157.556 138.139 102.157 35.9822
internal_count=974 929 631 298
is_linear=0
shrinkage=0.03


Tree=17
num_leaves=7
num_cat=0
split_feature=4 2 2 23 7 18
split_gain=35.9969 23.8054 18.793 18.4254 4.71145 1.95461
threshold=1.0000000180025095e-35 0.41428550000000003 1.0000000180025095e-35 0.73287700000000011 1.0000000180025095e-35 0.15759200000000004
decision_type=10 10 10 10 10 10
left_child=1 2 -1 -2 -3 -5
right_child=3 4 -4 5 -6 -7
leaf_value=-0.0050538693791364591 0.037939242399973497 -0.026964528165188115 0.024856810673245869 0 0.0026726224907488967 -0.023090396061207146
leaf_weight=69.235566131770611 27.00374861061573 37.779281795024872 22.330074772238731 2.7862459719181052 2.8626942783594123 2.8820030689239502
leaf_count=619 67 201 69 10 10 17
internal_value=0.00107041 -0.0058382 0.00248035 0.0280071 -0.0241493 -0.0126035
internal_weight=164.88 132.208 91.5656 32.672 40.642 5.66825
internal_count=993 899 688 94 211 27
is_linear=0
shrinkage=0.03


Tree=18
num_leaves=5
num_cat=0
split_feature=3 24 22 20
split_gain=44.4066 21.0118 17.3745 4.63629
threshold=1.5000000000000002 0.85325150000000016 0.0022595000000000007 0.21748450000000003
decision_type=10 2 8 8
left_child=1 3 -3 -1
right_child=-2 2 -4 -5
leaf_value=-0.0042609978721439195 0.038559174397746067 -0.017660833317726738 0.0088944879866585062 -0.03074050168380188
leaf_weight=12.056575968861578 18.57583487033844 29.731306686997414 65.61255606636405 29.770642843097448
leaf_count=55 44 144 441 281
internal_value=-0.00130638 -0.00762875 2.24864e-05 -0.0245731
internal_weight=155.747 137.171 95.3439 41.8272
internal_count=965 921 585 336
is_linear=0
shrinkage=0.03


Tree=19
num_leaves=6
num_cat=0
split_feature=21 19 7 23 6
split_gain=31.8012 24.7529 13.0793 9.97087 0.935658
threshold=0.045361000000000005 0.38322950000000006 16.918525500000005 1.0000000180025095e-35 8.2941500000000019
decision_type=10 10 10 10 10
left_child=1 2 -1 -2 -3
right_child=3 4 -4 -5 -6
leaf_value=-0.003633832191669331 -0.010755222952115572 -0.033031317970774056 0.028094609645416983 0.032666618942411109 0
leaf_weight=93.734472956508398 3.0369000434875515 23.39725469052792 10.295198172330855 26.252005532383919 1.8679930269718159
leaf_count=713 15 136 27 71 8
internal_value=0 -0.00655328 0 0.0266542 -0.0314511
internal_weight=158.584 129.295 104.03 29.2889 25.2652
internal_count=970 884 740 86 144
is_linear=0
shrinkage=0.03


Tree=20
num_leaves=5
num_cat=0
split_feature=3 25 20 24
split_gain=47.3128 29.4796 13.6868 6.24687
threshold=1.5000000000000002 0.47717150000000003 0.22530800000000004 0.82064700000000002
decision_type=10 2 10 2
left_child=1 2 -1 -3
right_child=-2 3 -4 -5
leaf_value=-0.0068493851932057981 0.038437608345700848 -0.014585857989390567 -0.030351555517869073 0.020824760795489311
leaf_weight=75.365896429866552 20.357310771942139 2.0143828094005611 33.861465111374855 29.276463251560926
leaf_count=602 49 18 189 143
internal_value=-0.000968731 -0.00757082 -0.0150192 0.0165937
internal_weight=160.876 140.518 109.227 31.2908
internal_count=1001 952 791 161
is_linear=0
shrinkage=0.03


Tree=21
num_leaves=7
num_cat=0
split_feature=3 2 2 7 16 18
split_gain=40.8141 26.5848 19.2699 6.38717 5.32826 1.93459
threshold=1.0000000180025095e-35 0.34848450000000003 1.0000000180025095e-35 8.2941500000000019 0.22656400000000002 0.19956300000000002
decision_type=10 10 10 10 8 10
left_child=1 2 -1 -3 -2 -6
right_child=4 3 -4 -5 5 -7
leaf_value=-0.0054407812070785735 0.037661551952917038 -0.0288230283575504 0.025631689032773353 0.0071825134307874332 0.013206940191195241 -0.010730692886865274
leaf_weight=68.540154740214348 21.540793046355251 40.006112471222878 20.769751563668251 2.3356786966323844 3.5100881606340399 2.2594691663980484
leaf_count=606 53 219 63 7 10 12
internal_value=0 -0.00706429 0.00205855 -0.0258314 0.0314673 0
internal_weight=158.962 131.652 89.3099 42.3418 27.3104 5.76956
internal_count=970 895 669 226 75 22
is_linear=0
shrinkage=0.03


Tree=22
num_leaves=7
num_cat=0
split_feature=24 4 23 23 19 17
split_gain=34.1735 19.6901 22.4694 10.2561 9.94824 4.75749
threshold=0.84578900000000012 1.0000000180025095e-35 0.00089200000000000011 0.71218550000000014 0.28712300000000007 0.26618100000000006
decision_type=2 10 8 10 8 10
left_child=4 2 -2 -3 5 -1
right_child=1 3 -4 -5 -6 -7
leaf_value=0.014201945192106141 -0.02023821877161025 0.036742354172958451 0.010533315152572574 -0.0037564097122235306 -0.032407811010168076 -0.016416831339472693
leaf_weight=6.6837763041257841 27.331245452165604 23.075684264302257 68.354396514594555 4.8756114542484275 26.743786070495844 5.6399306803941727
leaf_count=23 138 58 473 21 261 31
internal_value=0.000229343 0.00818281 0.00109183 0.0290294 -0.0230164 0
internal_weight=162.704 123.637 95.6856 27.9513 39.0675 12.3237
internal_count=1005 690 611 79 315 54
is_linear=0
shrinkage=0.03


Tree=23
num_leaves=5
num_cat=0
split_feature=3 25 24 22
split_gain=39.2837 28.5122 13.688 11.5092
threshold=1.5000000000000002 0.32855050000000002 0.91320450000000009 0.024442000000000002
decision_type=10 2 2 8
left_child=1 3 -3 -1
right_child=-2 2 -4 -5
leaf_value=-0.031454072762692631 0.036305342349070312 -0.0019201031943744647 0.028313910227731543 -0.0081074365555350858
leaf_weight=30.700429365038872 18.361439943313599 28.487575463950634 19.581356760114431 62.856117241084576
leaf_count=177 46 170 90 512
internal_value=-0.00146943 -0.00722579 0.0107484 -0.0168185
internal_weight=159.987 141.625 48.0689 93.5565
internal_count=995 949 260 689
is_linear=0
shrinkage=0.03


Tree=24
num_leaves=5
num_cat=0
split_feature=3 21 23 9
split_gain=31.5976 17.7665 10.8598 5.9056
threshold=1.5000000000000002 0.11378600000000001 0.016871000000000004 7.9813810000000007
decision_type=10 8 10 10
left_child=1 3 -3 -1
right_child=-2 2 -4 -5
leaf_value=-0.018097115628303583 0.035135690055620034 -0.00071921711490740225 0.027187076572604271 0.0036282512080975226
leaf_weight=67.084028035402298 16.506502628326416 42.706751145422459 13.657740265130995 9.7318817824125272
leaf_count=342 42 491 38 36
internal_value=-0.00037166 -0.00566985 0.00656962 -0.0149359
internal_weight=149.687 133.18 56.3645 76.8159
internal_count=949 907 529 378
is_linear=0
shrinkage=0.03


Tree=25
num_leaves=5
num_cat=0
split_feature=3 21 25 13
split_gain=27.1595 19.4328 16.3893 4.97402
threshold=1.5000000000000002 0.00092500000000000015 0.21754000000000004 1.0000000180025095e-35
decision_type=10 8 2 10
left_child=1 3 -3 -1
right_child=-2 2 -4 -5
leaf_value=-0.020557467275126563 0.034589709561227727 -0.0055655082672963346 0.019769869509161115 0.0020363455714222187
leaf_weight=47.887958258390427 15.956650525331495 50.349695898592472 36.284820415079594 7.1574934720993033
leaf_count=256 41 411 245 27
internal_value=0.000684771 -0.00356446 0.00501746 -0.0171494
internal_weight=157.637 141.68 86.6345 55.0455
internal_count=980 939 656 283
is_linear=0
shrinkage=0.03


Tree=26
num_leaves=7
num_cat=0
split_feature=4 25 23 21 17 17
split_gain=24.73 19.2719 11.4181 9.48654 4.22075 0.85014
threshold=1.0000000180025095e-35 0.38018800000000003 0.73287700000000011 0.0143885 0.55837000000000014 0.18384550000000002
decision_type=10 2 10 8 10 10
left_child=1 3 -2 -1 -3 -4
right_child=2 4 5 -5 -6 -7
leaf_value=-0.022905363008715169 0.033807572121997448 0.01617256870010984 0 -0.0025799456481791563 -0.012601399950499302 -0.016364314236760932
leaf_weight=36.161989286541939 23.5875757932663 35.333708375692368 2.8627265244722357 53.938819464296103 1.7928682565689076 1.8716612756252287
leaf_count=202 63 199 11 481 11 11
internal_value=0.00163928 -0.00394971 0.0256774 -0.011535 0.0131972 -0.00835154
internal_weight=155.549 127.227 28.322 90.1008 37.1266 4.73439
internal_count=978 893 85 683 210 22
is_linear=0
shrinkage=0.03


Tree=27
num_leaves=6
num_cat=0
split_feature=4 23 23 23 15
split_gain=29.4695 17.2157 16.4146 16.1993 3.35645
threshold=1.0000000180025095e-35 0.73287700000000011 0.00089200000000000011 0.57592050000000017 0.21938700000000003
decision_type=10 10 8 8 10
left_child=2 -2 4 -4 -1
right_child=1 -3 3 -5 -6
leaf_value=-0.026031525492659444 0.034400091648011596 -0.017521422667971666 0.019977176896432022 -0.007569765211967899 0
leaf_weight=32.390020996332169 25.368914499878887 4.3905423879623404 24.122725948691368 62.577747881412506 6.5761887878179541
leaf_count=182 68 23 78 603 30
internal_value=-0.000290789 0.0249211 -0.00693629 0.000171987 -0.0223488
internal_weight=155.426 29.7595 125.667 86.7005 38.9662
internal_count=984 91 893 681 212
is_linear=0
shrinkage=0.03


Tree=28
num_leaves=7
num_cat=0
split_feature=24 25 7 24 5 15
split_gain=27.485 13.7912 8.83673 6.08701 3.90501 3.66016
threshold=0.84578900000000012 0.23167300000000005 16.918525500000005 0.92105400000000015 1.5000000000000002 0.32105100000000003
decision_type=2 2 10 2 10 10
left_child=4 2 -2 -3 5 -1
right_child=1 3 -4 -5 -6 -7
leaf_value=-0.029709837544845342 -0.007626864266277622 0.0062879988597153852 0.022397751464246614 0.027859412425100444 0.0054691093576835935 -0.0008800704058658553
leaf_weight=27.055058121681213 56.408116687089205 33.768925126641989 7.1208376437425605 23.749322935938835 1.4251843094825734 7.3177880346775046
leaf_count=270 385 184 20 103 4 35
internal_value=-0.000424159 0.00628801 -0.0029523 0.0166301 -0.0226251 -0.0249382
internal_weight=156.845 121.047 63.529 57.5182 35.798 34.3728
internal_count=1001 692 405 287 309 305
is_linear=0
shrinkage=0.03


Tree=29
num_leaves=7
num_cat=0
split_feature=25 21 21 19 19 4
split_gain=23.7234 16.0598 7.5146 7.29442 5.11165 3.00067
threshold=0.28514000000000006 0.032134000000000003 1.0000000180025095e-35 0.37988950000000005 0.56118850000000009 1.0000000180025095e-35
decision_type=2 10 10 10 10 10
left_child=1 4 3 -2 -1 -3
right_child=2 5 -4 -5 -6 -7
leaf_value=-0.01026219107371009 0.011056819019260099 0.00054618280551432417 0.027547049061580047 -0.018873300965154403 -0.033231861811602481 0.02748487723866572
leaf_weight=67.764942795038223 32.254204832017422 10.460932388901712 22.268102139234543 5.8620876222848883 10.802470222115515 6.3904662430286399
leaf_count=530 218 41 64 34 72 16
internal_value=0 -0.00903727 0.0144926 0.00468288 -0.0148942 0.014883
internal_weight=155.803 95.4188 60.3844 38.1163 78.5674 16.8514
internal_count=975 659 316 252 602 57
is_linear=0
shrinkage=0.03


Tree=30
num_leaves=7
num_cat=0
split_feature=24 22 24 20 20 25
split_gain=24.7148 17.003 11.167 8.16559 8.06247 4.32745
threshold=0.84578900000000012 0.0022595000000000007 0.95415600000000012 0.21748450000000003 0.2692235 0.21754000000000004
decision_type=2 8 2 8 8 2
left_child=3 2 -2 5 -3 -1
right_child=1 4 -4 -5 -6 -7
leaf_value=-0.013078090244004966 -0.020667266041924395 0.023864025743868467 0.015287619405678562 -0.029553542761172058 0.0040574085906087496 0.017149561598532776
leaf_weight=6.4242564141750318 23.878588020801548 38.375522017478943 7.4857566952705374 24.399467326700687 44.139263197779655 4.7618253976106644
leaf_count=35 125 120 26 251 391 15
internal_value=0 0.00695971 -0.0106274 -0.0207303 0.0141338 0
internal_weight=149.465 113.879 31.3643 35.5855 82.5148 11.1861
internal_count=963 662 151 301 511 50
is_linear=0
shrinkage=0.03


Tree=31
num_leaves=5
num_cat=0
split_feature=3 25 21 2
split_gain=30.594 20.0308 6.03504 5.94045
threshold=1.5000000000000002 0.38368250000000004 0.29816800000000004 0.32575750000000009
decision_type=10 2 10 10
left_child=1 2 -1 -3
right_child=-2 3 -4 -5
leaf_value=-0.013383137777443028 0.034189581903529394 0.021941784241763705 0.013595555633194385 0
leaf_weight=91.132036950439215 18.953436344861984 23.213923916220665 4.6302535086870185 16.653815925121307
leaf_count=689 52 147 14 69
internal_value=0.00116094 -0.00387819 -0.0114016 0.0130264
internal_weight=154.583 135.63 95.7623 39.8677
internal_count=971 919 703 216
is_linear=0
shrinkage=0.03


Tree=32
num_leaves=7
num_cat=0
split_feature=24 19 24 19 24 19
split_gain=27.7903 17.3153 15.1657 2.38143 2.26866 2.18206
threshold=0.84578900000000012 0.0041160000000000007 0.91240100000000013 0.28712300000000007 0.96600550000000018 0.22398500000000002
decision_type=2 8 2 8 2 8
left_child=3 4 -3 5 -2 -1
right_child=1 2 -4 -5 -6 -7
leaf_value=-0.014523229638338535 -0.031860962159234008 3.188869827245924e-05 0.023218246603673047 -0.029138031396757275 0 0.0063844763897946532
leaf_weight=6.9425058960914585 7.9132387191057187 62.697618927806616 42.915911395102739 23.232741702347994 1.4959736913442609 3.4793273359537134
leaf_count=38 50 387 225 248 6 13
internal_value=-0.000686226 0.00621334 0.0101109 -0.0236642 -0.0269853 -0.00544115
internal_weight=148.677 115.023 105.614 33.6546 9.40921 10.4218
internal_count=967 668 612 299 56 51
is_linear=0
shrinkage=0.03


Tree=33
num_leaves=7
num_cat=0
split_feature=24 19 19 20 17 15
split_gain=25.7713 17.8722 14.6122 8.88211 3.46596 1.53985
threshold=0.84578900000000012 0.00032450000000000008 0.57113900000000017 0.14446400000000001 0.27320650000000007 0.35334300000000007
decision_type=2 8 10 8 10 10
left_child=3 -2 -3 4 -1 -5
right_child=1 2 -4 5 -6 -7
leaf_value=0.015762359994513836 -0.027957260632415416 0.014787298676203372 -0.021094012816303086 -0.031798119655660824 -0.012798852454056332 0
leaf_weight=5.4365312457084638 8.2203220278024656 101.48173392564058 8.0412551611661893 22.093680128455166 3.4586046040058136 2.8525997102260581
leaf_count=18 51 582 45 239 20 15
internal_value=0.000905526 0.00777193 0.0113941 -0.0208577 0.001708 -0.0292971
internal_weight=151.585 117.743 109.523 33.8414 8.89514 24.9463
internal_count=970 678 627 292 38 254
is_linear=0
shrinkage=0.03


Tree=34
num_leaves=7
num_cat=0
split_feature=21 19 19 23 15 16
split_gain=23.8822 17.8939 9.31458 4.19128 1.06673 0.231029
threshold=0.052490000000000002 0.38322950000000006 0.0041160000000000007 1.0000000180025095e-35 0.35334300000000007 0.0019725000000000007
decision_type=10 10 8 10 10 8
left_child=1 2 -1 -2 -3 -5
right_child=3 4 -4 5 -6 -7
leaf_value=-0.023856175177354073 0 -0.031559716277859487 0.0026193525817319327 0 0 0.028435377440609526
leaf_weight=10.610377386212347 3.4165789484977749 19.135916560888294 92.574916385114193 0.5491731613874461 2.8890517950057975 22.363752007484436
leaf_count=63 15 125 701 2 15 65
internal_value=-0.000482317 -0.00624591 -0.000417639 0.023739 -0.0290287 0.0279895
internal_weight=151.54 125.21 103.185 26.3295 22.025 22.9129
internal_count=986 904 764 82 140 67
is_linear=0
shrinkage=0.03


Tree=35
num_leaves=4
num_cat=0
split_feature=3 19 24
split_gain=23.913 16.8666 13.1665
threshold=1.5000000000000002 0.5363880000000002 0.79360300000000017
decision_type=10 10 2
left_child=1 2 -1
right_child=-2 -3 -4
leaf_value=-0.030818605943080619 0.03234939249237162 -0.03207488594456407 0.0031278027590809715
leaf_weight=8.3109410442411882 15.562483131885527 13.801453933119772 110.13743913918734
leaf_count=92 44 94 728
internal_value=0.00024444 -0.00394544 0
internal_weight=147.812 132.25 118.448
internal_count=958 914 820
is_linear=0
shrinkage=0.03


Tree=36
num_leaves=7
num_cat=0
split_feature=25 4 23 23 23 20
split_gain=24.8052 13.6639 9.32306 6.85686 6.33197 3.70317
threshold=0.28514000000000006 1.0000000180025095e-35 0.73399800000000004 1.0000000180025095e-35 0.81133400000000011 0.45587550000000004
decision_type=2 10 10 8 10 10
left_child=1 3 -3 -1 5 -2
right_child=4 2 -4 -5 -6 -7
leaf_value=-0.025383515695263398 0.021587832969886679 0.027274745287561606 -0.015787378123361295 -0.0057113972065557872 -0.0067861773669142577 -0.0012277836297281894
leaf_weight=26.482270568609238 49.922203607857227 11.737581789493559 3.2727222293615332 52.488534599542618 6.3831434249877921 4.1558320522308341
leaf_count=162 267 33 18 461 32 20
internal_value=0.00119198 -0.00817011 0.0151543 -0.0133618 0.0159155 0.0193365
internal_weight=154.442 93.9811 15.0103 78.9708 60.4612 54.078
internal_count=993 674 51 623 319 287
is_linear=0
shrinkage=0.03


Tree=37
num_leaves=7
num_cat=0
split_feature=24 3 25 15 5 24
split_gain=26.4514 13.4538 10.7591 4.30281 4.11228 3.78513
threshold=0.84578900000000012 1.5000000000000002 0.23167300000000005 0.32105100000000003 1.5000000000000002 0.79360300000000017
decision_type=2 10 2 10 10 2
left_child=3 2 -2 4 -1 -5
right_child=1 -3 -4 5 -6 -7
leaf_value=-0.028063898158567326 -0.0052839284524864695 0.031693317683617897 0.01359612013396771 -0.017029339162844416 0.0045185724476409792 0.016033311278074714
leaf_weight=27.086873009800915 54.543650899082422 15.636952996253966 46.786343403160572 2.7589664161205283 1.3564278334379185 3.7551363855600357
leaf_count=272 372 46 260 18 4 13
internal_value=0.000962258 0.00803147 0.00328616 -0.0206662 -0.0252731 0
internal_weight=151.924 116.967 101.33 34.9574 28.4433 6.5141
internal_count=985 678 632 307 276 31
is_linear=0
shrinkage=0.03


Tree=38
num_leaves=5
num_cat=0
split_feature=3 24 21 19
split_gain=23.0382 17.6877 13.3789 0.325885
threshold=1.5000000000000002 0.82064700000000002 0.00092500000000000015 0.20602100000000004
decision_type=10 2 8 8
left_child=1 3 -3 -1
right_child=-2 2 -4 -5
leaf_value=-0.0020865585455827067 0.031765247583684854 -0.011462444991224369 0.0088092907894728179 -0.030833679774430026
leaf_weight=3.2196068018674877 15.901251822710035 44.172037191689014 73.417739059776068 15.727130465209482
leaf_count=17 47 226 534 167
internal_value=0.000530619 -0.00349675 0.000849817 -0.0282686
internal_weight=152.438 136.537 117.59 18.9467
internal_count=991 944 760 184
is_linear=0
shrinkage=0.03


Tree=39
num_leaves=7
num_cat=0
split_feature=24 20 24 20 24 21
split_gain=20.8565 17.9089 10.8565 6.13801 4.26555 3.32636
threshold=0.85325150000000016 0.019577000000000004 0.92555250000000011 0.21748450000000003 0.96451750000000003 0.35259000000000001
decision_type=2 8 2 8 2 10
left_child=3 4 -3 -1 -2 -5
right_child=1 2 -4 5 -6 -7
leaf_value=0 -0.030102862671405318 0.0040695967648998136 0.026059612221206674 -0.02686320381344769 0.002198588198128629 0.0039840894211092808
leaf_weight=12.261742621660231 9.8972980380058271 65.786181669682264 30.377740807831287 26.711148038506511 2.349022150039672 0.89330416917800803
leaf_count=55 60 397 157 291 9 2
internal_value=0.000179854 0.00720991 0.0118969 -0.0174042 -0.0227258 -0.024592
internal_weight=148.276 108.41 96.1639 39.8662 12.2463 27.6045
internal_count=971 623 554 348 69 293
is_linear=0
shrinkage=0.03


Tree=40
num_leaves=6
num_cat=0
split_feature=24 3 21 24 15
split_gain=21.1739 12.9176 8.00052 0.362678 2.41249
threshold=0.82064700000000002 1.5000000000000002 0.00092500000000000015 0.79723850000000007 0.32105100000000003
decision_type=2 10 8 2 10
left_child=3 2 -2 -1 -5
right_child=1 -3 -4 4 -6
leaf_value=-0.032055908662094131 -0.0085613254290285296 0.030218147374265186 0.0074748369718107858 -0.017385059767450525 0.0061964347981790235
leaf_weight=11.121776074171068 39.914853140711784 13.726669043302534 74.687361944466829 6.841469679027794 2.1207380443811417
leaf_count=117 202 42 541 71 8
internal_value=0.00063859 0.00547283 0.00155858 -0.0256477 -0.00914248
internal_weight=148.413 128.329 114.602 20.084 8.96221
internal_count=981 785 743 196 79
is_linear=0
shrinkage=0.03


Tree=41
num_leaves=6
num_cat=0
split_feature=24 3 19 15 24
split_gain=24.6066 12.565 7.93597 4.16639 3.04568
threshold=0.84578900000000012 1.5000000000000002 0.0041160000000000007 0.32105100000000003 0.79360300000000017
decision_type=2 10 8 10 2
left_child=3 2 -2 -1 -5
right_child=1 -3 -4 4 -6
leaf_value=-0.025988879740665979 -0.020051987604343232 0.030574011572822503 0.0057203868451936191 -0.016309836425703109 0.012894201786580491
leaf_weight=26.39183422550559 8.8726882785558683 14.825378984212874 90.938647367060184 2.8009884580969802 4.2054698616266251
leaf_count=275 53 46 566 19 16
internal_value=0.000322591 0.00717708 0.00261931 -0.021033 0
internal_weight=148.035 114.637 99.8113 33.3983 7.00646
internal_count=975 665 619 310 35
is_linear=0
shrinkage=0.03


Tree=42
num_leaves=5
num_cat=0
split_feature=21 19 19 20
split_gain=13.9905 13.95 7.20354 2.03016
threshold=0.11378600000000001 0.56118850000000009 0.0041160000000000007 0.03142000000000001
decision_type=10 10 8 10
left_child=1 2 -1 -2
right_child=3 -3 -4 -5
leaf_value=-0.023250746335366512 0 -0.032418562064962637 0.0013411570062311958 0.025231037423115683
leaf_weight=8.8147601038217527 2.6255155801773098 11.655237533152102 102.41729684174061 15.207511037588118
leaf_count=55 11 85 756 46
internal_value=-0.000886526 -0.00483307 -0.000904482 0.0216488
internal_weight=140.72 122.887 111.232 17.833
internal_count=953 896 811 57
is_linear=0
shrinkage=0.03


Tree=43
num_leaves=5
num_cat=0
split_feature=3 25 22 19
split_gain=19.0326 12.962 5.71057 4.88073
threshold=1.5000000000000002 0.43008200000000002 0.024442000000000002 0.50499100000000008
decision_type=10 2 8 10
left_child=1 2 -1 -3
right_child=-2 3 -4 -5
leaf_value=-0.017997024626155673 0.030424609961538177 0.017060240877404882 -0.0021588031345165484 -0.014013216510368182
leaf_weight=30.980249829590321 15.118086338043211 29.913659982383255 67.916728507727385 1.9060268849134434
leaf_count=184 48 162 564 12
internal_value=0.00147387 -0.00225756 -0.00779845 0.0132903
internal_weight=145.835 130.717 98.897 31.8197
internal_count=970 922 748 174
is_linear=0
shrinkage=0.03


Tree=44
num_leaves=7
num_cat=0
split_feature=25 24 3 21 20 24
split_gain=22.2431 11.4421 10.9123 5.74621 2.65697 2.03088
threshold=0.28514000000000006 0.88289700000000015 1.5000000000000002 0.24561150000000001 0.14446400000000001 0.91240100000000013
decision_type=2 2 10 10 8 2
left_child=2 4 3 -1 -2 -3
right_child=1 5 -4 -5 -6 -7
leaf_value=-0.014104979018641184 0.0063992906604479005 0.0087667713258976192 0.022518155133050215 0.010899291925577195 -0.014222118570345894 0.028884309848231142
leaf_weight=80.52623125910759 5.4340617209672901 15.95701305195689 5.8802431523799887 5.6124015301465979 9.601727906614542 24.60971438139677
leaf_count=645 20 84 18 18 85 104
internal_value=9.37989e-05 0.014819 -0.00867512 -0.0118273 -0.00528124 0.0228082
internal_weight=147.621 55.6025 92.0189 86.1386 15.0358 40.5667
internal_count=974 293 681 663 105 188
is_linear=0
shrinkage=0.03


Tree=45
num_leaves=7
num_cat=0
split_feature=24 15 22 19 7 20
split_gain=21.1257 15.008 7.5024 3.73018 3.38532 1.9115
threshold=0.84578900000000012 1.0000000180025095e-35 0.044478500000000004 0.26923150000000007 8.6832670000000025 0.22530800000000004
decision_type=2 8 10 8 10 10
left_child=3 4 -3 5 -2 -1
right_child=1 2 -4 -5 -6 -7
leaf_value=0.0051343658457784413 -0.022605273894253416 0.0033669709555666002 0.021825431334772161 -0.028023234837136986 0.0048652755447060264 -0.016048511606936201
leaf_weight=6.3615899085998553 15.344228416681291 62.364606250077486 31.227342084050179 21.428837317973375 1.8777640014886845 2.7921871393918991
leaf_count=26 92 460 103 244 6 19
internal_value=-0.000646155 0.00532591 0.0103229 -0.0217215 -0.0178491 -0.00122515
internal_weight=141.397 110.814 93.5919 30.5826 17.222 9.15378
internal_count=950 661 563 289 98 45
is_linear=0
shrinkage=0.03


Tree=46
num_leaves=7
num_cat=0
split_feature=4 23 23 23 15 19
split_gain=14.5149 13.5872 11.4751 8.09535 3.96057 1.44369
threshold=1.0000000180025095e-35 0.71218550000000014 0.00089200000000000011 0.24989150000000002 0.19394000000000003 0.18328200000000003
decision_type=10 10 8 8 10 10
left_child=2 -2 4 -4 -1 -3
right_child=1 5 3 -5 -6 -7
leaf_value=-0.022461579843413369 0.030187429990698785 0 0.01845182846189487 -0.0027394696218072325 0 -0.022237290695257195
leaf_weight=27.810329504311085 20.89949764311314 2.5428998172283164 17.501490041613579 70.045225661247969 5.9356003105640402 2.9446703791618347
leaf_count=171 65 10 58 651 29 18
internal_value=0.000386045 0.0195144 -0.00390452 0.00163656 -0.0180561 -0.0139018
internal_weight=147.68 26.3871 121.293 87.5467 33.7459 5.48757
internal_count=1002 93 909 709 200 28
is_linear=0
shrinkage=0.03


Tree=47
num_leaves=5
num_cat=0
split_feature=3 23 24 24
split_gain=17.6723 13.0825 12.7806 7.91318
threshold=1.5000000000000002 0.0063255000000000013 0.79723850000000007 0.96265200000000017
decision_type=10 8 2 2
left_child=1 3 -3 -1
right_child=-2 2 -4 -5
leaf_value=-0.023702242541900134 0.028725410452877891 -0.028707125769219556 0.0050316383924211474 0.012028556997934771
leaf_weight=34.053841806948185 12.865296125411986 8.2947910428047162 87.925670206546783 3.4870665669441214
leaf_count=206 43 94 640 12
internal_value=-0.0010107 -0.00465749 0.00104075 -0.0189988
internal_weight=146.627 133.761 96.2205 37.5409
internal_count=995 952 734 218
is_linear=0
shrinkage=0.03


Tree=48
num_leaves=5
num_cat=0
split_feature=3 21 25 9
split_gain=15.8469 13.9877 8.67488 5.06973
threshold=1.5000000000000002 0.00092500000000000015 0.21754000000000004 7.9813810000000007
decision_type=10 8 2 10
left_child=1 3 -3 -1
right_child=-2 2 -4 -5
leaf_value=-0.018897160914725139 0.028662656984522833 -0.0036670703140119602 0.014725263244668952 0.0068196805260225014
leaf_weight=43.749121807515621 12.799272686243055 50.04484648257494 36.098294008523226 4.6567842811346045
leaf_count=263 43 422 255 16
internal_value=1.8981e-05 -0.00305342 0.00393988 -0.0155859
internal_weight=147.348 134.549 86.1431 48.4059
internal_count=999 956 677 279
is_linear=0
shrinkage=0.03


Tree=49
num_leaves=7
num_cat=0
split_feature=21 19 19 25 25 25
split_gain=15.1062 14.6082 8.53876 1.93541 0.858634 0.470021
threshold=0.11378600000000001 0.38322950000000006 0.0041160000000000007 0.15814550000000002 0.52261700000000011 0.048458000000000008
decision_type=10 10 8 2 2 2
left_child=1 2 -1 5 -3 -2
right_child=3 4 -4 -5 -6 -7
leaf_value=-0.020966506841795338 0.0088405737465892861 -0.025473493578718739 0.0047066870732782231 0.030000088647723966 0 0
leaf_weight=10.027312785387037 6.1887128949165362 19.833035901188854 96.798418559134007 12.577282145619391 1.5186461359262455 2.9185720980167389
leaf_count=64 21 138 717 37 7 13
internal_value=0.000908564 -0.00295944 0.00151679 0.0225686 -0.0240145 0.00493724
internal_weight=149.862 128.177 106.826 21.6846 21.3517 9.10728
internal_count=997 926 781 71 145 34
is_linear=0
shrinkage=0.03


Tree=50
num_leaves=5
num_cat=0
split_feature=3 25 21 23
split_gain=16.4251 11.6847 6.59859 2.23262
threshold=1.5000000000000002 0.43704550000000003 0.15176500000000001 0.57592050000000017
decision_type=10 2 8 10
left_child=1 2 -1 -3
right_child=-2 3 -4 -5
leaf_value=-0.014359717774652496 0.028700140243755813 0.014826328486336582 0.00067361050783116996 -0.0016836987325508854
leaf_weight=60.654959931969643 13.329977273941038 27.164438720792532 38.121101915836334 4.9532365500926963
leaf_count=344 46 164 412 23
internal_value=0.000109643 -0.00315572 -0.00841423 0.0114995
internal_weight=144.224 130.894 98.7761 32.1177
internal_count=989 943 756 187
is_linear=0
shrinkage=0.03


Tree=51
num_leaves=5
num_cat=0
split_feature=3 25 20 18
split_gain=15.9891 8.24125 7.77481 4.29632
threshold=1.5000000000000002 0.16534400000000002 0.47688400000000003 0.19468900000000003
decision_type=10 2 10 10
left_child=1 3 -3 -1
right_child=-2 2 -4 -5
leaf_value=-0.014324110195650533 0.028827576209411333 0.0092281689860968658 -0.016682558424646356 0.0012628583686753554
leaf_weight=46.233761750161648 13.949863031506537 59.69800316542387 9.0242912694811803 17.920533262193203
leaf_count=415 49 384 58 83
internal_value=0.00125348 -0.00199312 0.00485193 -0.00966148
internal_weight=146.826 132.877 68.7223 64.1543
internal_count=989 940 442 498
is_linear=0
shrinkage=0.03


Tree=52
num_leaves=6
num_cat=0
split_feature=3 2 2 20 25
split_gain=17.2806 13.545 16.6804 4.1713 0.788206
threshold=1.0000000180025095e-35 0.32575750000000009 1.0000000180025095e-35 0.29405700000000007 0.43008200000000002
decision_type=10 10 10 10 2
left_child=1 2 -1 -2 -3
right_child=3 4 -4 -5 -6
leaf_value=-0.0042278899369478902 0.027675783845868187 -0.021485927603707936 0.029301893371959632 -0.0028879984390811019 -0.0046580104339680297
leaf_weight=65.535993430763483 18.118165850639347 30.35030671954155 13.429084390401838 2.2220353037118903 10.302733227610586
leaf_count=620 62 194 38 12 46
internal_value=-0.000332302 -0.00503095 0.00197207 0.0231095 -0.0185217
internal_weight=139.958 119.618 78.9651 20.3402 40.653
internal_count=972 898 658 74 240
is_linear=0
shrinkage=0.03


Tree=53
num_leaves=5
num_cat=0
split_feature=3 24 17 19
split_gain=16.5133 11.0237 9.58502 5.09518
threshold=1.5000000000000002 0.8605735000000001 0.11015050000000003 0.31484750000000006
decision_type=10 2 8 10
left_child=1 3 -3 -1
right_child=-2 2 -4 -5
leaf_value=-0.0053935584154080679 0.028326718519810695 -0.012516287223888652 0.0091068439272013937 -0.029041899546113442
leaf_weight=26.82192200049758 13.526383012533186 22.610532701015472 59.328006979078054 14.412080958485602
leaf_count=255 49 117 420 114
internal_value=0 -0.00356229 0.00255553 -0.0157464
internal_weight=136.699 123.173 81.9385 41.234
internal_count=955 906 537 369
is_linear=0
shrinkage=0.03


Tree=54
num_leaves=5
num_cat=0
split_feature=19 24 19 22
split_gain=14.5238 11.7793 10.2089 2.48743
threshold=0.56118850000000009 0.79360300000000017 0.0041160000000000007 0.090430500000000011
decision_type=10 2 8 8
left_child=1 -1 -3 -2
right_child=3 2 -4 -5
leaf_value=-0.02649232631283881 -0.030388339918147513 -0.018879239562852132 0.0097565075671576448 0
leaf_weight=6.9700735807418814 10.893346950411793 8.9781377166509611 114.52684643119574 1.3969205096364028
leaf_count=81 87 59 751 6
internal_value=0.00112485 0.00446812 0.00703935 -0.0263187
internal_weight=142.765 130.475 123.505 12.2903
internal_count=984 891 810 93
is_linear=0
shrinkage=0.03


Tree=55
num_leaves=7
num_cat=0
split_feature=24 15 2 17 24 20
split_gain=18.6366 7.95302 7.65516 4.71539 4.30075 1.925
threshold=0.84578900000000012 1.0000000180025095e-35 0.47222200000000009 0.23167850000000004 0.90700600000000009 0.13570500000000002
decision_type=2 8 8 8 2 8
left_child=3 4 -3 5 -2 -1
right_child=1 2 -4 -5 -6 -7
leaf_value=0.0094597798059008319 -0.026863592590788889 0.018623302259652724 0.00096706203578340486 -0.025737031858559759 0 -0.011813838512498311
leaf_weight=5.1704823225736627 5.4536237120628384 42.960748136043549 50.685462128371 22.428354151546955 12.517738074064253 4.1746740862727174
leaf_count=20 36 152 427 255 65 32
internal_value=0 0.00603405 0.00970403 -0.0190352 -0.0103117 0
internal_weight=143.391 111.618 93.6462 31.7735 17.9714 9.34516
internal_count=987 680 579 307 101 52
is_linear=0
shrinkage=0.03


Tree=56
num_leaves=7
num_cat=0
split_feature=24 25 24 23 19 15
split_gain=18.4483 8.81209 5.3849 4.95875 4.69776 0.831927
threshold=0.84578900000000012 0.28514000000000006 0.91259650000000014 0.016871000000000004 0.28712300000000007 0.34436500000000003
decision_type=2 2 2 8 8 10
left_child=4 3 -3 -2 5 -1
right_child=1 2 -4 -5 -6 -7
leaf_value=-0.0066854369088405205 -0.011774205107812973 0.0035790771967453049 0.025784999516882335 0.0049290894321487571 -0.026188744816525129 0.0069584230617693978
leaf_weight=6.5416717901825923 21.084601238369942 23.551214888691902 22.882495444267988 43.607832465320826 20.463422764092684 3.6557493507862091
leaf_count=36 118 136 106 309 261 14
internal_value=0.000529135 0.00647149 0.0160297 -0.000352223 -0.0187742 0
internal_weight=141.787 111.126 46.4337 64.6924 30.6608 10.1974
internal_count=980 669 242 427 311 50
is_linear=0
shrinkage=0.03


Tree=57
num_leaves=5
num_cat=0
split_feature=3 24 25 20
split_gain=15.8809 11.7821 8.65697 2.73344
threshold=1.5000000000000002 0.84578900000000012 0.16534400000000002 0.21748450000000003
decision_type=10 2 2 8
left_child=1 3 -3 -1
right_child=-2 2 -4 -5
leaf_value=-0.0014281311733683384 0.027291727613364229 -0.0091878973720668951 0.0080660024781267093 -0.025955605312900885
leaf_weight=8.630722329020502 12.220779880881308 45.249550871551037 54.149420138448477 21.204777885228395
leaf_count=45 46 322 321 261
internal_value=-0.00146622 -0.00496999 0 -0.0205528
internal_weight=141.455 129.234 99.399 29.8355
internal_count=995 949 643 306
is_linear=0
shrinkage=0.03


Tree=58
num_leaves=5
num_cat=0
split_feature=3 19 19 21
split_gain=14.7326 8.5348 9.24747 4.20856
threshold=1.5000000000000002 0.56118850000000009 0.00032450000000000008 0.017599500000000001
decision_type=10 10 8 8
left_child=1 2 -1 -3
right_child=-2 3 -4 -5
leaf_value=-0.025711581266668577 0.027484761478219398 -0.029778858731870295 0.0022560742648494734 0.0045733313559655478
leaf_weight=8.7249769121408445 12.780731052160261 11.335974648594853 109.75579779222608 1.4057635366916663
leaf_count=62 49 95 794 4
internal_value=0 -0.00315776 -0.000140617 -0.0239338
internal_weight=144.003 131.223 118.481 12.7417
internal_count=1004 955 856 99
is_linear=0
shrinkage=0.03


Tree=59
num_leaves=6
num_cat=0
split_feature=19 25 23 19 22
split_gain=11.7675 8.90078 4.57798 4.32459 4.3181
threshold=0.57113900000000017 0.28514000000000006 0.52579900000000002 0.0041160000000000007 0.11690700000000001
decision_type=10 2 10 10 8
left_child=1 3 -3 -1 -2
right_child=4 2 -4 -5 -6
leaf_value=-0.011191418657478105 -0.030130124876355534 0.016525240948523621 -0.0044408662187834418 0.002381157621471263 0.0047489453581241381
leaf_weight=31.593338366597891 11.458441250026222 42.596639834344387 7.8063182830810538 45.967852756381035 1.3945730030536658
leaf_count=375 97 258 39 209 4
internal_value=0 0.00309213 0.0126492 -0.00298591 -0.0242708
internal_weight=140.817 127.964 50.403 77.5612 12.853
internal_count=982 881 297 584 101
is_linear=0
shrinkage=0.03


Tree=60
num_leaves=7
num_cat=0
split_feature=24 22 9 24 4 20
split_gain=18.9691 7.38705 6.2541 4.10714 3.44646 4.16628
threshold=0.85325150000000016 0.0022595000000000007 7.9813810000000007 0.92555250000000011 1.0000000180025095e-35 0.014133500000000002
decision_type=2 8 10 2 10 8
left_child=4 2 -2 -3 5 -1
right_child=1 3 -4 -5 -6 -7
leaf_value=0.005228881941519662 -0.013985084191905174 0.0038341188267424962 0.014935708917485342 0.01962856852579466 0.0027270460413110968 -0.025004796065831135
leaf_weight=1.8182936757802952 24.089678555727009 51.447847045958042 5.3844008147716513 24.274500109255314 2.6714211106300345 31.473464984446764
leaf_count=6 136 342 19 152 11 333
internal_value=-0.00146259 0.00481064 -0.00688624 0.00983353 -0.01954 -0.0222312
internal_weight=141.16 105.196 29.4741 75.7223 35.9632 33.2918
internal_count=999 649 155 494 350 339
is_linear=0
shrinkage=0.03


Tree=61
num_leaves=6
num_cat=0
split_feature=24 19 21 19 24
split_gain=15.5869 13.1052 11.7512 6.69901 1.2875
threshold=0.92555250000000011 1.0000000180025095e-35 0.11378600000000001 0.13362550000000004 0.8996320000000001
decision_type=2 8 10 10 2
left_child=2 -2 3 -1 -4
right_child=1 -3 4 -5 -6
leaf_value=-0.0026140756208789554 -0.01846953231353984 0.022991709644399432 0.019965751802198381 -0.019908717119142962 0
leaf_weight=48.844760231673717 5.3846759498119345 31.106751669198275 10.524204999208449 39.933720037341118 3.0273291617631903
leaf_count=473 39 177 34 253 13
internal_value=-0.000678984 0.0151757 -0.00688888 -0.0111168 0.015991
internal_weight=138.821 36.4914 102.33 88.7785 13.5515
internal_count=989 216 773 726 47
is_linear=0
shrinkage=0.03


Tree=62
num_leaves=5
num_cat=0
split_feature=19 19 23 5
split_gain=9.05546 9.09598 9.20881 1.7084
threshold=0.57113900000000017 0.00032450000000000008 0.71218550000000014 1.5000000000000002
decision_type=10 8 8 8
left_child=1 -1 -3 -2
right_child=3 2 -4 -5
leaf_value=-0.023506848436716691 -0.026879167733320709 0.01356429903110443 -0.0024500769425861513 0
leaf_weight=7.6627959311008444 9.1163590997457469 57.458401381969452 62.40881760045886 1.2569992467761046
leaf_count=56 83 228 610 5
internal_value=6.04258e-05 0.00267502 0.00512601 -0.0232295
internal_weight=137.903 127.53 119.867 10.3734
internal_count=982 894 838 88
is_linear=0
shrinkage=0.03


Tree=63
num_leaves=6
num_cat=0
split_feature=24 3 18 23 17
split_gain=13.6056 8.63928 6.54683 1.10943 1.30502
threshold=0.82064700000000002 1.5000000000000002 0.14289150000000003 0.96313700000000013 0.23167850000000004
decision_type=2 10 8 10 8
left_child=3 2 -2 4 -1
right_child=1 -3 -4 -5 -6
leaf_value=0 -0.0073204308803497212 0.02638811089495717 0.0071442384731135941 0 -0.027893874771180813
leaf_weight=3.7933930978178969 41.573121726512909 11.714229360222815 70.491100318729877 0.98758369684219438 12.163533911108971
leaf_count=24 215 48 546 5 161
internal_value=0.000827142 0.00463032 0.00146652 -0.0219682 -0.0236731
internal_weight=140.723 123.778 112.064 16.9445 15.9569
internal_count=999 809 761 190 185
is_linear=0
shrinkage=0.03


Tree=64
num_leaves=7
num_cat=0
split_feature=4 23 18 24 23 19
split_gain=9.97549 11.7387 8.43266 9.40378 3.40812 2.46126
threshold=1.0000000180025095e-35 0.71218550000000014 0.14289150000000003 0.87497400000000014 0.71793150000000006 0.14285900000000004
decision_type=10 10 8 2 10 10
left_child=2 -2 4 -4 -1 -3
right_child=1 5 3 -5 -6 -7
leaf_value=-0.021087473770633327 0.02717215375385286 0.0011401192199036398 -0.010763189632930133 0.0097659244316924843 0 -0.02471626336042218
leaf_weight=28.054190278053284 17.176596671342853 2.3519734740257254 33.325105957686901 41.647494316101074 7.5049057230353347 3.4120348617434502
leaf_count=174 62 9 345 321 40 21
internal_value=-0.00126524 0.0152603 -0.00527194 0.000193017 -0.0166908 -0.0139639
internal_weight=133.472 22.9406 110.532 74.9726 35.5591 5.76401
internal_count=972 92 880 666 214 30
is_linear=0
shrinkage=0.03


Tree=65
num_leaves=4
num_cat=0
split_feature=3 24 25
split_gain=11.7341 9.19516 7.20088
threshold=1.5000000000000002 0.79360300000000017 0.43704550000000003
decision_type=10 2 2
left_child=1 -1 -3
right_child=-2 2 -4
leaf_value=-0.027303822937101836 0.026134048316393974 -0.0041121333817942963 0.012205868234439084
leaf_weight=9.0176917947828752 11.487628668546675 88.192986868321896 30.149699907749891
leaf_count=112 48 658 170
internal_value=0.000353298 -0.00228985 0
internal_weight=138.848 127.36 118.343
internal_count=988 940 828
is_linear=0
shrinkage=0.03


Tree=66
num_leaves=6
num_cat=0
split_feature=24 3 2 23 23
split_gain=13.3073 8.41232 7.26068 2.98254 1.19397
threshold=0.82064700000000002 1.0000000180025095e-35 0.34848450000000003 0.71218550000000014 0.96313700000000013
decision_type=2 10 10 10 10
left_child=4 2 -2 -3 -1
right_child=1 3 -4 -5 -6
leaf_value=-0.022182656798068127 0.00678163734567772 0.027120671379484974 -0.009973017021178825 0 0
leaf_weight=17.006068915128711 72.000956125557423 15.391694962978365 30.12312376499176 2.5203018039464942 0.85767321288585563
leaf_count=201 539 60 169 12 4
internal_value=0.00139624 0.00531943 0.00141064 0.0227711 -0.0205021
internal_weight=137.9 120.036 102.124 17.912 17.8637
internal_count=985 780 708 72 205
is_linear=0
shrinkage=0.03


Tree=67
num_leaves=6
num_cat=0
split_feature=19 4 19 19 22
split_gain=9.50937 7.4325 7.04648 4.38802 2.18869
threshold=0.57113900000000017 1.0000000180025095e-35 0.0041160000000000007 0.19561400000000004 0.090430500000000011
decision_type=10 10 8 10 8
left_child=1 2 -1 -3 -2
right_child=4 3 -4 -5 -6
leaf_value=-0.022878751996463029 -0.027603330050018648 0.025645663581096351 0.0021586943246925364 0 0
leaf_weight=8.2391374558210355 9.240685105323788 15.029029935598375 95.84522520378232 6.4461997747421256 1.176971688866616
leaf_count=61 84 55 750 29 5
internal_value=0.000374239 0.00308181 -0.000128504 0.0179756 -0.0234158
internal_weight=135.977 125.56 104.084 21.4752 10.4177
internal_count=984 895 811 84 89
is_linear=0
shrinkage=0.03


Tree=68
num_leaves=7
num_cat=0
split_feature=24 20 24 15 24 25
split_gain=13.0723 6.67207 5.35327 4.16664 3.1552 1.8594
threshold=0.84578900000000012 1.0000000180025095e-35 0.92555250000000011 0.32105100000000003 0.79723850000000007 0.38368250000000004
decision_type=2 8 2 10 2 2
left_child=3 -2 -3 5 -5 -1
right_child=1 2 -4 4 -6 -7
leaf_value=-0.025434175364491701 -0.018813516669442389 0.0029209393451811332 0.018285404224939256 -0.012877792105212355 0.017251772875811953 0
leaf_weight=17.456718027591712 5.5129261761903754 71.688085921108723 30.723739393055439 2.4152255579829207 3.5977747589349747 4.3100815191864958
leaf_count=228 41 451 185 19 13 39
internal_value=0.00110788 0.00608208 0.00820412 -0.0159515 0.00156298 -0.0216044
internal_weight=135.705 107.925 102.412 27.7798 6.013 21.7668
internal_count=976 677 636 299 32 267
is_linear=0
shrinkage=0.03


Tree=69
num_leaves=4
num_cat=0
split_feature=24 19 24
split_gain=13.773 7.4518 11.0451
threshold=0.82064700000000002 0.0013750000000000001 0.91217050000000011
decision_type=2 8 2
left_child=-1 -2 -3
right_child=1 2 -4
leaf_value=-0.02376979716118861 -0.020650917932602715 -2.8902777759966601e-05 0.018487557393993787
leaf_weight=14.657519608736036 6.4413193687796584 74.837486546486616 41.262377467006445
leaf_count=179 49 513 242
internal_value=0.000794344 0.0044693 0.00659995
internal_weight=137.199 122.541 116.1
internal_count=983 804 755
is_linear=0
shrinkage=0.03


Tree=70
num_leaves=7
num_cat=0
split_feature=25 3 21 19 15 15
split_gain=10.6793 4.65071 3.5159 2.46125 2.19743 0.8181
threshold=0.28514000000000006 1.5000000000000002 0.00092500000000000015 0.37988950000000005 0.34436500000000003 0.095195500000000016
decision_type=2 10 8 10 10 10
left_child=1 4 3 -2 -1 -4
right_child=2 -3 5 -5 -6 -7
leaf_value=-0.0099932916294766198 0.0058304432879854274 0.016326369714908397 0.0091383405620558654 -0.015471333614857264 0.0029454681692778232 0.026049298402958311
leaf_weight=71.84530596062541 15.642022609710695 4.0929348170757285 24.303828902542591 3.6067667305469504 8.6463117748498899 8.6904339641332609
leaf_count=620 65 17 195 27 39 28
internal_value=0.000162127 -0.00614087 0.0106894 0 -0.00818821 0.0162259
internal_weight=136.828 84.5846 52.2431 19.2488 80.4916 32.9943
internal_count=991 676 315 92 659 223
is_linear=0
shrinkage=0.03


Tree=71
num_leaves=5
num_cat=0
split_feature=24 2 15 24
split_gain=9.32843 6.07789 7.71993 6.89846
threshold=0.79360300000000017 0.47222200000000009 1.0000000180025095e-35 0.90620500000000004
decision_type=2 8 10 2
left_child=-1 2 -2 -3
right_child=1 3 -4 -5
leaf_value=-0.025950401815796227 -0.017118323937297081 -0.011210489892991822 0.014023537749952082 0.0061974084932949671
leaf_weight=8.1782838143408281 4.8738837093114844 39.295334096997976 49.966169103980064 34.960481412708759
leaf_count=104 33 405 201 255
internal_value=0.000135518 0.002567 0.00999282 -0.00270394
internal_weight=137.274 129.096 54.8401 74.2558
internal_count=998 894 234 660
is_linear=0
shrinkage=0.03


Tree=72
num_leaves=7
num_cat=0
split_feature=4 23 2 2 16 16
split_gain=7.69524 10.1976 6.92638 6.29999 3.14507 0.62796
threshold=1.0000000180025095e-35 0.71218550000000014 0.47222200000000009 1.0000000180025095e-35 0.0063340000000000011 0.23102650000000002
decision_type=10 10 10 10 10 10
left_child=2 -2 3 -1 -4 -3
right_child=1 5 4 -5 -6 -7
leaf_value=-0.0016593263532788313 0.026543172153101251 0 0.00030956866635511933 0.017359314488717192 -0.01808537244536752 -0.019106460320128606
leaf_weight=63.10272640734911 17.405762329697613 2.1436972990632048 7.4335032850503948 16.905870795249939 24.54358422011137 2.468234658241272
leaf_count=623 68 10 43 61 162 15
internal_value=0.0010819 0.016279 -0.0019919 0.00248006 -0.0132917 -0.0137114
internal_weight=134.003 22.0177 111.986 80.0086 31.9771 4.61193
internal_count=982 93 889 684 205 25
is_linear=0
shrinkage=0.03


Tree=73
num_leaves=6
num_cat=0
split_feature=19 19 24 24 21
split_gain=10.1453 7.31662 8.64184 3.61827 1.1421
threshold=0.45985500000000007 0.0013750000000000001 0.91217050000000011 0.92555250000000011 0.040835500000000004
decision_type=10 8 2 2 10
left_child=1 -1 -3 4 -2
right_child=3 2 -4 -5 -6
leaf_value=-0.02126595871452612 -0.027416222652464385 -0.00020914832784035923 0.016855567037265928 0.0054815008775277903 0
leaf_weight=6.8431819155812255 13.164432093501089 74.554579839110374 35.872036870568991 1.2902353256940831 1.301694944500922
leaf_count=53 117 587 225 5 5
internal_value=0 0.00307363 0.00536902 -0.0206454 -0.0252345
internal_weight=133.026 117.27 110.427 15.7564 14.4661
internal_count=992 865 812 127 122
is_linear=0
shrinkage=0.03


Tree=74
num_leaves=7
num_cat=0
split_feature=2 9 2 18 15 25
split_gain=6.07874 9.38026 8.8562 5.2506 3.87928 2.32109
threshold=0.47222200000000009 8.0951295000000005 1.0000000180025095e-35 0.10344850000000001 1.0000000180025095e-35 0.7982935000000001
decision_type=10 10 10 10 8 2
left_child=2 5 4 -4 -1 -2
right_child=1 -3 3 -5 -6 -7
leaf_value=-0.020659388257690165 -0.016941425900891906 0.01882987224088294 0 0.028214440442754785 0.0023248388455855474 0.0047161801832915854
leaf_weight=4.2215135619044295 31.275587946176529 6.0203699320554724 7.0928903520107296 16.9634899944067 72.697661884129047 1.4657830297946919
leaf_count=32 211 22 33 55 662 4
internal_value=0.00151809 -0.00789631 0.00554411 0.0203153 0 -0.014818
internal_weight=139.737 38.7617 100.976 24.0564 76.9192 32.7414
internal_count=1019 237 782 88 694 215
is_linear=0
shrinkage=0.03


Tree=75
num_leaves=4
num_cat=0
split_feature=3 25 2
split_gain=9.49406 7.48932 6.23897
threshold=1.5000000000000002 0.71528900000000017 0.47222200000000009
decision_type=10 2 10
left_child=1 2 -1
right_child=-2 -3 -4
leaf_value=-0.00033125918376880419 0.024239932351783806 0.020158485796416228 -0.015730182515455424
leaf_weight=83.09341212362051 9.7583736181259138 8.1869083978235704 32.780071318149567
leaf_count=684 46 41 219
internal_value=-0.000194221 -0.00287922 -0.00522695
internal_weight=133.819 124.06 115.873
internal_count=990 944 903
is_linear=0
shrinkage=0.03


Tree=76
num_leaves=6
num_cat=0
split_feature=25 17 7 25 2
split_gain=8.6817 5.76054 3.59618 2.56846 2.09597
threshold=0.16534400000000002 0.55837000000000014 17.510375000000007 0.032041500000000007 0.47222200000000009
decision_type=2 10 10 2 8
left_child=2 4 3 -1 -2
right_child=1 -3 -4 -5 -6
leaf_value=0 0.018260352301196256 -0.01825893605709555 0.012161954094634393 -0.013734427085172338 0.005322078036235153
leaf_weight=21.525879427790642 23.150739781558514 3.3335222974419585 4.3506860584020606 35.904467064887285 44.620837297290564
leaf_count=170 91 27 17 316 347
internal_value=0.00112997 0.00830334 -0.00666511 -0.00912078 0.0107524
internal_weight=132.886 71.1051 61.781 57.4303 67.7716
internal_count=968 465 503 486 438
is_linear=0
shrinkage=0.03


Tree=77
num_leaves=7
num_cat=0
split_feature=19 25 20 20 21 19
split_gain=7.74043 6.12465 5.09178 4.18486 1.35813 0.632671
threshold=0.5363880000000002 0.16534400000000002 0.47203500000000004 0.024917500000000006 0.021265500000000003 0.57113900000000017
decision_type=10 2 8 8 8 10
left_child=1 3 -3 -1 5 -2
right_child=4 2 -4 -5 -6 -7
leaf_value=-0.022691660161988543 0 0.015971350668449156 -0.00012914859892573002 0 0 -0.026044166788529506
leaf_weight=6.0288400352001181 2.0206579789519283 37.116184547543526 25.103309918195009 49.090538404881954 1.3472188040614135 8.4125752225518209
leaf_count=46 13 150 259 397 6 82
internal_value=0.000181993 0.0029133 0.00930826 -0.0038971 -0.0200629 -0.0231058
internal_weight=129.119 117.339 62.2195 55.1194 11.7805 10.4332
internal_count=953 852 409 443 101 95
is_linear=0
shrinkage=0.03


Tree=78
num_leaves=4
num_cat=0
split_feature=3 25 19
split_gain=9.75103 7.06929 4.44729
threshold=1.5000000000000002 0.71528900000000017 0.5363880000000002
decision_type=10 2 10
left_child=1 2 -1
right_child=-2 -3 -4
leaf_value=-0.0022704897444401906 0.024456569836405814 0.020285884464483258 -0.020243600351768077
leaf_weight=102.50918877869844 10.167624995112417 7.658849209547042 12.458057843148707
leaf_count=790 49 39 108
internal_value=0 -0.00267667 -0.00493768
internal_weight=132.794 122.626 114.967
internal_count=986 937 898
is_linear=0
shrinkage=0.03


Tree=79
num_leaves=7
num_cat=0
split_feature=2 9 2 16 18 16
split_gain=6.39034 8.1416 6.58844 3.50326 2.92255 2.59677
threshold=0.47222200000000009 7.9813810000000007 1.0000000180025095e-35 0.0039950000000000012 0.10344850000000001 0.37031950000000008
decision_type=10 10 10 10 10 10
left_child=2 3 5 -2 -4 -1
right_child=1 -3 4 -5 -6 -7
leaf_value=0.0015024030961244797 0 0.013591579710066224 0 -0.022118596735132764 0.023457568848602339 -0.014461066802289018
leaf_weight=67.736612539738417 6.4500498250126865 6.4695289283990851 5.6451039686799076 23.732226230204105 15.105032466351984 7.4250357523560515
leaf_count=640 38 26 27 175 52 45
internal_value=-9.11923e-05 -0.0104706 0.0037692 -0.017295 0.0175704 -0.000185286
internal_weight=132.564 36.6518 95.9118 30.1823 20.7501 75.1616
internal_count=1003 239 764 213 79 685
is_linear=0
shrinkage=0.03


Tree=80
num_leaves=5
num_cat=0
split_feature=21 19 20 23
split_gain=7.77933 7.24136 4.91235 4.48291
threshold=0.090908500000000017 0.56118850000000009 1.0000000180025095e-35 0.034814500000000005
decision_type=10 10 8 10
left_child=1 2 -1 -2
right_child=3 -3 -4 -5
leaf_value=-0.021801010726277961 -0.0043075439294361908 -0.025116951061667215 0.0019752712208576952 0.024608122168880385
leaf_weight=5.4513629898428908 3.3910876214504269 8.2607925683259946 100.62654584646225 14.122147068381308
leaf_count=46 18 87 785 50
internal_value=0.000529614 -0.00223621 0 0.0177356
internal_weight=131.852 114.339 106.078 17.5132
internal_count=986 918 831 68
is_linear=0
shrinkage=0.03


Tree=81
num_leaves=7
num_cat=0
split_feature=24 2 20 2 5 16
split_gain=9.17754 8.87629 5.68692 5.11996 2.91901 2.43454
threshold=0.91217050000000011 0.47222200000000009 1.0000000180025095e-35 1.0000000180025095e-35 1.5000000000000002 0.30370250000000004
decision_type=2 8 8 10 8 10
left_child=1 3 -2 -1 -3 -4
right_child=2 4 5 -5 -6 -7
leaf_value=-0.0032772006577339334 -0.011669963915992336 -0.023576673664247517 0.018255769663051171 0.015390884478787463 -0.0052780922082387343 -0.00051971879553202129
leaf_weight=28.699040897190571 4.5403724908828726 16.956784397363663 34.668657224625349 18.106546871364117 26.263983219861984 3.626680612564086
leaf_count=151 36 139 223 66 348 18
internal_value=0.000531584 -0.00466543 0.011699 0.00383419 -0.0141705 0.0158426
internal_weight=132.862 90.0264 42.8357 46.8056 43.2208 38.2953
internal_count=981 704 277 217 487 241
is_linear=0
shrinkage=0.03


Tree=82
num_leaves=7
num_cat=0
split_feature=25 24 19 19 19 21
split_gain=10.4608 7.67038 4.33614 4.46364 2.58238 1.86937
threshold=0.16534400000000002 0.80843500000000013 0.26923150000000007 0.0041160000000000007 0.50499100000000008 0.28401800000000005
decision_type=2 2 8 10 10 10
left_child=2 -2 3 -1 -3 -4
right_child=1 4 5 -5 -6 -7
leaf_value=-0.019186113692215442 -0.018357920677522163 0.014040397948617373 -0.016017787384276467 0.0068867222201509743 -0.0033295306075911456 0.0041838083666732601
leaf_weight=4.491188749670985 4.8632115349173537 59.870691116899252 32.731510128825903 23.624082520604134 4.571737363934516 0.90047168731689353
leaf_count=39 60 376 372 103 31 2
internal_value=0.00102028 0.00903342 -0.00751221 0.000309361 0.01227 -0.0143596
internal_weight=131.053 69.3056 61.7473 28.1153 64.4424 33.632
internal_count=983 467 516 142 407 374
is_linear=0
shrinkage=0.03


Tree=83
num_leaves=5
num_cat=0
split_feature=24 24 20 21
split_gain=8.95168 5.99148 6.39797 6.17192
threshold=0.79360300000000017 0.92555250000000011 1.0000000180025095e-35 0.11378600000000001
decision_type=2 2 8 10
left_child=-1 3 -3 -2
right_child=1 2 -4 -5
leaf_value=-0.024967715419495239 -0.0040552238977929695 -0.010748164875760824 0.019795606346208298 0.016081138373545134
leaf_weight=7.6963439919054499 75.590946346521378 4.3356271833181408 27.193552158772945 13.504850000143049
leaf_count=105 610 35 171 48
internal_value=0.0010547 0.0035233 0.0141577 -0.000252857
internal_weight=128.321 120.625 31.5292 89.0958
internal_count=969 864 206 658
is_linear=0
shrinkage=0.03


Tree=84
num_leaves=6
num_cat=0
split_feature=24 21 15 15 17
split_gain=13.3463 14.361 4.75629 3.64593 2.85295
threshold=0.91217050000000011 0.090908500000000017 0.057496000000000005 0.010153500000000001 0.10648900000000001
decision_type=2 10 10 10 8
left_child=1 2 -1 4 -2
right_child=3 -3 -4 -5 -6
leaf_value=-0.0049523229323009416 -0.011930955969668781 0.018491413245131608 -0.021867422580949574 0.021458631481525953 0.0085438835979799489
leaf_weight=41.397375091910362 4.9430202990770367 12.084735363721846 31.28047863021493 18.345580503344536 18.471014715731144
leaf_count=456 39 42 204 74 159
internal_value=-0.000878867 -0.00786848 -0.0132072 0.0122147 0.00222147
internal_weight=126.522 84.7626 72.6779 41.7596 23.414
internal_count=974 702 660 272 198
is_linear=0
shrinkage=0.03


Tree=85
num_leaves=5
num_cat=0
split_feature=19 19 24 22
split_gain=8.971 8.10482 9.02405 2.4678
threshold=0.5363880000000002 0.00032450000000000008 0.79360300000000017 0.13270100000000004
decision_type=10 8 2 10
left_child=1 -1 -3 -2
right_child=3 2 -4 -5
leaf_value=-0.023159292644143761 -0.026219619973381274 -0.022694418981742955 0.0080956325095722283 0.00083471046291745579
leaf_weight=6.2476639151573172 9.9820915982127172 5.9834767282009116 107.52931855246425 1.0700129121541966
leaf_count=54 103 91 747 4
internal_value=0.00059615 0.00339491 0.0056726 -0.0218464
internal_weight=130.813 119.76 113.513 11.0521
internal_count=999 892 838 107
is_linear=0
shrinkage=0.03


Tree=86
num_leaves=5
num_cat=0
split_feature=24 19 20 21
split_gain=7.27263 5.01291 5.26726 2.83778
threshold=0.79360300000000017 0.57113900000000017 1.0000000180025095e-35 0.15176500000000001
decision_type=2 10 8 10
left_child=-1 2 -2 -3
right_child=1 3 -4 -5
leaf_value=-0.023842847084922399 -0.01835071938518169 -0.023579464969218852 0.0061056032894437019 0.0048229656843137656
leaf_weight=7.2367044612765303 5.1213079020380965 6.8200491890311232 110.95468093082309 1.1537865996360777
leaf_count=104 43 71 774 3
internal_value=0.000231893 0.0024023 0.0043395 -0.016541
internal_weight=131.287 124.05 116.076 7.97384
internal_count=995 891 817 74
is_linear=0
shrinkage=0.03


Tree=87
num_leaves=5
num_cat=0
split_feature=3 19 25 22
split_gain=7.45528 6.22548 4.21264 0.145988
threshold=1.5000000000000002 0.5363880000000002 0.16534400000000002 0.082213000000000008
decision_type=10 10 2 8
left_child=1 2 -1 -3
right_child=-2 3 -4 -5
leaf_value=-0.0071391853527572845 0.022126345792961098 -0.025448477184246081 0.0042765125745709781 0
leaf_weight=51.805644482374191 7.9988318085670462 8.0313451401889289 56.953515332192183 1.144607454538346
leaf_count=442 42 87 402 9
internal_value=-0.00119226 -0.00353154 -0.000938408 -0.023999
internal_weight=125.934 117.935 108.759 9.17595
internal_count=982 940 844 96
is_linear=0
shrinkage=0.03


Tree=88
num_leaves=5
num_cat=0
split_feature=24 2 24 2
split_gain=8.35298 7.27094 8.45128 8.24902
threshold=0.79360300000000017 0.47222200000000009 0.90097000000000016 1.0000000180025095e-35
decision_type=2 10 2 10
left_child=-1 3 -3 -2
right_child=1 2 -4 -5
leaf_value=-0.024555662214901988 0.0017259611081314697 -0.023057257634470217 0.0039050028493683481 0.02296863389695477
leaf_weight=7.7273331917822352 67.712907910346985 15.005119204521177 19.841039553284645 20.766722701489925
leaf_count=110 592 119 104 73
internal_value=0.000586079 0.00294463 -0.00781993 0.00762942
internal_weight=131.053 123.326 34.8462 88.4796
internal_count=998 888 223 665
is_linear=0
shrinkage=0.03


Tree=89
num_leaves=6
num_cat=0
split_feature=19 19 23 25 2
split_gain=6.27452 5.35719 4.82718 3.59384 1.54814
threshold=0.5363880000000002 0.0041160000000000007 0.72478950000000009 0.25143150000000009 0.25833350000000005
decision_type=10 10 10 2 10
left_child=1 3 -3 -1 -2
right_child=4 2 -4 -5 -6
leaf_value=-0.0096741009449895811 0 0.01376818326262357 -0.0026184765012812572 0.0059265117579024116 -0.023633472574368736
leaf_weight=29.773910257965326 4.2212456092238408 51.373401686549187 17.846039481461048 17.410935781896114 6.856093093752861
leaf_count=388 29 216 95 179 76
internal_value=0.00151254 0.003919 0.00919473 -0.00330961 -0.0170903
internal_weight=127.482 116.404 69.2194 47.1848 11.0773
internal_count=983 878 311 567 105
is_linear=0
shrinkage=0.03


Tree=90
num_leaves=7
num_cat=0
split_feature=24 21 19 16 15 17
split_gain=9.26118 12.2976 6.12607 3.47701 3.14737 1.03878
threshold=0.91217050000000011 0.11378600000000001 0.0041160000000000007 0.19469950000000003 0.087361000000000008 0.34091000000000005
decision_type=2 10 8 8 10 8
left_child=1 4 -2 -4 -1 -3
right_child=2 5 3 -5 -6 -7
leaf_value=-0.004286304403285918 -0.012291603358805483 0.020343499736460092 0.024299416305688253 0.0034496797874428832 -0.018293235022877097 0
leaf_weight=43.144553609192371 5.1182953491806975 11.152291312813755 18.088003590703011 18.673706296831369 30.386509828269482 2.3671771436929712
leaf_count=461 40 39 70 165 205 10
internal_value=-4.53218e-05 -0.00581214 0.0108602 0.0155223 -0.0109568 0.0172615
internal_weight=128.931 87.0505 41.88 36.7617 73.5311 13.5195
internal_count=990 715 275 235 666 49
is_linear=0
shrinkage=0.03


Tree=91
num_leaves=5
num_cat=0
split_feature=3 2 2 13
split_gain=6.69462 5.28807 5.83476 2.71419
threshold=1.5000000000000002 0.47222200000000009 1.0000000180025095e-35 1.0000000180025095e-35
decision_type=10 10 10 10
left_child=1 2 -1 -3
right_child=-2 3 -4 -5
leaf_value=-0.0032806230464950494 0.021687409088981164 -0.01686584214814088 0.01422122545010032 0.0020349531994661649
leaf_weight=68.725584618747234 7.711482807993888 25.82636642456055 19.293697118759155 4.6958023831248275
leaf_count=662 42 192 71 18
internal_value=-0.00074642 -0.00295193 0.000568441 -0.0131412
internal_weight=126.253 118.541 88.0193 30.5222
internal_count=985 943 733 210
is_linear=0
shrinkage=0.03


Tree=92
num_leaves=5
num_cat=0
split_feature=24 25 20 20
split_gain=7.08439 5.21542 4.35104 2.89205
threshold=0.79360300000000017 0.16534400000000002 0.47688400000000003 0.020313000000000005
decision_type=2 2 10 8
left_child=-1 3 -3 -2
right_child=1 2 -4 -5
leaf_value=-0.023683283672219575 -0.020483353793460727 0.011069352118409844 -0.01084044684336679 -0.00055665633585072537
leaf_weight=7.2340016067028037 5.3659618496894828 56.627045437693596 5.6466671116650096 49.107056442648172
leaf_count=107 45 378 42 393
internal_value=2.8001e-05 0.00230428 0.00821616 -0.00400829
internal_weight=123.981 116.747 62.2737 54.473
internal_count=965 858 420 438
is_linear=0
shrinkage=0.03


Tree=93
num_leaves=7
num_cat=0
split_feature=4 20 19 16 21 17
split_gain=7.10108 5.31142 4.10844 3.97739 2.73622 0.888218
threshold=1.0000000180025095e-35 0.25015000000000004 0.49862050000000008 0.033874000000000008 0.045361000000000005 0.21063900000000005
decision_type=10 10 10 8 8 8
left_child=2 5 3 -1 -4 -2
right_child=1 -3 4 -5 -6 -7
leaf_value=-0.015399804598518427 0.025031622249820366 -0.0083757062643928966 -0.025864310262512874 0.00070793282148043249 0.0019513519645381393 0
leaf_weight=12.936060987412928 12.542575992643833 3.7433883473277083 8.5508999787270987 82.732369542121887 1.2883040606975562 3.1708895340561876
leaf_count=82 53 20 95 707 4 14
internal_value=-0.000723504 0.014362 -0.00410208 -0.00156807 -0.0202807 0.0218562
internal_weight=124.964 19.4569 105.508 95.6684 9.8392 15.7135
internal_count=975 87 888 789 99 67
is_linear=0
shrinkage=0.03


Tree=94
num_leaves=4
num_cat=0
split_feature=3 19 16
split_gain=5.96957 4.77525 3.4389
threshold=1.5000000000000002 0.56118850000000009 0.45824950000000003
decision_type=10 10 10
left_child=1 2 -1
right_child=-2 -3 -4
leaf_value=0.0013268991725262247 0.021235224932768349 -0.02141180566835911 -0.015724909654029756
leaf_weight=97.278473626822233 7.3864371404051772 7.888571858406066 8.8218876942992193
leaf_count=767 41 90 55
internal_value=-0.000284818 -0.00244453 -0.000209337
internal_weight=121.375 113.989 106.1
internal_count=953 912 822
is_linear=0
shrinkage=0.03


Tree=95
num_leaves=6
num_cat=0
split_feature=24 25 7 21 19
split_gain=7.23997 4.83156 4.15868 3.80394 2.629
threshold=0.92555250000000011 0.32201900000000006 1.0000000180025095e-35 0.29816800000000004 0.50499100000000008
decision_type=2 2 10 10 10
left_child=3 2 -2 4 -1
right_child=1 -3 -4 -5 -6
leaf_value=-0.0043249006904692057 -0.0098737883312382778 0.021554985548135064 0.017214599773402867 0.013649967092127518 -0.020551458602448166
leaf_weight=81.121551480144262 11.993689645081764 14.86407972499728 4.6973428577184668 5.1501172780990592 9.6940444521605951
leaf_count=655 113 86 19 18 102
internal_value=-0.000872868 0.0106937 0 -0.00518816 -0.00697857
internal_weight=127.521 31.5551 16.691 95.9657 90.8156
internal_count=993 218 132 775 757
is_linear=0
shrinkage=0.03


Tree=96
num_leaves=6
num_cat=0
split_feature=16 20 19 16 23
split_gain=5.38231 4.18743 4.08775 0.552311 0.857592
threshold=0.45824950000000003 1.0000000180025095e-35 0.56118850000000009 0.62957300000000005 0.0078600000000000024
decision_type=10 8 8 8 10
left_child=1 -1 -3 -2 -5
right_child=3 2 -4 4 -6
leaf_value=-0.018304841936606576 -0.020478813491424757 0.0093882004968224297 -0.0016655455024364206 -0.010964359226488234 0.0051150409199393811
leaf_weight=4.3127999752759925 7.263766780495641 64.648217678070068 45.79439252987504 2.2161460332572469 2.5329519137740135
leaf_count=40 54 292 563 25 12
internal_value=0.000700371 0.0030569 0.00461754 -0.015925 0
internal_weight=126.768 114.755 110.443 12.0129 4.7491
internal_count=986 895 855 91 37
is_linear=0
shrinkage=0.03


Tree=97
num_leaves=7
num_cat=0
split_feature=24 24 15 16 15 2
split_gain=6.72472 3.91983 5.74609 2.16325 1.81599 0.619664
threshold=0.91217050000000011 0.79360300000000017 0.34436500000000003 0.20528100000000002 0.0074060000000000003 0.51315800000000011
decision_type=2 2 10 10 10 8
left_child=1 -1 -3 4 -2 -5
right_child=3 2 -4 5 -6 -7
leaf_value=-0.023008082333550235 0.0045493747248336932 -0.0054556360447275921 0.016903578064835383 0 0.021550186490919835 -0.011690674854519814
leaf_weight=6.8582425042986861 22.649494919925928 69.204455986618996 8.7572252228856069 3.1603959649801245 12.038910172879694 1.7436626404523847
leaf_count=104 192 572 32 14 51 13
internal_value=0 -0.0048053 -0.00204025 0.00972041 0.0124914 -0.00338614
internal_weight=124.412 84.8199 77.9617 39.5925 34.6884 4.90406
internal_count=978 708 604 270 243 27
is_linear=0
shrinkage=0.03


Tree=98
num_leaves=7
num_cat=0
split_feature=23 23 7 17 18 18
split_gain=8.40722 10.3739 6.80979 3.71445 3.01627 1.38042
threshold=0.50185950000000012 0.00089200000000000011 1.0000000180025095e-35 0.038305500000000006 0.29783800000000005 0.056721000000000008
decision_type=10 10 8 10 10 10
left_child=1 2 -1 -2 -3 -5
right_child=3 4 -4 5 -6 -7
leaf_value=-0.015035058280945486 0.0050645938094701611 0.0053737322133088046 0.0028263844472201398 0 0.028274829213401197 -0.025119541168686099
leaf_weight=27.456527281552553 2.6042184755206135 18.568459115922455 44.832856439054012 4.3479947112500694 10.355376064777372 15.972470566630362
leaf_count=206 11 83 525 26 32 112
internal_value=-0.00165979 0.00192684 -0.00388795 -0.0170426 0.0163992 -0.0214493
internal_weight=124.138 101.213 72.2894 22.9247 28.9238 20.3205
internal_count=995 846 731 149 115 138
is_linear=0
shrinkage=0.03


Tree=99
num_leaves=7
num_cat=0
split_feature=24 20 20 17 25 20
split_gain=9.22015 5.24626 4.26009 3.86423 1.6961 1.32531
threshold=0.91217050000000011 1.0000000180025095e-35 0.23945850000000005 0.46021650000000008 0.71528900000000017 0.65262600000000015
decision_type=2 8 8 10 2 8
left_child=2 -2 3 -1 -4 -3
right_child=1 5 4 -5 -6 -7
leaf_value=0.006416538055648415 -0.012680943600153857 0.019927130164630227 -0.012611814104781046 -0.018444157547258658 0.0040870487297656509 0.0036712935904487961
leaf_weight=30.174418773502111 3.6219811514019957 22.481155678629875 47.147727102041245 3.5218741968274108 1.8390586338937271 13.768275890499352
leaf_count=138 34 95 527 24 10 141
internal_value=0 0.0113212 -0.00571994 0.0017052 -0.0112082 0.0152697
internal_weight=122.554 39.8714 82.6831 33.6963 48.9868 36.2494
internal_count=969 270 699 162 537 236
is_linear=0
shrinkage=0.03


Tree=100
num_leaves=7
num_cat=0
split_feature=19 21 4 19 25 20
split_gain=6.85197 6.98959 5.76627 3.83544 2.23629 1.86258
threshold=0.24434850000000002 0.28401800000000005 1.0000000180025095e-35 0.0041160000000000007 0.7982935000000001 0.30294250000000006
decision_type=10 8 10 8 2 10
left_child=2 4 3 -1 -2 -4
right_child=1 -3 5 -5 -6 -7
leaf_value=-0.017223455847614082 -0.018341816744733348 0.017761714896753999 0.02322761488771129 0.0031944154466741728 0.0031051060299541848 0
leaf_weight=6.1768515631556502 27.963967200368646 3.216568022966384 13.478859543800352 71.542688481509686 1.5242280662059773 1.9369050562381733
leaf_count=54 220 9 62 641 5 9
internal_value=0.00024131 -0.01074 0.00462432 0.000620212 -0.0161255 0.0197927
internal_weight=125.84 32.7048 93.1353 77.7195 29.4882 15.4158
internal_count=1000 234 766 695 225 71
is_linear=0
shrinkage=0.03


Tree=101
num_leaves=5
num_cat=0
split_feature=24 19 19 21
split_gain=6.30926 4.16692 4.59947 2.43338
threshold=0.79360300000000017 0.57113900000000017 0.0041160000000000007 0.15176500000000001
decision_type=2 10 8 10
left_child=-1 2 -2 -3
right_child=1 3 -4 -5
leaf_value=-0.02278688786602167 -0.014346604952960357 -0.022136244121569563 0.0059172720329590213 0.0040214898313863283
leaf_weight=6.8831512257456771 7.5605663433670989 6.4705956354737273 103.97786725312471 1.1034028828144071
leaf_count=109 62 76 751 3
internal_value=2.45046e-05 0.00211581 0.00394199 -0.0154286
internal_weight=125.996 119.112 111.538 7.574
internal_count=1001 892 813 79
is_linear=0
shrinkage=0.03


Tree=102
num_leaves=6
num_cat=0
split_feature=24 21 19 25 16
split_gain=7.59833 9.04674 4.93382 3.32453 2.38006
threshold=0.91240100000000013 0.14425450000000004 1.0000000180025095e-35 0.38368250000000004 0.19469950000000003
decision_type=2 10 8 2 8
left_child=1 3 -2 -1 -4
right_child=2 -3 4 -5 -6
leaf_value=-0.012398858640719759 -0.011811072976925057 0.017626883713698617 0.022135654669949146 0.00072507262613928766 0.0034631945389321109
leaf_weight=54.222637496888638 3.8241949751973143 10.394970268011091 18.230566717684269 18.552291095256805 16.806083634495735
leaf_count=527 35 38 77 135 156
internal_value=0.000241436 -0.00461596 0.0109397 -0.00876106 0.0149473
internal_weight=122.031 83.1699 38.8608 72.7749 35.0367
internal_count=968 700 268 662 233
is_linear=0
shrinkage=0.03


Tree=103
num_leaves=5
num_cat=0
split_feature=3 23 23 16
split_gain=6.72469 2.50679 5.44512 2.9183
threshold=1.5000000000000002 0.00089200000000000011 0.24989150000000002 0.0063340000000000011
decision_type=10 8 8 10
left_child=1 3 -3 -1
right_child=-2 2 -4 -5
leaf_value=0 0.020371995674489746 0.012320066251941838 -0.0057906275862279174 -0.018080200867262853
leaf_weight=9.1189597994089144 7.0230922102928153 15.580081045627592 66.038663178682327 19.739498160779476
leaf_count=58 44 57 664 153
internal_value=-0.00272208 -0.00495432 -0.00166475 -0.0122835
internal_weight=117.5 110.477 81.6187 28.8585
internal_count=976 932 721 211
is_linear=0
shrinkage=0.03


Tree=104
num_leaves=5
num_cat=0
split_feature=24 2 18 24
split_gain=5.07196 5.19949 6.75107 6.07926
threshold=0.79360300000000017 0.47222200000000009 0.14289150000000003 0.93767700000000009
decision_type=2 10 10 2
left_child=-1 2 -2 -3
right_child=1 3 -4 -5
leaf_value=-0.021371760404099271 0 -0.016254082670046986 0.017632639711846716 0.0092090177427562696
leaf_weight=6.2018851786851874 57.557983312755823 21.94359498098493 25.950263321399689 8.7647346109151822
leaf_count=103 552 160 105 49
internal_value=0 0.00175684 0.00581476 -0.00792367
internal_weight=120.418 114.217 83.5082 30.7083
internal_count=969 866 657 209
is_linear=0
shrinkage=0.03


Tree=105
num_leaves=7
num_cat=0
split_feature=24 3 17 25 25 24
split_gain=7.01324 3.29083 3.89421 2.38906 3.73665 2.23273
threshold=0.8605735000000001 1.0000000180025095e-35 0.11616300000000002 0.067758000000000013 0.0071550000000000008 0.79723850000000007
decision_type=2 10 8 2 2 2
left_child=3 2 -2 4 -1 -5
right_child=1 -3 -4 5 -6 -7
leaf_value=0.0028446578945018597 -0.0075644179633047141 0.019338682977973219 0.0067210244885554443 -0.017272243808733944 -0.027153907172397147 0.0013969579939819862
leaf_weight=2.2224706634879103 20.33268853276968 10.490687064826487 53.90689355507493 4.0473437681794193 9.456269718706606 19.503357734531164
leaf_count=17 117 53 410 64 133 173
internal_value=0.000432655 0.00532161 0.00227829 -0.0100359 -0.0199867 -0.00227064
internal_weight=119.96 84.7303 74.2396 35.2294 11.6787 23.5507
internal_count=967 580 527 387 150 237
is_linear=0
shrinkage=0.03


Tree=106
num_leaves=5
num_cat=0
split_feature=24 2 9 2
split_gain=6.4387 5.32172 4.73407 4.36601
threshold=0.79360300000000017 0.47222200000000009 8.0951295000000005 1.0000000180025095e-35
decision_type=2 8 8 10
left_child=-1 3 -3 -2
right_child=1 2 -4 -5
leaf_value=-0.021807125781636082 0.0017291741622896301 -0.010765239412033396 0.0044420315367955194 0.021152289336583877
leaf_weight=6.5469710417091838 27.732126086950302 27.350873965770006 41.553633231669664 19.4287069439888
leaf_count=111 142 188 463 74
internal_value=0.0015169 0.00360083 -0.0013744 0.0111154
internal_weight=122.612 116.065 68.9045 47.1608
internal_count=978 867 651 216
is_linear=0
shrinkage=0.03


Tree=107
num_leaves=7
num_cat=0
split_feature=25 20 21 25 15 7
split_gain=5.25921 6.12259 1.8274 1.70982 2.08927 1.63383
threshold=0.16534400000000002 0.47203500000000004 0.12386950000000001 0.079107500000000011 0.32105100000000003 1.0000000180025095e-35
decision_type=2 10 10 2 10 10
left_child=3 2 -2 4 -1 -5
right_child=1 -3 -4 5 -6 -7
leaf_value=-0.0039874342012145569 0.0069209886095887322 -0.014842614742759367 0.024134399109309493 -0.016000890127760393 0.012406531225012897 0
leaf_weight=34.713017839938402 51.254931770265102 6.2890820391476145 7.2818204686045638 14.396073471754791 5.3623010516166678 3.8200329095125189
leaf_count=319 383 54 32 158 25 16
internal_value=0.00124923 0.00716201 0.010622 -0.00486561 -0.000386092 -0.0118584
internal_weight=123.117 64.8258 58.5368 58.2914 40.0753 18.2161
internal_count=987 469 415 518 344 174
is_linear=0
shrinkage=0.03


Tree=108
num_leaves=7
num_cat=0
split_feature=2 9 20 18 9 24
split_gain=5.57863 5.79924 5.15347 5.68292 2.29694 1.66164
threshold=0.47222200000000009 7.9813810000000007 0.17732750000000003 0.10815050000000002 1.0000000180025095e-35 0.94924850000000005
decision_type=10 10 8 10 10 2
left_child=2 5 3 -1 -4 -2
right_child=1 -3 4 -5 -6 -7
leaf_value=0 -0.018210956717675173 0.012814410500387001 0.001685500459869419 0.02387600519271255 -0.016512703760526683 0
leaf_weight=12.739867880940439 21.702754758298404 4.9642834514379492 55.643447827547789 18.292978130280972 3.9705072939395896 3.9540099799633017
leaf_count=71 178 22 591 67 24 26
internal_value=0.00109953 -0.00910204 0.00504722 0.014366 0 -0.0152871
internal_weight=121.268 30.621 90.6468 31.0328 59.614 25.6568
internal_count=979 226 753 138 615 204
is_linear=0
shrinkage=0.03


Tree=109
num_leaves=5
num_cat=0
split_feature=3 24 22 15
split_gain=5.73052 4.17605 3.10813 1.13396
threshold=1.5000000000000002 0.84578900000000012 0.042956000000000001 0.35334300000000007
decision_type=10 2 8 8
left_child=1 3 -3 -1
right_child=-2 2 -4 -5
leaf_value=-0.01956990723140491 0.020569486683782202 -0.0058713237782614287 0.0049250103512453241 -0.0021987016318895693
leaf_weight=11.626015994697811 7.2139754965901366 39.260322786867619 52.265257623046637 11.397870142012833
leaf_count=121 47 216 423 175
internal_value=-0.000671128 -0.00275483 0 -0.013368
internal_weight=121.763 114.549 91.5256 23.0239
internal_count=982 935 639 296
is_linear=0
shrinkage=0.03


Tree=110
num_leaves=5
num_cat=0
split_feature=24 25 3 20
split_gain=5.91937 4.22366 3.63793 0.40949
threshold=0.79360300000000017 0.71528900000000017 1.5000000000000002 0.13995400000000005
decision_type=2 2 10 10
left_child=-1 2 -2 -3
right_child=1 3 -4 -5
leaf_value=-0.02184073263130408 -0.00089969555716483266 0.022956809152459377 0.018869168790114299 0
leaf_weight=6.6143224090337744 100.65737004950643 6.3382140398025495 6.0164453014731398 1.7362250983715055
leaf_count=114 793 37 39 8
internal_value=0.000493985 0.00255984 0.000427383 0.0202759
internal_weight=121.363 114.748 106.674 8.07444
internal_count=991 877 832 45
is_linear=0
shrinkage=0.03


Tree=111
num_leaves=7
num_cat=0
split_feature=25 15 16 21 20 6
split_gain=6.29568 3.80032 5.41672 3.31985 2.39648 1.73047
threshold=0.23167300000000005 0.35334300000000007 0.25197350000000002 0.0030545000000000004 0.024917500000000006 8.6832670000000025
decision_type=2 10 10 10 10 10
left_child=1 5 -3 4 -2 -1
right_child=3 2 -4 -5 -6 -7
leaf_value=-0.01252040638763912 0.0063697858830352337 0.02224707762000977 -0.015088932930971402 0.015436551792752022 -0.0075640527800120002 0.0041726371262926169
leaf_weight=56.285599652677774 20.947809498757124 5.4759182184934607 2.3937728106975555 15.186631865799425 17.714413411915302 1.9047023504972447
leaf_count=563 206 19 19 69 107 11
internal_value=-0.00226216 -0.00846563 0.00710031 0.00486547 0 -0.0113059
internal_weight=119.909 66.06 7.86969 53.8489 38.6622 58.1903
internal_count=994 612 38 382 313 574
is_linear=0
shrinkage=0.03


Tree=112
num_leaves=6
num_cat=0
split_feature=21 24 15 19 25
split_gain=6.06801 6.86583 4.027 2.99689 2.63346
threshold=0.11378600000000001 0.93881000000000003 0.095195500000000016 1.0000000180025095e-35 0.0071550000000000008
decision_type=10 2 10 8 2
left_child=1 4 -2 -3 -1
right_child=2 3 -4 -5 -6
leaf_value=0.01067248165407556 -0.0061069956366532133 -0.0078417530318484596 0.021972425266365048 0.015000359918109848 -0.0094245081809012591
leaf_weight=2.4983580186963072 2.9781828671693793 2.9043703228235271 12.172130614519117 17.709253385663033 78.679582815617323
leaf_count=21 17 27 49 127 723
internal_value=-0.000999679 -0.00397707 0.0147028 0.00992417 -0.0080913
internal_weight=116.942 101.792 15.1503 20.6136 81.1779
internal_count=964 898 66 154 744
is_linear=0
shrinkage=0.03


Tree=113
num_leaves=5
num_cat=0
split_feature=24 18 3 17
split_gain=5.0028 4.72053 6.51964 2.91908
threshold=0.79360300000000017 0.18290500000000001 1.0000000180025095e-35 0.54864200000000019
decision_type=2 10 8 10
left_child=-1 2 -2 -3
right_child=1 3 -4 -5
leaf_value=-0.021562648992304367 -0.011655086793581126 0.013566174775227676 0.0043850087337051593 -0.00782866749458184
leaf_weight=6.5304301790893069 37.51110315695405 29.738890219479799 46.400403223931789 3.0192940533161154
leaf_count=113 248 129 508 24
internal_value=-0.000507306 0.000931558 -0.00259504 0.0102639
internal_weight=123.2 116.67 83.9115 32.7582
internal_count=1022 909 756 153
is_linear=0
shrinkage=0.03


Tree=114
num_leaves=5
num_cat=0
split_feature=19 24 19 21
split_gain=4.81576 3.39 3.1553 1.14641
threshold=0.50499100000000008 0.79360300000000017 0.005497000000000001 0.12386950000000001
decision_type=10 2 10 10
left_child=1 -1 -3 -2
right_child=3 2 -4 -5
leaf_value=-0.016911276087254016 -0.019947377388150288 -0.0017535063615349161 0.0080183426609276159 0
leaf_weight=4.1799685619771472 8.7749010063707793 43.75576089322567 65.216855704784393 0.92413046211004335
leaf_count=78 108 503 302 4
internal_value=0.000303389 0.00244142 0.00388487 -0.0169615
internal_weight=122.852 113.153 108.973 9.69903
internal_count=995 883 805 112
is_linear=0
shrinkage=0.03


Tree=115
num_leaves=7
num_cat=0
split_feature=25 20 16 7 20 25
split_gain=4.9792 4.36908 2.4376 2.29738 1.61245 0.282323
threshold=0.16534400000000002 0.47203500000000004 0.45824950000000003 8.1421350000000015 0.09069350000000001 0.44144100000000003
decision_type=2 10 10 10 10 2
left_child=2 4 3 -1 -2 -3
right_child=1 5 -4 -5 -6 -7
leaf_value=-0.0074150212898947765 0.0020898607776090429 -0.017500399171245185 -0.022694511886429913 0.0068206708084696593 0.013737404873293765 0
leaf_weight=39.88643891736865 36.324300348758698 3.9286571703851214 6.5061121508479109 8.74786628782749 20.687080703675747 2.643751472234726
leaf_count=412 319 40 61 40 94 15
internal_value=-0.00123023 0.00411307 -0.00780201 -0.00402592 0.00729164 -0.0139691
internal_weight=118.724 63.5838 55.1404 48.6343 57.0114 6.57241
internal_count=981 468 513 452 413 55
is_linear=0
shrinkage=0.03


Tree=116
num_leaves=6
num_cat=0
split_feature=24 20 20 19 25
split_gain=6.69784 3.13863 5.90149 1.79581 0.280361
threshold=0.82064700000000002 1.0000000180025095e-35 0.14446400000000001 0.20602100000000004 0.35549400000000003
decision_type=2 8 8 8 2
left_child=3 4 -3 -1 -2
right_child=1 2 -4 -5 -6
leaf_value=0 -0.016174127569807177 0.014396169655030924 -9.514520578914191e-05 -0.021996073070756721 0
leaf_weight=2.6034470051526997 3.8901326060295096 34.765768676996231 64.496104892343283 10.292166352272034 1.2217422574758527
leaf_count=17 41 151 574 178 6
internal_value=0.000486187 0.00340049 0.00496041 -0.0174042 -0.0138238
internal_weight=117.269 104.374 99.2619 12.8956 5.11187
internal_count=967 772 725 195 47
is_linear=0
shrinkage=0.03


Tree=117
num_leaves=7
num_cat=0
split_feature=24 21 25 18 5 24
split_gain=4.75558 3.46574 2.08529 1.47963 0.933455 0.686189
threshold=0.92555250000000011 0.24561150000000001 0.71528900000000017 1.0000000180025095e-35 3.5000000000000004 0.89515600000000017
decision_type=2 10 2 8 10 2
left_child=1 2 -1 -2 -5 -3
right_child=3 5 -4 4 -6 -7
leaf_value=-0.0067689047466764811 -0.0010334245454271173 0.016824087694175309 0.0095551702713564668 0.014280762556364101 0 0
leaf_weight=77.845014985650778 3.8390256315469768 4.9776376187801352 3.6567523702979079 23.91116934269667 2.3200772032141677 1.985395699739456
leaf_count=717 33 16 21 176 15 10
internal_value=4.73862e-05 -0.00323382 -0.00536824 0.0100253 0.0126101 0.0128319
internal_weight=118.535 88.4648 81.5018 30.0703 26.2312 6.96303
internal_count=988 764 738 224 191 26
is_linear=0
shrinkage=0.03


Tree=118
num_leaves=4
num_cat=0
split_feature=24 3 25
split_gain=4.55744 3.25922 2.57654
threshold=0.79360300000000017 1.5000000000000002 0.43008200000000002
decision_type=2 10 2
left_child=-1 2 -2
right_child=1 -3 -4
leaf_value=-0.020175903820220147 -0.0021808155159349892 0.019153838408250082 0.0080703697891690122
leaf_weight=5.8601949512958518 78.883267194032669 6.3424577936530104 26.765741623938084
leaf_count=108 646 45 168
internal_value=0.000263378 0.00209226 0.000291289
internal_weight=117.852 111.991 105.649
internal_count=967 859 814
is_linear=0
shrinkage=0.03


Tree=119
num_leaves=6
num_cat=0
split_feature=19 19 23 4 21
split_gain=3.49099 2.7284 3.04671 2.50255 1.02699
threshold=0.57113900000000017 0.0041160000000000007 0.57592050000000017 1.0000000180025095e-35 0.027506500000000003
decision_type=10 10 10 8 10
left_child=1 3 -3 -1 -2
right_child=4 2 -4 -5 -6
leaf_value=-0.016584700977990176 -0.01947143836295466 0.011179212457866043 -0.0011018978370431419 0.00026655127386724623 0
leaf_weight=6.047882452607154 5.7359307184815398 43.886694714426994 22.204377390444279 40.167871104553342 0.76048003137111653
leaf_count=56 87 205 128 514 3
internal_value=0.00120891 0.00284314 0.00675027 -0.00220559 -0.015857
internal_weight=118.803 112.307 66.0911 46.2158 6.49641
internal_count=993 903 333 570 90
is_linear=0
shrinkage=0.03


end of trees

feature_importances:
embedding_cosine_bge_m3=100
digit_ratio_mean_percentile_gap_abs=82
reranker_score_bge_reranker_v2_m3=65
repeated_title_share_percentile_gap_abs=46
shared_title_count_capped=45
punct_ratio_mean_percentile_gap_abs=44
max_category_share_percentile_gap_abs=38
profile_category_jaccard=30
item_count_percentile_gap_abs=30
shared_description_count_capped=20
price_median_percentile_gap_abs=19
title_length_median_percentile_gap_abs=18
description_length_median_percentile_gap_abs=15
repeated_description_share_percentile_gap_abs=13
shared_description_idf_sum=11
shared_description_idf_mean=9
shared_category_count_capped=7
shared_title_idf_sum=2
shared_low_df_sentence_count=2

parameters:
[boosting: gbdt]
[objective: binary]
[metric: binary_logloss,auc]
[tree_learner: serial]
[device_type: cpu]
[data_sample_strategy: bagging]
[data: ]
[valid: ]
[num_iterations: 120]
[learning_rate: 0.03]
[num_leaves: 7]
[num_threads: 0]
[seed: 20260320]
[deterministic: 1]
[force_col_wise: 1]
[force_row_wise: 0]
[histogram_pool_size: -1]
[max_depth: 3]
[min_data_in_leaf: 10]
[min_sum_hessian_in_leaf: 0.001]
[bagging_fraction: 0.8]
[pos_bagging_fraction: 1]
[neg_bagging_fraction: 1]
[bagging_freq: 1]
[bagging_seed: 20260320]
[bagging_by_query: 0]
[feature_fraction: 0.6]
[feature_fraction_bynode: 1]
[feature_fraction_seed: 20260320]
[extra_trees: 0]
[extra_seed: 10983]
[early_stopping_round: 0]
[early_stopping_min_delta: 0]
[first_metric_only: 0]
[max_delta_step: 0]
[lambda_l1: 1]
[lambda_l2: 3]
[linear_lambda: 0]
[min_gain_to_split: 0.05]
[drop_rate: 0.1]
[max_drop: 50]
[skip_drop: 0.5]
[xgboost_dart_mode: 0]
[uniform_drop: 0]
[drop_seed: 19421]
[top_rate: 0.2]
[other_rate: 0.1]
[min_data_per_group: 100]
[max_cat_threshold: 32]
[cat_l2: 10]
[cat_smooth: 10]
[max_cat_to_onehot: 4]
[top_k: 20]
[monotone_constraints: ]
[monotone_constraints_method: basic]
[monotone_penalty: 0]
[feature_contri: ]
[forcedsplits_filename: ]
[refit_decay_rate: 0.9]
[cegb_tradeoff: 1]
[cegb_penalty_split: 0]
[cegb_penalty_feature_lazy: ]
[cegb_penalty_feature_coupled: ]
[path_smooth: 0]
[interaction_constraints: ]
[verbosity: -1]
[saved_feature_importance_type: 0]
[use_quantized_grad: 0]
[num_grad_quant_bins: 4]
[quant_train_renew_leaf: 0]
[stochastic_rounding: 1]
[linear_tree: 0]
[max_bin: 255]
[max_bin_by_feature: ]
[min_data_in_bin: 3]
[bin_construct_sample_cnt: 200000]
[data_random_seed: 20260320]
[is_enable_sparse: 1]
[enable_bundle: 1]
[use_missing: 1]
[zero_as_missing: 0]
[feature_pre_filter: 1]
[pre_partition: 0]
[two_round: 0]
[header: 0]
[label_column: ]
[weight_column: ]
[group_column: ]
[ignore_column: ]
[categorical_feature: ]
[forcedbins_filename: ]
[precise_float_parser: 0]
[parser_config_file: ]
[objective_seed: 10697]
[num_class: 1]
[is_unbalance: 0]
[scale_pos_weight: 1]
[sigmoid: 1]
[boost_from_average: 1]
[reg_sqrt: 0]
[alpha: 0.9]
[fair_c: 1]
[poisson_max_delta_step: 0.7]
[tweedie_variance_power: 1.5]
[lambdarank_truncation_level: 30]
[lambdarank_norm: 1]
[label_gain: ]
[lambdarank_position_bias_regularization: 0]
[eval_at: ]
[multi_error_top_k: 1]
[auc_mu_weights: ]
[num_machines: 1]
[local_listen_port: 12400]
[time_out: 120]
[machine_list_filename: ]
[machines: ]
[gpu_platform_id: -1]
[gpu_device_id: -1]
[gpu_use_dp: 0]
[num_gpu: 1]

end of parameters

pandas_categorical:null
