tree
version=v4
num_class=1
num_tree_per_iteration=1
label_index=0
max_feature_idx=25
objective=binary sigmoid:1
feature_names=same_market_raw_bool same_source_dataset_bool profile_category_jaccard shared_title_count_capped shared_description_count_capped shared_category_count_capped shared_title_idf_sum shared_description_idf_sum shared_title_idf_mean shared_description_idf_mean boilerplate_ratio_max boilerplate_ratio_gap_abs shared_boilerplate_count shared_low_df_sentence_count shared_rare_ngram_count item_count_percentile_gap_abs price_median_percentile_gap_abs title_length_median_percentile_gap_abs description_length_median_percentile_gap_abs digit_ratio_mean_percentile_gap_abs punct_ratio_mean_percentile_gap_abs repeated_title_share_percentile_gap_abs repeated_description_share_percentile_gap_abs max_category_share_percentile_gap_abs embedding_cosine_bge_m3 reranker_score_bge_reranker_v2_m3
feature_infos=[0:1] [0:1] [0:1] [0:5] [0:5] [0:5] [0:70.616864000000007] [0:79.443972000000002] [0:8.8271080000000008] [0:8.8271080000000008] [0:0.20000000000000001] [0:0.20000000000000001] [0:1] [0:9] [0:8] [0:0.70916299999999999] [0:0.96791400000000005] [0:0.92293000000000003] [0:0.88129299999999999] [0:0.90190499999999996] [0:0.93838699999999997] [0:0.78087600000000001] [0:0.625498] [0:0.99695599999999995] [0.71749799999999997:0.99786200000000003] [0.0015900000000000001:0.92668499999999998]
tree_sizes=680 684 681 682 775 893 670 782 658 880 652 887 876 875 782 884 887 678 878 658 679 859 867 756 891 774 877 663 662 790 864 845 787 787 867 852 676 881 663 737 858 895 875 661 876 678 682 660 761 777 674 565 863 747 895 893 873 769 734 660 576 900 878 831 661 662 774 883 680 677 754 753 872 868 651 839 736 681 744 887 855 667 750 685 565 787 789 889 829 866 661 851 651 664 681 662 675 575 568 677 679 871 663 890 653 577 752 579 752 877 791 662 866 781 898 773 866

Tree=0
num_leaves=5
num_cat=0
split_feature=3 24 22 25
split_gain=82.2881 50.9379 29.3732 5.11743
threshold=1.5000000000000002 0.84578900000000012 0.0022595000000000007 0.57343350000000004
decision_type=10 2 8 2
left_child=1 3 -3 -1
right_child=-2 2 -4 -5
leaf_value=-0.040990163032424358 0.051191129539288019 -0.021335702872408033 0.011999917020666067 -7.8970330306222644e-10
leaf_weight=33.772335954010487 20.839608013629913 31.177415132522583 74.376154698431492 2.2862200215458861
leaf_count=270 45 148 480 12
internal_value=-0.000270456 -0.00895585 0.00155967 -0.0382613
internal_weight=162.452 141.612 105.554 36.0586
internal_count=955 910 628 282
is_linear=0
shrinkage=1


Tree=1
num_leaves=5
num_cat=0
split_feature=3 21 2 7
split_gain=75.5687 26.6935 12.6968 10.5371
threshold=1.5000000000000002 0.00092500000000000015 1.0000000180025095e-35 1.0000000180025095e-35
decision_type=10 8 10 10
left_child=1 3 -3 -1
right_child=-2 2 -4 -5
leaf_value=-0.026984110992653309 0.049877500996645778 -0.0029974313047164336 0.023439650474599928 0.00708293287400909
leaf_weight=53.311457425355911 20.82596093416214 65.928201131522655 18.051915228366852 6.7354218959808341
leaf_count=262 45 589 56 24
internal_value=0.000146927 -0.00771095 0.00295288 -0.0225318
internal_weight=164.853 144.027 83.9801 60.0469
internal_count=976 931 645 286
is_linear=0
shrinkage=0.03


Tree=2
num_leaves=5
num_cat=0
split_feature=3 24 22 17
split_gain=73.2809 48.8018 26.702 6.89736
threshold=1.5000000000000002 0.84578900000000012 0.0022595000000000007 0.16629400000000003
decision_type=10 2 8 8
left_child=1 3 -3 -1
right_child=-2 2 -4 -5
leaf_value=-0.0054829226217147416 0.048309254084948475 -0.020254134688952354 0.011037581913403217 -0.04352605604886587
leaf_weight=8.2008972465991956 19.862636595964432 32.651953220367432 75.106596082448959 30.079643823206425
leaf_count=36 43 155 499 269
internal_value=-0.00152014 -0.00933468 0.000993228 -0.0370935
internal_weight=165.902 146.039 107.759 38.2805
internal_count=1002 959 654 305
is_linear=0
shrinkage=0.03


Tree=3
num_leaves=5
num_cat=0
split_feature=3 21 25 19
split_gain=68.5622 37.2565 33.399 8.64812
threshold=1.5000000000000002 0.00092500000000000015 0.21754000000000004 0.38322950000000006
decision_type=10 8 2 10
left_child=1 3 -3 -1
right_child=-2 2 -4 -5
leaf_value=-0.015231493854868328 0.047175543493132542 -0.012279748296760798 0.023307364298267665 -0.043522897752319337
leaf_weight=36.603061154484749 19.802729040384293 50.852188173681498 39.033546503633261 19.376835480332375
leaf_count=168 43 417 265 110
internal_value=-0.0010849 -0.00865693 0.00310489 -0.0272486
internal_weight=165.668 145.866 89.8857 55.9799
internal_count=1003 960 682 278
is_linear=0
shrinkage=0.03


Tree=4
num_leaves=6
num_cat=0
split_feature=24 3 21 19 17
split_gain=68.3831 37.8079 33.5656 5.41624 2.30376
threshold=0.84578900000000012 1.5000000000000002 0.00092500000000000015 0.23227000000000003 0.26618100000000006
decision_type=2 10 8 8 10
left_child=3 2 -2 4 -1
right_child=1 -3 -4 -5 -6
leaf_value=0.0020060802391508887 -0.018236234943202072 0.046111490037157012 0.015492110239627498 -0.039805017357401322 -0.019577663908935772
leaf_weight=5.7908785641193372 38.519032627344131 19.722304672002792 69.616700887680054 28.877990916371346 3.8749020844697952
leaf_count=22 181 43 468 262 21
internal_value=0 0.0108178 0.00303984 -0.0333591 -0.00686569
internal_weight=166.402 127.858 108.136 38.5438 9.66578
internal_count=997 692 649 305 43
is_linear=0
shrinkage=0.03


Tree=5
num_leaves=7
num_cat=0
split_feature=24 4 23 23 20 20
split_gain=72.5785 36.5017 28.4411 14.9101 7.66104 6.47845
threshold=0.84578900000000012 1.0000000180025095e-35 0.00089200000000000011 0.73287700000000011 0.21748450000000003 0.10399700000000002
decision_type=2 10 8 10 8 8
left_child=4 2 -2 -3 5 -1
right_child=1 3 -4 -5 -6 -7
leaf_value=-0.023218597754196196 -0.021709160424706997 0.044154229718856609 0.012119880635737495 -0.0050652772141208157 -0.041600731072428385 0.013433189639243245
leaf_weight=6.3751288205385181 30.351420983672142 28.419610232114792 64.543158397078514 4.7475329041481009 29.608712553977966 4.4171808809041986
leaf_count=34 147 67 445 21 269 14
internal_value=-0.000186269 0.0107785 0.000659727 0.0364437 -0.0339759 -0.00638334
internal_weight=168.463 128.062 94.8946 33.1671 40.401 10.7923
internal_count=997 680 592 88 317 48
is_linear=0
shrinkage=0.03


Tree=6
num_leaves=5
num_cat=0
split_feature=3 25 23 23
split_gain=61.4142 38.3699 14.7038 13.1046
threshold=1.5000000000000002 0.28514000000000006 1.0000000180025095e-35 0.69708550000000014
decision_type=10 2 8 10
left_child=1 2 -1 -3
right_child=-2 3 -4 -5
leaf_value=-0.034013677364094747 0.044806582652334274 0.019635276606329157 -0.0083197677546065045 -0.015544583159306763
leaf_weight=32.833916768431664 20.888753354549408 43.954644326120615 62.137622460722923 8.6053261607885343
leaf_count=174 46 251 495 42
internal_value=0 -0.00697001 -0.0182785 0.0128072
internal_weight=168.42 147.532 94.9715 52.56
internal_count=1008 962 669 293
is_linear=0
shrinkage=0.03


Tree=7
num_leaves=6
num_cat=0
split_feature=24 19 24 20 17
split_gain=67.1975 34.8187 21.4009 7.63904 3.18051
threshold=0.84578900000000012 0.00032450000000000008 0.92555250000000011 0.13570500000000002 0.23643500000000003
decision_type=2 8 2 8 10
left_child=3 -2 -3 4 -1
right_child=1 2 -4 -5 -6
leaf_value=0.0085458548764487004 -0.035842781188940798 0.0064596447886375169 0.03336884878601528 -0.039093785313458813 -0.018542583723397042
leaf_weight=4.9229477941989881 9.4831267744302732 80.235145792365074 41.54951399192214 29.110105235129595 3.8561141490936279
leaf_count=17 54 451 190 256 21
internal_value=0.00134806 0.0117437 0.0164622 -0.0321534 -0.0024978
internal_weight=169.157 131.268 121.785 37.8892 8.77906
internal_count=989 695 641 294 38
is_linear=0
shrinkage=0.03


Tree=8
num_leaves=5
num_cat=0
split_feature=3 25 2 2
split_gain=58.5627 34.1922 12.3352 7.58846
threshold=1.5000000000000002 0.38368250000000004 0.47222200000000009 0.32575750000000009
decision_type=10 2 10 10
left_child=1 2 -1 -3
right_child=-2 3 -4 -5
leaf_value=-0.0086501517804275108 0.043269420818958328 0.025073467885726265 -0.031615950343255809 0
leaf_weight=72.618720419704914 20.217111766338348 22.88171137496829 33.142737358808517 15.382638975977896
leaf_count=556 45 143 175 63
internal_value=-0.000825306 -0.00797559 -0.0167964 0.0151264
internal_weight=164.243 144.026 105.761 38.2644
internal_count=982 937 731 206
is_linear=0
shrinkage=0.03


Tree=9
num_leaves=7
num_cat=0
split_feature=24 25 23 19 19 17
split_gain=50.8662 30.6574 16.3151 9.4052 6.92228 3.5553
threshold=0.84578900000000012 0.28514000000000006 1.0000000180025095e-35 0.28712300000000007 0.50499100000000008 0.23643500000000003
decision_type=2 2 8 8 10 10
left_child=3 2 -2 5 -3 -1
right_child=1 4 -4 -5 -6 -7
leaf_value=0.010209280530353878 -0.021626311884464022 0.029749178407524196 0.007038324797290451 -0.03796119594957495 -0.0042791550285418796 -0.01695380825685245
leaf_weight=5.5426008850336057 24.560161158442497 46.997350674122572 46.310704812407494 26.850743860006332 3.5664606243371955 5.1453480124473572
leaf_count=19 121 214 315 250 16 27
internal_value=0 0.00948547 -0.00296409 -0.0292079 0.0266837 -0.00152549
internal_weight=158.973 121.435 70.8709 37.5387 50.5638 10.6879
internal_count=962 666 436 296 230 46
is_linear=0
shrinkage=0.03


Tree=10
num_leaves=5
num_cat=0
split_feature=3 24 22 20
split_gain=55.5313 38.9674 28.6584 5.90362
threshold=1.5000000000000002 0.84578900000000012 0.0022595000000000007 0.060170000000000008
decision_type=10 2 8 8
left_child=1 3 -3 -1
right_child=-2 2 -4 -5
leaf_value=0 0.042444950261981855 -0.020567981500327907 0.012276869339281743 -0.035519279286450163
leaf_weight=3.7040253132581702 20.884592145681381 30.88390801846981 76.879759777337313 34.056331384927034
leaf_count=15 47 151 500 289
internal_value=0 -0.00683978 0.00229091 -0.0318845
internal_weight=166.409 145.524 107.764 37.7604
internal_count=1002 955 651 304
is_linear=0
shrinkage=0.03


Tree=11
num_leaves=7
num_cat=0
split_feature=24 25 3 20 25 24
split_gain=61.3737 31.3678 20.2631 11.2737 6.38158 5.22947
threshold=0.8605735000000001 0.28514000000000006 1.0000000180025095e-35 0.13570500000000002 0.22357650000000004 0.91259650000000014
decision_type=2 2 10 8 2 2
left_child=3 2 -2 4 -1 -3
right_child=1 5 -4 -5 -6 -7
leaf_value=-0.01850166204156093 -0.010392104595842085 0.013271778044144074 0.029484800195584426 -0.035096500404024338 0.016230375064696888 0.038321552245710891
leaf_weight=6.7726400494575483 50.955476574599743 22.273456200957298 11.465699627995489 35.75327106565237 6.105836346745491 28.301453310996294
leaf_count=35 349 114 30 314 19 108
internal_value=4.63357e-05 0.0123345 -0.00159264 -0.0269819 -0.000190128 0.0292104
internal_weight=161.628 112.996 62.4212 48.6317 12.8785 50.5749
internal_count=969 601 379 368 54 222
is_linear=0
shrinkage=0.03


Tree=12
num_leaves=7
num_cat=0
split_feature=4 25 23 23 2 19
split_gain=53.5165 32.8452 17.2956 13.321 11.9078 0.748823
threshold=1.0000000180025095e-35 0.43704550000000003 0.73287700000000011 1.0000000180025095e-35 0.32575750000000009 0.27644900000000006
decision_type=10 2 10 8 10 10
left_child=1 3 -2 -1 -3 -4
right_child=2 4 5 -5 -6 -7
leaf_value=-0.031197918562439086 0.041650339759743367 0.026752297133270257 0 -0.0073984136243352904 -0.0099139019256963678 -0.017540114836103637
leaf_weight=35.007369637489319 28.087277173995972 24.164711758494377 2.5571834444999686 64.487297657877207 8.0217458754777891 2.0368879437446594
leaf_count=188 67 143 10 535 37 12
internal_value=0.000332501 -0.00814962 0.0331615 -0.0167331 0.0166953 -0.0107383
internal_weight=164.362 131.681 32.6813 99.4947 32.1865 4.59407
internal_count=992 903 89 723 180 22
is_linear=0
shrinkage=0.03


Tree=13
num_leaves=7
num_cat=0
split_feature=25 4 21 2 15 17
split_gain=49.3363 27.6555 13.0104 12.4672 10.3741 5.6516
threshold=0.32201900000000006 1.0000000180025095e-35 1.0000000180025095e-35 0.47222200000000009 0.2283705 0.066586500000000007
decision_type=2 10 8 10 10 10
left_child=1 3 5 -1 -3 -2
right_child=2 4 -4 -5 -6 -7
leaf_value=-0.010192637661537834 0.019198134654679379 0.030886433500485123 0.029570241514904456 -0.035627533214152199 -0.012975073464955291 -0.010560577851747365
leaf_weight=60.488335587084293 5.8976487815380123 13.334254443645479 41.645521279424429 27.879192888736725 3.8195900917053214 13.202941179275511
leaf_count=499 17 35 216 157 19 61
internal_value=-6.70903e-05 -0.0125435 0.0207053 -0.0194518 0.0191538 0
internal_weight=166.267 105.521 60.7461 88.3675 17.1538 19.1006
internal_count=1004 710 294 656 54 78
is_linear=0
shrinkage=0.03


Tree=14
num_leaves=6
num_cat=0
split_feature=24 3 21 21 2
split_gain=51.0552 21.7543 14.4927 8.14498 2.23921
threshold=0.85325150000000016 1.5000000000000002 0.00092500000000000015 0.080088500000000021 0.34848450000000003
decision_type=2 10 8 10 8
left_child=3 2 -2 4 -1
right_child=1 -3 -4 -5 -6
leaf_value=-0.011562677820675445 -0.0086885204428717548 0.03955385618915401 0.014187799601860968 0.0074317991936523435 -0.034533592543820574
leaf_weight=14.763331547379492 35.59867887198925 18.931533694267273 63.736306134611368 3.8873964101076117 26.332222353667021
leaf_count=71 161 44 423 13 261
internal_value=0.00169504 0.0121959 0.00568208 -0.0243243 -0.0283099
internal_weight=163.249 118.267 99.335 44.983 41.0956
internal_count=973 628 584 345 332
is_linear=0
shrinkage=0.03


Tree=15
num_leaves=7
num_cat=0
split_feature=25 7 21 21 7 15
split_gain=39.8607 22.7818 16.1128 15.9602 6.86573 5.75073
threshold=0.28514000000000006 8.1421350000000015 0.20346050000000002 1.0000000180025095e-35 16.630843500000005 0.14874200000000001
decision_type=2 10 10 8 10 8
left_child=1 2 -1 4 -2 -3
right_child=3 5 -4 -5 -6 -7
leaf_value=-0.021067513816928538 -0.0099320234003287076 0.029626432452936096 0.020547589784366268 0.02951053040326538 0.023381258392487191 -0.0055145531857587887
leaf_weight=76.066150736063719 18.028490737080578 11.068664103746411 6.2498849630355826 41.941778521984816 4.5093178153038016 2.9636326581239709
leaf_count=592 83 29 18 220 11 14
internal_value=0.00122831 -0.0106871 -0.0169448 0.019161 -0.000128365 0.0207792
internal_weight=160.828 96.3483 82.316 64.4796 22.5378 14.0323
internal_count=967 653 610 314 94 43
is_linear=0
shrinkage=0.03


Tree=16
num_leaves=7
num_cat=0
split_feature=24 22 9 23 5 19
split_gain=40.6356 24.9595 17.0239 9.18017 5.92464 3.66238
threshold=0.8605735000000001 0.0013980000000000002 7.9813810000000007 0.82472250000000014 1.5000000000000002 0.31484750000000006
decision_type=2 8 10 10 10 10
left_child=4 2 -2 -3 5 -1
right_child=1 3 -4 -5 -6 -7
leaf_value=-0.014042911920760664 -0.023559824761602937 0.020658479700667268 0.022424953007246694 -0.015024772376658425 0.0085646152792091569 -0.036523868722780385
leaf_weight=28.464612971991301 25.083598867058758 75.947170086205006 6.5191960483789435 3.9650891572237006 2.3139477819204322 18.809053182601929
leaf_count=263 129 444 18 20 7 112
internal_value=-0.00069951 0.00915253 -0.0120851 0.0180465 -0.0226839 -0.02523
internal_weight=161.103 111.515 31.6028 79.9123 49.5876 47.2737
internal_count=993 611 147 464 382 375
is_linear=0
shrinkage=0.03


Tree=17
num_leaves=5
num_cat=0
split_feature=3 25 21 21
split_gain=43.0454 23.2697 11.6337 8.10155
threshold=1.5000000000000002 0.43008200000000002 0.11378600000000001 1.0000000180025095e-35
decision_type=10 2 10 8
left_child=1 2 -1 -3
right_child=-2 3 -4 -5
leaf_value=-0.016677948001804978 0.03849607103601875 -0.0040783680827211491 0.012974197262006763 0.023533773712584288
leaf_weight=96.142079051584005 19.317994952201843 11.335334703326224 10.141091138124464 22.90105015784502
leaf_count=722 46 50 34 137
internal_value=-7.83083e-05 -0.00628421 -0.0132957 0.013994
internal_weight=159.838 140.52 106.283 34.2364
internal_count=989 943 756 187
is_linear=0
shrinkage=0.03


Tree=18
num_leaves=7
num_cat=0
split_feature=24 15 24 20 24 19
split_gain=41.9628 16.0366 12.5441 8.98848 4.82483 1.51837
threshold=0.84578900000000012 1.0000000180025095e-35 0.91240100000000013 0.13570500000000002 0.96734450000000016 0.32439150000000005
decision_type=2 8 2 8 2 10
left_child=3 4 -3 5 -2 -1
right_child=1 2 -4 -5 -6 -7
leaf_value=0.0065595770642182709 -0.020539043397813178 0.0037541835825531419 0.025578152806552356 -0.033981615597216352 0.011155021704568472 -0.01369435024930705
leaf_weight=7.122089743614195 16.929240345954899 62.224665813148022 41.282257366925478 29.028707161545753 2.1300627291202536 1.9643879383802412
leaf_count=27 88 374 214 273 6 12
internal_value=-2.78132e-05 0.0084053 0.0132153 -0.0265103 -0.0146016 0
internal_weight=160.681 122.566 103.507 38.1152 19.0593 9.08648
internal_count=994 682 588 312 94 39
is_linear=0
shrinkage=0.03


Tree=19
num_leaves=5
num_cat=0
split_feature=3 21 19 15
split_gain=35.7974 24.3895 20.6142 3.54051
threshold=1.5000000000000002 0.11378600000000001 0.45985500000000007 0.10974700000000001
decision_type=10 10 10 10
left_child=1 2 -1 -3
right_child=-2 3 -4 -5
leaf_value=-0.0033745171258194465 0.037325905572421575 0 -0.036283233342211473 0.032591872614239757
leaf_weight=106.21381607651711 18.155338704586029 2.109196573495864 18.33931428194046 13.183914154767988
leaf_count=775 44 9 110 34
internal_value=0.000763897 -0.00445692 -0.00919463 0.0276689
internal_weight=158.002 139.846 124.553 15.2931
internal_count=972 928 885 43
is_linear=0
shrinkage=0.03


Tree=20
num_leaves=5
num_cat=0
split_feature=3 25 21 19
split_gain=37.5471 24.0142 12.6193 8.43738
threshold=1.5000000000000002 0.28514000000000006 0.00092500000000000015 0.56118850000000009
decision_type=10 2 8 10
left_child=1 3 -3 -1
right_child=-2 2 -4 -5
leaf_value=-0.009524091692060142 0.037145950180773782 -0.0060911135824381355 0.022441771596816363 -0.0363812341473344
leaf_weight=76.20128295570612 18.771767348051071 20.138543576002121 29.894669361412525 11.899519190192221
leaf_count=563 46 91 189 75
internal_value=0.000310339 -0.00516607 0.0106966 -0.0145595
internal_weight=156.906 138.134 50.0332 88.1008
internal_count=964 918 280 638
is_linear=0
shrinkage=0.03


Tree=21
num_leaves=7
num_cat=0
split_feature=24 3 23 19 23 20
split_gain=32.3499 17.4505 15.8658 9.69759 4.29396 3.28142
threshold=0.84578900000000012 1.0000000180025095e-35 0.00089200000000000011 0.28712300000000007 0.61503100000000011 0.24733750000000002
decision_type=2 10 8 8 10 10
left_child=3 2 -2 5 -3 -1
right_child=1 4 -4 -5 -6 -7
leaf_value=0.0092329200817526397 -0.015270205165487582 0.035665650921709625 0.0099801399286591087 -0.033117191421686079 0 -0.0184924799749056
leaf_weight=8.4969600141048414 29.41047477722168 18.285408928990368 67.788043979555368 24.371538367122412 4.1759005188941947 2.7700670361518851
leaf_count=32 144 46 465 241 16 17
internal_value=0.000273521 0.00799217 0.001812 -0.0234745 0.0301932 0
internal_weight=155.298 119.66 97.1985 35.6386 22.4613 11.267
internal_count=961 671 609 290 62 49
is_linear=0
shrinkage=0.03


Tree=22
num_leaves=7
num_cat=0
split_feature=24 19 24 19 23 25
split_gain=36.9199 20.4854 17.8532 8.77251 4.86398 2.39069
threshold=0.85325150000000016 0.0041160000000000007 0.91217050000000011 0.31484750000000006 1.0000000180025095e-35 0.25772800000000001
decision_type=2 8 2 8 8 2
left_child=3 5 -3 4 -1 -2
right_child=1 2 -4 -5 -6 -7
leaf_value=-0.02333236605904351 -0.032607044535241859 0.0016389824593239712 0.026988240564928729 -0.031392932109424128 0.0074409869179531563 0
leaf_weight=3.6219215542077992 7.516905412077902 58.210744235664606 45.442558139562607 28.58864676579833 11.287776097655296 1.7296791970729826
leaf_count=22 46 350 217 283 44 7
internal_value=3.32751e-05 0.00927658 0.0134802 -0.0223632 -0.00101565 -0.0271544
internal_weight=156.398 112.9 103.653 43.4983 14.9097 9.24658
internal_count=969 620 567 349 66 53
is_linear=0
shrinkage=0.03


Tree=23
num_leaves=6
num_cat=0
split_feature=4 25 2 15 2
split_gain=37.6346 25.0366 8.70831 6.41532 3.93237
threshold=1.0000000180025095e-35 0.43008200000000002 0.47222200000000009 0.2283705 0.47222200000000009
decision_type=10 2 10 10 10
left_child=1 2 -1 -2 -3
right_child=3 4 -4 -5 -6
leaf_value=-0.0077731802812216338 0.032918193018902399 0.019647697825418808 -0.027882731436215551 0 -0.001337606314432344
leaf_weight=65.195883773267269 26.162393406033519 23.867739561945204 32.337203487753868 4.4535090178251258 7.3338051289319983
leaf_count=546 71 143 182 19 32
internal_value=-0.00042847 -0.00782884 -0.015372 0.0277181 0.0141534
internal_weight=159.351 128.735 97.5331 30.6159 31.2015
internal_count=993 903 728 90 175
is_linear=0
shrinkage=0.03


Tree=24
num_leaves=7
num_cat=0
split_feature=4 2 2 23 19 19
split_gain=28.8507 25.6627 19.6479 13.6198 2.64563 1.73457
threshold=1.0000000180025095e-35 0.47222200000000009 1.0000000180025095e-35 0.71218550000000014 0.19561400000000004 0.38322950000000006
decision_type=10 10 10 10 10 10
left_child=1 2 -1 -2 -5 -3
right_child=3 5 -4 4 -6 -7
leaf_value=-0.0041068501547640926 0.035996062834614199 -0.0139257952861484 0.02722948757747165 0.0044974389665938183 -0.022257283488488752 -0.034585565209666748
leaf_weight=67.540836714208126 23.510947540402416 23.67890653014183 20.849028259515762 2.9721835702657691 2.7084610760211945 15.18084681034088
leaf_count=608 61 116 62 10 16 96
internal_value=0.000962554 -0.00514876 0.00360758 0.0265316 -0.00808642 -0.0246136
internal_weight=156.441 127.25 88.3899 29.1916 5.68064 38.8598
internal_count=969 882 670 87 26 212
is_linear=0
shrinkage=0.03


Tree=25
num_leaves=6
num_cat=0
split_feature=24 19 24 20 15
split_gain=36.2737 21.658 19.6408 4.80052 1.3797
threshold=0.84578900000000012 0.00032450000000000008 0.91217050000000011 0.014133500000000002 0.34436500000000003
decision_type=2 8 2 8 10
left_child=3 -2 -3 -1 -5
right_child=1 2 -4 4 -6
leaf_value=0.0048371358196692563 -0.03237974019306275 0.00051741845201563766 0.026215228793966209 -0.031160843827872767 -0.0042504795016687974
leaf_weight=1.8836789876222599 7.7465956807136527 64.84945560619235 45.920586377382278 28.100728936493397 5.7995634377002707
leaf_count=6 48 397 226 273 29
internal_value=0 0.00797915 0.0118447 -0.0253431 -0.0280899
internal_weight=154.301 118.517 110.77 35.784 33.9003
internal_count=979 671 623 308 302
is_linear=0
shrinkage=0.03


Tree=26
num_leaves=7
num_cat=0
split_feature=24 4 23 23 19 20
split_gain=29.4912 18.3832 20.2153 7.11191 5.75993 1.47498
threshold=0.84578900000000012 1.0000000180025095e-35 0.0078600000000000024 0.69708550000000014 0.24434850000000002 0.25015000000000004
decision_type=2 10 8 10 8 10
left_child=4 2 -2 -3 5 -1
right_child=1 3 -4 -5 -6 -7
leaf_value=0.0055578418877935149 -0.020967915399192388 0.034739490665592086 0.0089639906339066648 -0.00031482529743656672 -0.029536539271197156 -0.012648541892869437
leaf_weight=6.4248206019401533 25.87988393008709 20.295348659157757 65.405552078038454 4.5021554529666892 27.541879843920469 3.4777864813804626
leaf_count=25 135 53 466 19 267 20
internal_value=-0.000748188 0.0065882 0 0.0279488 -0.0230354 0
internal_weight=153.527 116.083 91.2854 24.7975 37.4445 9.90261
internal_count=985 673 601 72 312 45
is_linear=0
shrinkage=0.03


Tree=27
num_leaves=5
num_cat=0
split_feature=3 20 22 22
split_gain=30.6876 13.2482 9.13152 2.75159
threshold=1.5000000000000002 0.24224200000000004 0.032279000000000009 0.16110350000000004
decision_type=10 10 10 10
left_child=1 2 -1 -3
right_child=-2 3 -4 -5
leaf_value=-0.0043704709125826184 0.034098228342559218 -0.022244344112652272 0.016952506815431964 0
leaf_weight=78.952467184513807 16.91874298453331 35.215190798044205 20.150536730885506 3.9571643173694602
leaf_count=655 45 196 67 15
internal_value=-0.000562544 -0.00564985 4.20042e-05 -0.0197398
internal_weight=155.194 138.275 99.103 39.1724
internal_count=978 933 722 211
is_linear=0
shrinkage=0.03


Tree=28
num_leaves=5
num_cat=0
split_feature=3 23 23 24
split_gain=28.4319 18.0723 18.8398 13.1576
threshold=1.5000000000000002 0.00089200000000000011 0.50185950000000012 0.90700600000000009
decision_type=10 8 8 2
left_child=1 3 -3 -1
right_child=-2 2 -4 -5
leaf_value=-0.033327560882451507 0.034171292065758273 0.023123500323100253 -0.0046237660078382236 0
leaf_weight=22.911676943302155 17.517767488956451 27.822942212224007 71.506890550255775 19.555199965834618
leaf_count=139 47 86 636 87
internal_value=0.000996603 -0.00351773 0.00330531 -0.0193017
internal_weight=159.314 141.797 99.3298 42.4669
internal_count=995 948 722 226
is_linear=0
shrinkage=0.03


Tree=29
num_leaves=6
num_cat=0
split_feature=3 25 24 23 23
split_gain=26.6663 20.4478 11.6276 10.642 6.82128
threshold=1.0000000180025095e-35 0.28514000000000006 0.91259650000000014 0.71218550000000014 1.0000000180025095e-35
decision_type=10 2 2 10 8
left_child=1 4 -3 -2 -1
right_child=3 2 -4 -5 -6
leaf_value=-0.02564010548520692 0.035457605304491512 -0.0010292294476001282 0.027540640418433793 -0.010341116561177881 -0.0063474593750658947
leaf_weight=29.301015019416809 20.309135615825657 30.052277766168118 16.982861679047346 3.0914653837680808 51.662551045417786
leaf_count=170 54 191 85 16 444
internal_value=9.48596e-05 -0.00525843 0.00971962 0.0277832 -0.0143535
internal_weight=151.399 127.999 47.0351 23.4006 80.9636
internal_count=960 890 276 70 614
is_linear=0
shrinkage=0.03


Tree=30
num_leaves=7
num_cat=0
split_feature=24 25 4 20 21 20
split_gain=27.2394 20.6807 9.06259 7.68503 5.92187 4.33324
threshold=0.84578900000000012 0.23167300000000005 1.0000000180025095e-35 0.14446400000000001 0.00092500000000000015 0.1145945
decision_type=2 2 10 8 8 10
left_child=3 2 -2 5 -3 -1
right_child=1 4 -4 -5 -6 -7
leaf_value=-0.010534848592033203 -0.011172264050503174 0.0034124727754909329 0.015165031421895746 -0.028647623281655613 0.025854741122047144 0.022316517457097708
leaf_weight=6.8101922720670682 47.381799791008234 19.927245631814003 11.785041227936743 27.814471803605556 39.314422778785229 2.6445747017860413
leaf_count=35 350 80 39 276 208 6
internal_value=0 0.00711321 -0.00496508 -0.0213598 0.0193161 0
internal_weight=155.678 118.409 59.1668 37.2692 59.2417 9.45477
internal_count=994 677 389 317 288 41
is_linear=0
shrinkage=0.03


Tree=31
num_leaves=7
num_cat=0
split_feature=21 9 23 2 23 15
split_gain=22.7608 17.4108 9.46767 7.67516 6.5718 1.45541
threshold=0.090908500000000017 7.9813810000000007 0.76460150000000004 0.47222200000000009 0.011713500000000002 0.017450500000000004
decision_type=10 8 8 10 10 10
left_child=1 3 -3 -1 -2 -6
right_child=4 2 -4 -5 5 -7
leaf_value=-0.0018386458455021759 -0.0039272788775873832 0.025749346420717412 0 -0.022369723670478313 0 0.032286722898123663
leaf_weight=34.289993569254875 3.4877195507288006 15.67672163248062 44.504363361746073 37.59490579366684 1.2572843283414865 22.182956501841545
leaf_count=154 16 47 498 212 5 61
internal_value=0.00150575 -0.0035736 0.00781861 -0.0134428 0.0252805 0.0307136
internal_weight=158.994 132.066 60.1811 71.8849 26.928 23.4402
internal_count=993 911 545 366 82 66
is_linear=0
shrinkage=0.03


Tree=32
num_leaves=6
num_cat=0
split_feature=4 25 23 21 24
split_gain=25.4069 18.8132 12.5909 7.96327 6.05568
threshold=1.0000000180025095e-35 0.38368250000000004 0.81133400000000011 0.10762700000000001 0.82064700000000002
decision_type=10 2 10 8 2
left_child=1 3 -2 -1 -3
right_child=2 4 -4 -5 -6
leaf_value=-0.021896358963302373 0.031736745751549361 -0.017503660183016301 -0.016695325314899815 -0.0024413874388683841 0.015062738864768581
leaf_weight=50.221178159117699 23.486473798751835 2.6332351304590693 3.0590220093727103 36.593862872570753 32.247366242110729
leaf_count=281 67 23 17 398 183
internal_value=-0.000795136 -0.00689434 0.0240117 -0.0143853 0.0106207
internal_weight=148.241 121.696 26.5455 86.815 34.8806
internal_count=969 885 84 679 206
is_linear=0
shrinkage=0.03


Tree=33
num_leaves=6
num_cat=0
split_feature=19 25 19 21 17
split_gain=25.3958 17.0247 9.18986 8.16988 5.89029
threshold=0.50499100000000008 0.28514000000000006 0.0041160000000000007 0.12386950000000001 0.55837000000000014
decision_type=10 2 10 10 10
left_child=1 2 -1 -2 -3
right_child=3 4 -4 -5 -6
leaf_value=-0.013876558987311868 -0.035200007168141811 0.020978596666520164 0.0059632411430790332 0.010807739542857719 -0.012989660537843787
leaf_weight=32.433678280562162 16.311256736516956 55.69310575351119 46.908628031611443 1.6682157814502705 1.9031650871038426
leaf_count=379 109 287 193 4 12
internal_value=0.0019898 0.00674245 -0.00199266 -0.0285662 0.0187736
internal_weight=154.918 136.939 79.3423 17.9795 57.5963
internal_count=984 871 572 113 299
is_linear=0
shrinkage=0.03


Tree=34
num_leaves=7
num_cat=0
split_feature=24 19 19 19 17 15
split_gain=26.6048 14.9424 13.2098 5.59594 3.18478 1.5004
threshold=0.84578900000000012 0.0041160000000000007 0.57113900000000017 0.26923150000000007 0.26618100000000006 1.0000000180025095e-35
decision_type=2 8 10 8 10 8
left_child=3 5 -3 4 -1 -2
right_child=1 2 -4 -5 -6 -7
leaf_value=0.010567409685731803 -0.02982942636372813 0.012641639585976711 -0.024507682911960656 -0.030141808249979956 -0.01625279910685706 0
leaf_weight=5.2874762713909131 7.2758373022079441 97.923683289438486 6.1598863750696173 24.552880235016346 4.3484168946743011 1.5216613560915
leaf_count=19 47 569 37 260 26 6
internal_value=-0.000960944 0.00593833 0.00953791 -0.0231884 -0.000146819 -0.0257015
internal_weight=147.07 112.881 104.084 34.1888 9.63589 8.7975
internal_count=964 659 606 305 45 53
is_linear=0
shrinkage=0.03


Tree=35
num_leaves=7
num_cat=0
split_feature=24 19 24 17 19 25
split_gain=25.709 13.7139 13.23 6.05713 5.02054 2.1886
threshold=0.84578900000000012 0.00032450000000000008 0.92555250000000011 0.23167850000000004 0.33430900000000008 0.25772800000000001
decision_type=2 8 2 8 10 2
left_child=3 5 -3 4 -1 -2
right_child=1 2 -4 -5 -6 -7
leaf_value=0.013408039972075221 -0.028719890667502704 0.0027874299831105818 0.025686743985991512 -0.027777177753600453 -0.020079389012056522 0
leaf_weight=6.5337667614221555 7.0208967328071576 74.332705672830343 32.85079038143158 25.889876361936331 3.9560383260250092 1.645744055509567
leaf_count=23 46 455 172 270 28 7
internal_value=0.000135979 0.0072817 0.0105864 -0.0206788 0 -0.0232302
internal_weight=152.23 115.85 107.183 36.3797 10.4898 8.66664
internal_count=1001 680 627 321 51 53
is_linear=0
shrinkage=0.03


Tree=36
num_leaves=5
num_cat=0
split_feature=3 25 21 19
split_gain=21.9624 15.7142 6.15586 4.04632
threshold=1.5000000000000002 0.38018800000000003 0.11378600000000001 0.50499100000000008
decision_type=10 2 10 10
left_child=1 2 -1 -3
right_child=-2 3 -4 -5
leaf_value=-0.011788167346084653 0.031945986030756178 0.015596191900954497 0.0090851674416303624 -0.012616168277580653
leaf_weight=85.903771989047527 16.055475860834122 37.353400185704231 10.919259488582609 1.7210851460695256
leaf_count=667 47 209 38 11
internal_value=0.0016585 -0.0023165 -0.00893134 0.0128296
internal_weight=151.953 135.898 96.823 39.0745
internal_count=972 925 705 220
is_linear=0
shrinkage=0.03


Tree=37
num_leaves=7
num_cat=0
split_feature=24 22 15 9 24 2
split_gain=21.5179 9.40242 8.1465 6.73965 6.0807 5.05417
threshold=0.84578900000000012 0.0013980000000000002 0.32105100000000003 7.9813810000000007 0.79360300000000017 0.47222200000000009
decision_type=2 8 10 10 2 8
left_child=2 3 -1 -2 -4 -3
right_child=1 5 4 -5 -6 -7
leaf_value=-0.025767684244528809 -0.011554022121497571 0.020583617559303317 -0.016747929928548694 0.01737289382224981 0.0232787519196372 0.0042392723457692332
leaf_weight=26.917930819094181 28.242657110095024 39.921969622373581 2.7285473868250838 5.9945335835218421 4.5969337522983551 40.88837356120348
leaf_count=272 144 131 18 19 15 364
internal_value=0.00114791 0.00758023 -0.018527 -0.00469201 0.00493012 0.0131194
internal_weight=149.291 115.048 34.2434 34.2372 7.32548 80.8103
internal_count=963 658 305 163 33 495
is_linear=0
shrinkage=0.03


Tree=38
num_leaves=5
num_cat=0
split_feature=3 21 25 24
split_gain=27.2711 15.8957 15.4382 4.61896
threshold=1.5000000000000002 0.00092500000000000015 0.21754000000000004 0.93881000000000003
decision_type=10 8 2 2
left_child=1 3 -3 -1
right_child=-2 2 -4 -5
leaf_value=-0.023463812694553846 0.031673949877863761 -0.0094446992438147886 0.015828909474587732 0
leaf_weight=40.859904251992702 16.075415670871735 46.599961891770363 35.349921941757202 8.4753322154283506
leaf_count=237 48 405 252 40
internal_value=-0.00166304 -0.00658487 0.00127817 -0.0195438
internal_weight=147.361 131.285 81.9499 49.3352
internal_count=982 934 657 277
is_linear=0
shrinkage=0.03


Tree=39
num_leaves=6
num_cat=0
split_feature=21 19 20 16 22
split_gain=20.4326 16.0244 10.6357 1.81041 1.32254
threshold=0.045361000000000005 0.5363880000000002 1.0000000180025095e-35 0.45824950000000003 0.36700350000000009
decision_type=10 10 8 10 10
left_child=1 2 -1 4 -2
right_child=3 -3 -4 -5 -6
leaf_value=-0.029220124994036666 0.027935736186235703 -0.031413667639088753 0.0027493422878559414 0 0
leaf_weight=7.2891084700822821 21.196110248565681 14.059718124568461 101.13622819632292 3.0244064480066291 2.8716855794191352
leaf_count=48 63 98 742 12 11
internal_value=0.000753719 -0.00438499 0 0.023104 0.0255663
internal_weight=149.577 122.485 108.425 27.0922 24.0678
internal_count=974 888 790 86 74
is_linear=0
shrinkage=0.03


Tree=40
num_leaves=7
num_cat=0
split_feature=24 19 19 19 15 24
split_gain=19.7919 18.4177 11.7814 7.39528 3.08947 2.48578
threshold=0.84578900000000012 0.0041160000000000007 0.57113900000000017 0.28712300000000007 0.32105100000000003 0.96600550000000018
decision_type=2 8 10 8 10 2
left_child=3 5 -3 4 -1 -2
right_child=1 2 -4 -5 -6 -7
leaf_value=-0.0097922580838046627 -0.0311668990820686 0.013977103499101572 -0.020355162156573826 -0.027738241346462182 0.015161351605447015 0
leaf_weight=7.8145610839128476 8.6055085062980634 99.478844992816448 6.5597522109746924 21.373338505625725 4.5849863737821579 1.4778968542814244
leaf_count=41 57 583 39 252 16 6
internal_value=0.000895762 0.00700065 0.0110765 -0.0181377 0 -0.0262803
internal_weight=149.895 116.122 106.039 33.7729 12.3995 10.0834
internal_count=994 685 622 309 57 63
is_linear=0
shrinkage=0.03


Tree=41
num_leaves=7
num_cat=0
split_feature=25 23 23 7 2 9
split_gain=17.4177 7.90838 9.64745 8.07032 7.21063 5.97988
threshold=0.28514000000000006 1.0000000180025095e-35 0.72478950000000009 1.0000000180025095e-35 0.47222200000000009 8.2435015000000025
decision_type=2 8 8 10 10 10
left_child=1 3 -3 -1 -2 -6
right_child=4 2 -4 -5 5 -7
leaf_value=-0.026198391629040314 0.02032106907806534 0.015322481452269074 -0.0087133501907197246 0.0096475688536822868 -0.011971100555053172 0.019392090096750969
leaf_weight=23.710824832320217 39.806864622980356 19.352204635739326 42.346337214112282 4.1041717678308478 13.483270578086378 5.0457978546619406
leaf_count=153 230 67 424 14 68 15
internal_value=0.000959322 -0.00706783 -0.000349734 -0.0195114 0.0135089 -0.000524781
internal_weight=147.849 89.5135 61.6985 27.815 58.3359 18.5291
internal_count=971 658 491 167 313 83
is_linear=0
shrinkage=0.03


Tree=42
num_leaves=7
num_cat=0
split_feature=24 25 24 20 20 19
split_gain=23.0058 13.1063 7.38219 5.84264 5.67429 2.2648
threshold=0.84578900000000012 0.28514000000000006 0.91240100000000013 1.0000000180025095e-35 0.21748450000000003 0.28095750000000003
decision_type=2 2 2 8 8 10
left_child=4 3 -3 -2 5 -1
right_child=1 2 -4 -5 -6 -7
leaf_value=0.0065967276465398531 -0.025651869672933151 0.0016905613768195182 0.026662097238068318 0 -0.030239532661189547 -0.016478613848727775
leaf_weight=6.9959443658590299 6.0946940034627906 21.855254661291838 26.053962726145983 59.789080493152142 22.143696840852499 2.9050112366676331
leaf_count=28 42 125 121 395 250 20
internal_value=-0.00113335 0.00507749 0.0166308 -0.00324669 -0.0225912 -0.000105874
internal_weight=145.838 113.793 47.9092 65.8838 32.0447 9.90096
internal_count=981 683 246 437 298 48
is_linear=0
shrinkage=0.03


Tree=43
num_leaves=5
num_cat=0
split_feature=3 25 21 18
split_gain=20.5331 11.457 5.93405 4.92791
threshold=1.5000000000000002 0.28514000000000006 1.0000000180025095e-35 0.19956300000000002
decision_type=10 2 8 10
left_child=1 3 -3 -1
right_child=-2 2 -4 -5
leaf_value=-0.01547511344797727 0.030062496544973831 -0.0052218742700984372 0.014964116023539625 0
leaf_weight=60.172102805227041 14.456437945365904 17.421682298183441 28.811772670596838 25.989942453801632
leaf_count=534 46 82 196 121
internal_value=-0.000348744 -0.00448349 0.0068936 -0.0109513
internal_weight=146.852 132.396 46.2335 86.162
internal_count=979 933 278 655
is_linear=0
shrinkage=0.03


Tree=44
num_leaves=7
num_cat=0
split_feature=21 24 18 23 2 22
split_gain=16.3884 16.3487 7.18659 5.52479 3.44125 1.37165
threshold=0.045361000000000005 0.91217050000000011 1.0000000180025095e-35 0.0020485000000000004 0.47222200000000009 0.36700350000000009
decision_type=10 2 8 10 10 10
left_child=1 4 -3 -2 -1 -5
right_child=3 2 -4 5 -6 -7
leaf_value=-0.0082035659675286244 -0.0056687435618911564 -0.015195154549876112 0.014343387336391792 0.027337899491959361 -0.023830280854760393 0
leaf_weight=56.034093864262104 3.935270398855212 5.7124657332897177 34.628072191029787 19.046930387616161 23.318336576223373 4.0421187132596961
leaf_count=496 19 36 214 57 148 15
internal_value=-0.000954103 -0.00598353 0.00870609 0.0186945 -0.0138607 0.0241713
internal_weight=146.717 119.693 40.3405 27.0243 79.3524 23.089
internal_count=985 894 250 91 644 72
is_linear=0
shrinkage=0.03


Tree=45
num_leaves=5
num_cat=0
split_feature=3 2 7 2
split_gain=22.965 14.4299 11.6599 11.1986
threshold=1.5000000000000002 0.47222200000000009 8.2941500000000019 1.0000000180025095e-35
decision_type=10 10 8 10
left_child=1 3 -3 -1
right_child=-2 2 -4 -5
leaf_value=-0.0038880278697185867 0.030597836054733551 -0.026265853775708083 0.014457569881409241 0.019675384245623616
leaf_weight=74.157118272036314 15.862645119428633 32.82753524929285 4.6553518325090399 20.48366180062294
leaf_count=665 51 205 14 68
internal_value=-0.000206283 -0.00472384 -0.0197704 0.00135252
internal_weight=147.986 132.124 37.4829 94.6408
internal_count=1003 952 219 733
is_linear=0
shrinkage=0.03


Tree=46
num_leaves=5
num_cat=0
split_feature=3 21 9 23
split_gain=17.6501 9.48868 6.55784 4.34052
threshold=1.5000000000000002 1.0000000180025095e-35 7.9813810000000007 0.71218550000000014
decision_type=10 8 10 8
left_child=1 2 -1 -3
right_child=-2 3 -4 -5
leaf_value=-0.018141643658352472 0.028989203470388594 0.0099119064498018709 0.010700456048435692 -0.0035292004709159049
leaf_weight=44.599767059087753 13.072940617799757 33.259390383958817 4.9279579371213904 47.080051206052303
leaf_count=264 43 125 16 520
internal_value=-0.000480378 -0.00426026 -0.0142535 0.00183175
internal_weight=142.94 129.867 49.5277 80.3394
internal_count=968 925 280 645
is_linear=0
shrinkage=0.03


Tree=47
num_leaves=5
num_cat=0
split_feature=3 24 19 19
split_gain=19.9981 11.6468 9.42956 2.59077
threshold=1.5000000000000002 0.82064700000000002 0.5363880000000002 0.20602100000000004
decision_type=10 2 10 8
left_child=1 3 -3 -1
right_child=-2 2 -4 -5
leaf_value=0 0.029372090591214439 0.0021009555102322521 -0.025404569183211743 -0.029576099206032824
leaf_weight=3.5035738348960903 14.088395595550535 97.222313467413187 9.5505794584751111 15.434943106025456
leaf_count=17 47 664 65 172
internal_value=-0.000885648 -0.00511526 -0.000713104 -0.0250752
internal_weight=139.8 125.711 106.773 18.9385
internal_count=965 918 729 189
is_linear=0
shrinkage=0.03


Tree=48
num_leaves=6
num_cat=0
split_feature=4 25 18 23 19
split_gain=16.9839 13.5008 13.5635 9.52273 4.07155
threshold=1.0000000180025095e-35 0.43704550000000003 0.19468900000000003 0.71218550000000014 0.50499100000000008
decision_type=10 2 8 10 10
left_child=1 2 -1 -2 -3
right_child=3 4 -4 -5 -6
leaf_value=-0.024319662029354878 0.0300245232682507 0.01577029135099425 0 -0.010314059021253243 -0.012668305613209811
leaf_weight=32.691366702318192 20.852127403020862 28.66999584808946 54.533602811396122 3.8642854690551749 1.8108984604477871
leaf_count=202 67 163 499 20 12
internal_value=0.000877626 -0.00379206 -0.0099332 0.0222017 0.012201
internal_weight=142.422 117.706 87.225 24.7164 30.4809
internal_count=963 876 701 87 175
is_linear=0
shrinkage=0.03


Tree=49
num_leaves=6
num_cat=0
split_feature=24 20 21 24 20
split_gain=22.3696 9.83561 9.14408 5.94359 2.68574
threshold=0.87866300000000008 1.0000000180025095e-35 0.12386950000000001 0.92555250000000011 0.14446400000000001
decision_type=2 8 10 2 10
left_child=2 -2 4 -3 -1
right_child=1 3 -4 -5 -6
leaf_value=-0.0089147021613458846 -0.018715940416121079 0.0049176119684515877 0.013666214237414516 0.022822912415729112 -0.026254809818968255
leaf_weight=29.671084951609373 6.4129824191331855 46.92995885014534 6.2465432137250891 31.983706060796976 23.011563822627068
leaf_count=310 42 280 20 178 158
internal_value=0 0.00982482 -0.0136901 0.013111 -0.018034
internal_weight=144.256 85.3266 58.9292 78.9137 52.6826
internal_count=988 500 488 458 468
is_linear=0
shrinkage=0.03


Tree=50
num_leaves=5
num_cat=0
split_feature=24 3 2 23
split_gain=13.8647 10.8891 9.76058 5.78788
threshold=0.79360300000000017 1.0000000180025095e-35 0.41428550000000003 0.73287700000000011
decision_type=2 10 10 10
left_child=-1 2 -2 -3
right_child=1 3 -4 -5
leaf_value=-0.029853999834679235 0.0050749400047063005 0.029069384460975636 -0.013361073882982414 -0.0060981802708741798
leaf_weight=9.6735449545085412 78.976906057447195 15.884936466813089 34.528590962290764 2.5792470872402182
leaf_count=109 610 52 197 13
internal_value=0 0.00296034 -0.000475466 0.0225935
internal_weight=141.643 131.97 113.505 18.4642
internal_count=981 872 807 65
is_linear=0
shrinkage=0.03


Tree=51
num_leaves=4
num_cat=0
split_feature=3 24 2
split_gain=16.6341 11.3101 6.98389
threshold=1.5000000000000002 0.79360300000000017 0.47222200000000009
decision_type=10 2 10
left_child=1 -1 -3
right_child=-2 2 -4
leaf_value=-0.029773157854574558 0.028802848070334525 0.005180784063428207 -0.0097417608548056953
leaf_weight=9.4709873124957067 14.10884380340576 81.981800150126219 39.196708597242832
leaf_count=106 50 614 217
internal_value=0.000816772 -0.00255967 0
internal_weight=144.758 130.649 121.179
internal_count=987 937 831
is_linear=0
shrinkage=0.03


Tree=52
num_leaves=7
num_cat=0
split_feature=25 20 4 23 23 15
split_gain=10.0368 6.40255 6.25433 2.22277 1.3144 0.99879
threshold=0.43008200000000002 0.24733750000000002 1.0000000180025095e-35 0.71793150000000006 0.93003350000000007 0.012924500000000002
decision_type=2 10 10 10 10 8
left_child=1 2 -1 5 -5 -2
right_child=3 -3 -4 4 -6 -7
leaf_value=-0.0027908332191180297 0 -0.014829992962831374 0.018578908572914148 -0.010806351850400757 0.0089905442384674242 0.018959055441689243
leaf_weight=63.964428089559078 5.8222303986549369 29.356788069009781 11.93076418340206 3.4871011823415747 2.2630696892738342 26.713984835892916
leaf_count=564 24 180 42 20 7 157
internal_value=0.00100625 -0.00359661 0.000766976 0.0137284 0 0.0165909
internal_weight=143.538 105.252 75.8952 38.2864 5.75017 32.5362
internal_count=994 786 606 208 27 181
is_linear=0
shrinkage=0.03


Tree=53
num_leaves=6
num_cat=0
split_feature=24 19 19 19 25
split_gain=14.6241 8.90008 10.7308 3.53049 1.61763
threshold=0.82162050000000009 0.00032450000000000008 0.58259800000000006 0.20602100000000004 0.25772800000000001
decision_type=2 8 10 8 2
left_child=3 4 -3 -1 -2
right_child=1 2 -4 -5 -6
leaf_value=0 -0.025755235273948629 0.0095728559462649309 -0.020935920576100157 -0.026755527201264985 0
leaf_weight=3.5999148935079601 6.511715427041052 109.88838512822986 8.0759977027773839 16.498502090573311 1.7303211987018583
leaf_count=17 47 684 57 190 8
internal_value=0.000175294 0.00429691 0.00676875 -0.0216039 -0.0207782
internal_weight=146.305 126.206 117.964 20.0984 8.24204
internal_count=1003 796 741 207 55
is_linear=0
shrinkage=0.03


Tree=54
num_leaves=7
num_cat=0
split_feature=20 25 4 19 17 25
split_gain=16.5544 13.5529 10.1977 6.15223 4.30718 3.19198
threshold=0.24224200000000004 0.16534400000000002 1.0000000180025095e-35 0.064427000000000012 0.54864200000000019 0.63904350000000021
decision_type=10 2 10 10 8 2
left_child=1 2 -1 -2 -3 -5
right_child=3 4 -4 5 -6 -7
leaf_value=-0.01356549108341824 0.0033813471127275342 0.020294839956192516 0.016986763980895773 -0.026192276916603845 0.0020919087528958533 0.00042329408544411289
leaf_weight=37.830701354891062 6.8496463894844046 38.456968232989311 9.4737118333578092 26.402252636849884 22.889423005282879 2.0784521698951712
leaf_count=363 29 141 33 180 247 8
internal_value=-0.00041595 0.0052263 -0.00620225 -0.0176011 0.0143834 -0.0234417
internal_weight=143.981 108.651 47.3044 35.3304 61.3464 28.4807
internal_count=1001 784 396 217 388 188
is_linear=0
shrinkage=0.03


Tree=55
num_leaves=7
num_cat=0
split_feature=24 25 20 17 24 20
split_gain=17.574 8.21679 4.51255 2.75929 2.71057 1.03616
threshold=0.85325150000000016 0.28514000000000006 0.019577000000000004 0.22084650000000003 0.91989850000000006 0.14446400000000001
decision_type=2 2 8 8 2 10
left_child=3 2 -2 5 -3 -1
right_child=1 4 -4 -5 -6 -7
leaf_value=0.0054384709331032456 -0.019937794325109597 0.004875380859595357 0.0017157249737361755 -0.022274773138271326 0.022919423351547282 -0.0095004810980054682
leaf_weight=4.7263091281056386 7.0109205096960059 21.673066169023514 53.328814867883921 27.317683465778828 20.744409911334515 4.8040548041462898
leaf_count=19 47 128 357 297 102 32
internal_value=-0.000602324 0.00559345 -0.00115174 -0.0177535 0.0152914 -0.000169426
internal_weight=139.605 102.757 60.3397 36.848 42.4175 9.53036
internal_count=982 634 404 348 230 51
is_linear=0
shrinkage=0.03


Tree=56
num_leaves=7
num_cat=0
split_feature=21 24 20 20 16 20
split_gain=14.4032 11.9056 8.76065 7.53011 2.00142 0.316034
threshold=0.040835500000000004 0.91259650000000014 1.0000000180025095e-35 0.17419750000000003 0.45824950000000003 0.31257800000000008
decision_type=10 2 8 10 10 10
left_child=1 3 -3 -1 5 -2
right_child=4 2 -4 -5 -6 -7
leaf_value=-0.0023317266748300383 0.024672123218529279 -0.018136952418167828 0.015692330214393861 -0.022060654962475432 0 0.0015371135964225824
leaf_weight=47.975611962378025 18.591554135084159 5.2056598514318457 31.507935389876366 29.488543651998043 2.3159233182668677 3.9437090754508963
leaf_count=453 61 37 204 198 10 15
internal_value=0.000369349 -0.00403571 0.0091325 -0.0107573 0.01994 0.0224545
internal_weight=139.029 114.178 36.7136 77.4642 24.8512 22.5353
internal_count=978 892 241 651 86 76
is_linear=0
shrinkage=0.03


Tree=57
num_leaves=6
num_cat=0
split_feature=24 20 24 20 23
split_gain=16.417 9.64783 8.18954 3.27448 0.912665
threshold=0.84578900000000012 1.0000000180025095e-35 0.92555250000000011 0.014133500000000002 0.96313700000000013
decision_type=2 8 2 8 10
left_child=3 -2 -3 -1 -5
right_child=1 2 -4 4 -6
leaf_value=0.0047051924334648009 -0.022603623985953319 0.0018976945686248628 0.020882547534428943 -0.022348194482742584 0
leaf_weight=1.8291495591402078 6.9186633378267279 73.123478576540947 28.382638823240995 27.971342056989673 1.1000549793243397
leaf_count=6 49 450 164 300 6
internal_value=-0.000190055 0.00516591 0.00794029 -0.0186623 -0.0213705
internal_weight=139.325 108.425 101.506 30.9005 29.0714
internal_count=975 663 614 312 306
is_linear=0
shrinkage=0.03


Tree=58
num_leaves=6
num_cat=0
split_feature=19 19 20 21 25
split_gain=11.1623 7.13247 9.32388 1.55924 1.30451
threshold=0.56118850000000009 0.00032450000000000008 0.23524500000000001 0.015672000000000002 0.25772800000000001
decision_type=10 8 8 8 2
left_child=1 4 -3 -2 -1
right_child=3 2 -4 -5 -6
leaf_value=-0.024663209315940009 -0.028231347907383537 0.014074665088397069 -0.0021619278031984705 0 0
leaf_weight=6.170538201928137 10.171375319361683 52.689678877592087 66.818819042295218 1.4509147554636008 1.8599984198808668
leaf_count=46 88 204 635 6 9
internal_value=0 0.00270005 0.00492105 -0.024939 -0.0199817
internal_weight=139.161 127.539 119.508 11.6223 8.03054
internal_count=988 894 839 94 55
is_linear=0
shrinkage=0.03


Tree=59
num_leaves=5
num_cat=0
split_feature=3 19 25 5
split_gain=15.9549 7.67675 5.42331 1.87464
threshold=1.5000000000000002 0.50499100000000008 0.43008200000000002 1.5000000000000002
decision_type=10 10 2 8
left_child=1 2 -1 -3
right_child=-2 3 -4 -5
leaf_value=-0.0061370151653128311 0.027166273154271694 -0.027257770625690167 0.0082384714990693091 0
leaf_weight=83.384540233761072 12.096552938222883 12.794176205992695 28.439281348139048 1.2924440503120429
leaf_count=672 46 106 171 5
internal_value=-0.00174004 -0.00531746 -0.00210001 -0.0242496
internal_weight=138.007 125.91 111.824 14.0866
internal_count=1000 954 843 111
is_linear=0
shrinkage=0.03


Tree=60
num_leaves=4
num_cat=0
split_feature=3 25 22
split_gain=13.1909 7.35289 5.09028
threshold=1.5000000000000002 0.71528900000000017 0.059618000000000004
decision_type=10 2 10
left_child=1 2 -1
right_child=-2 -3 -4
leaf_value=-0.0081090296982858721 0.027013119548155967 0.020062134993086702 0.0062081294564874014
leaf_weight=94.465883184224367 12.123910382390021 8.4095806963741762 24.196288496255875
leaf_count=805 47 43 99
internal_value=0.000322998 -0.00255717 -0.00486195
internal_weight=139.196 127.072 118.662
internal_count=994 947 904
is_linear=0
shrinkage=0.03


Tree=61
num_leaves=7
num_cat=0
split_feature=25 23 20 16 19 19
split_gain=10.5732 6.96929 6.57639 4.48112 6.01958 4.50809
threshold=0.16534400000000002 0.74914100000000017 0.47203500000000004 0.28739200000000004 0.0041160000000000007 0.16704600000000003
decision_type=2 10 8 8 10 10
left_child=3 2 -2 4 -1 -5
right_child=1 -3 -4 5 -6 -7
leaf_value=-0.02299211837287073 0.018138858084677141 -0.014439321369281746 -0.00010180177917902543 -0.0053653155679045886 0.0055904534051731004 -0.030325539766012401
leaf_weight=5.5165091454982784 38.253931038081646 8.0606655254960042 25.603013090789318 22.105667885392904 26.296043425798416 11.394427008926867
leaf_count=42 145 49 265 265 121 84
internal_value=-0.000553191 0.00701676 0.0107003 -0.00926992 -5.84393e-05 -0.0164717
internal_weight=137.23 71.9176 63.8569 65.3126 31.8126 33.5001
internal_count=971 459 410 512 163 349
is_linear=0
shrinkage=0.03


Tree=62
num_leaves=7
num_cat=0
split_feature=24 22 24 2 19 15
split_gain=12.0296 7.75504 6.19628 5.15003 2.34355 0.691119
threshold=0.82064700000000002 0.0022595000000000007 0.93881000000000003 0.32575750000000009 0.24434850000000002 0.32105100000000003
decision_type=2 10 2 10 8 10
left_child=4 2 -2 -3 5 -1
right_child=1 3 -4 -5 -6 -7
leaf_value=-0.0083150034108283293 -0.0083194396020100318 0.018390428028416648 0.011071262545242357 -0.00097317933608949761 -0.026841183836956706 0.0071024600353659555
leaf_weight=2.3137917220592525 49.502815224230289 34.338767431676388 16.924322821199894 13.847322784364222 12.832884714007376 2.0473983734846115
leaf_count=15 452 127 121 63 169 8
internal_value=0 0.00360566 -0.00268204 0.0125089 -0.0214572 0
internal_weight=131.807 114.613 66.4271 48.1861 17.1941 4.36119
internal_count=955 763 573 190 192 23
is_linear=0
shrinkage=0.03


Tree=63
num_leaves=7
num_cat=0
split_feature=24 19 19 15 22 25
split_gain=13.3287 8.89511 10.1844 1.09384 1.2364 0.813127
threshold=0.82162050000000009 0.0041160000000000007 0.57113900000000017 0.43972050000000001 0.11148500000000001 0.25772800000000001
decision_type=2 8 10 10 10 2
left_child=3 5 -3 4 -1 -2
right_child=1 2 -4 -5 -6 -7
leaf_value=-0.025231346982781535 -0.024443797215495413 0.010155448134680974 -0.018683902883998446 0 0 0
leaf_weight=15.155003070831302 6.0866976082324964 102.97157536447048 8.8868621289730054 1.0721525773406018 0.97638361901044923 1.9996474832296369
leaf_count=180 46 666 66 6 5 10
internal_value=0.000704227 0.0046028 0.00717488 -0.0216395 -0.0233659 -0.0205844
internal_weight=137.148 119.945 111.858 17.2035 16.1314 8.08635
internal_count=979 788 732 191 185 56
is_linear=0
shrinkage=0.03


Tree=64
num_leaves=5
num_cat=0
split_feature=3 19 19 22
split_gain=11.2583 8.40295 8.39872 2.40888
threshold=1.5000000000000002 0.56118850000000009 0.0041160000000000007 0.090430500000000011
decision_type=10 10 8 8
left_child=1 2 -1 -3
right_child=-2 3 -4 -5
leaf_value=-0.022657331553954316 0.026175264526899087 -0.028125390590381841 0.0035552449231423932 0
leaf_weight=9.1475959941744787 11.432311072945593 9.6885811015963519 106.29444876685739 1.2047143206000335
leaf_count=64 47 86 777 5
internal_value=0.000926757 -0.00168022 0.000703605 -0.0237991
internal_weight=137.768 126.335 115.442 10.8933
internal_count=979 932 841 91
is_linear=0
shrinkage=0.03


Tree=65
num_leaves=5
num_cat=0
split_feature=24 23 2 24
split_gain=10.9186 9.8765 7.23892 6.21162
threshold=0.79360300000000017 0.00089200000000000011 0.47222200000000009 0.90744900000000006
decision_type=2 8 8 2
left_child=-1 3 -3 -2
right_child=1 2 -4 -5
leaf_value=-0.027850816825340307 -0.022047621664799018 0.016559276008396916 0 0.00086234845428924823
leaf_weight=8.9024912603199464 17.08035846799612 40.096505418419838 49.625261705368757 17.24617013335228
leaf_count=109 118 149 498 86
internal_value=-0.000188153 0.00217173 0.00756219 -0.0105894
internal_weight=132.951 124.048 89.7218 34.3265
internal_count=960 851 647 204
is_linear=0
shrinkage=0.03


Tree=66
num_leaves=6
num_cat=0
split_feature=24 20 20 2 2
split_gain=14.0703 6.74045 4.63405 3.34096 3.77853
threshold=0.85325150000000016 1.0000000180025095e-35 0.14148300000000003 0.41428550000000003 1.0000000180025095e-35
decision_type=2 8 8 8 8
left_child=3 -2 -3 4 -1
right_child=1 2 -4 -5 -6
leaf_value=-0.013298233189438076 -0.018029055941999574 0.016241059508599668 0.0019881266651543238 -0.023851217301115828 0.012010659390546739
leaf_weight=10.052639156579968 6.4158207997679702 35.550193607807159 58.54886656999588 18.67405403777957 5.3002004623413095
leaf_count=66 46 135 450 260 20
internal_value=0 0.00559054 0.0080172 -0.015957 -0.00239125
internal_weight=134.542 100.515 94.0991 34.0269 15.3528
internal_count=977 631 585 346 86
is_linear=0
shrinkage=0.03


Tree=67
num_leaves=7
num_cat=0
split_feature=25 19 21 19 24 19
split_gain=10.5133 7.49772 7.26124 6.22659 3.33385 1.79895
threshold=0.43008200000000002 0.24434850000000002 0.28401800000000005 0.00032450000000000008 0.82064700000000002 0.49862050000000008
decision_type=2 10 10 10 2 10
left_child=1 3 -3 -1 -2 -6
right_child=4 2 -4 -5 5 -7
leaf_value=-0.00886547542219711 -0.010034930340281627 -0.023131556277675346 0.015091435992807017 0.0081704978581966688 0.017163444254556955 -0.00026897765668339711
leaf_weight=34.537801701575518 1.7579609677195538 25.22723359614611 2.190744847059249 36.749867528676987 32.98556462302804 2.2740116342902175
leaf_count=429 19 182 5 153 183 12
internal_value=-0.000101976 -0.00543351 -0.017904 0 0.0127062 0.0153221
internal_weight=135.723 98.7056 27.418 71.2877 37.0175 35.2596
internal_count=983 769 187 582 214 195
is_linear=0
shrinkage=0.03


Tree=68
num_leaves=5
num_cat=0
split_feature=9 2 2 25
split_gain=6.86204 8.80523 11.4481 2.23694
threshold=8.5431960000000018 0.47222200000000009 1.0000000180025095e-35 0.7982935000000001
decision_type=10 10 10 2
left_child=1 2 -1 -3
right_child=-2 3 -4 -5
leaf_value=-0.0023195675484754047 0.022346335846173852 -0.015359623044054894 0.020836409107560759 0.0055024512779059641
leaf_weight=69.760087836533785 9.0866227447986585 34.424912415444851 22.506027765572071 1.4899050742387761
leaf_count=654 35 225 78 4
internal_value=0.000589208 -0.00120021 0.00349213 -0.0133658
internal_weight=137.268 128.181 92.2661 35.9148
internal_count=996 961 732 229
is_linear=0
shrinkage=0.03


Tree=69
num_leaves=5
num_cat=0
split_feature=3 18 5 9
split_gain=12.2889 9.9467 5.86398 4.09647
threshold=1.5000000000000002 0.05392750000000001 1.5000000000000002 7.9813810000000007
decision_type=10 8 10 10
left_child=1 3 -3 -1
right_child=-2 2 -4 -5
leaf_value=-0.023857752801113487 0.025677914486591086 -0.0020257702138132203 0.019246090715687478 0.0018512146362561195
leaf_weight=22.425335586071018 11.013899609446524 83.875670101493597 10.357886575162409 3.9708798676729193
leaf_count=147 47 732 33 14
internal_value=-0.000688797 -0.00390351 0.000525507 -0.0191755
internal_weight=131.644 120.63 94.2336 26.3962
internal_count=973 926 765 161
is_linear=0
shrinkage=0.03


Tree=70
num_leaves=6
num_cat=0
split_feature=21 9 23 18 15
split_gain=9.35174 3.85707 5.6195 4.6733 1.46145
threshold=0.11378600000000001 8.0951295000000005 0.76460150000000004 0.05392750000000001 0.095195500000000016
decision_type=10 8 8 10 10
left_child=1 3 -3 -1 -2
right_child=4 2 -4 -5 -6
leaf_value=-0.019086853242228263 0 0.018547318272497011 -0.0023703309255848535 -0.001459657281732688 0.022225060340051363
leaf_weight=19.788394823670387 3.2670616805553463 12.002661898732184 41.808768443763256 45.594524972140789 14.508738368749617
leaf_count=130 15 45 510 244 50
internal_value=0 -0.00297757 0.00250033 -0.00783661 0.0187874
internal_weight=136.97 119.194 53.8114 65.3829 17.7758
internal_count=994 929 555 374 65
is_linear=0
shrinkage=0.03


Tree=71
num_leaves=6
num_cat=0
split_feature=21 24 20 24 15
split_gain=11.628 9.03696 6.38903 4.31639 1.67915
threshold=0.11378600000000001 0.92614150000000006 1.0000000180025095e-35 0.79360300000000017 0.10600450000000002
decision_type=10 2 8 2 10
left_child=1 3 -3 -1 -2
right_child=4 2 -4 -5 -6
leaf_value=-0.026904538395210332 0 -0.013117754516136703 0.016616897283177015 -0.0055134391341018496 0.02365597124724032
leaf_weight=8.4655503369867784 3.6434585303068188 5.028729289770129 23.550039455294609 79.151410527527332 15.29037284851074
leaf_count=104 16 38 150 626 51
internal_value=0 -0.00382188 0.00968563 -0.0087336 0.0199436
internal_weight=135.13 116.196 28.5788 87.617 18.9338
internal_count=985 918 188 730 67
is_linear=0
shrinkage=0.03


Tree=72
num_leaves=7
num_cat=0
split_feature=24 15 15 2 17 17
split_gain=13.0192 5.34092 4.84085 5.25533 2.91498 1.86301
threshold=0.84578900000000012 0.34436500000000003 1.0000000180025095e-35 0.47222200000000009 0.31416550000000004 0.23491400000000004
decision_type=2 10 8 8 10 10
left_child=1 -1 4 -4 -2 -3
right_child=2 5 3 -5 -6 -7
leaf_value=-0.023871669740822301 -0.015137288987668021 0.016351342189471357 0.01471693234741237 0 0.0068069762190339569 -0.0062497021183219722
leaf_weight=21.99414582177997 13.342175900936128 2.7272332906723014 42.455107092857361 49.63898491486907 3.8730383589863768 2.8781980946660042
leaf_count=278 88 9 161 429 16 20
internal_value=-9.2117e-05 -0.0176388 0.00442397 0.00733426 -0.00843877 0.00312721
internal_weight=136.909 27.5996 109.309 92.0941 17.2152 5.60543
internal_count=1001 307 694 590 104 29
is_linear=0
shrinkage=0.03


Tree=73
num_leaves=7
num_cat=0
split_feature=4 18 23 17 17 17
split_gain=7.94374 9.28352 8.53507 5.78705 3.16611 0.905196
threshold=1.0000000180025095e-35 0.090694500000000011 0.71218550000000014 0.54864200000000019 0.4950440000000001 0.18384550000000002
decision_type=10 8 10 10 10 10
left_child=1 4 -2 -3 -1 -4
right_child=2 3 5 -5 -6 -7
leaf_value=-0.019773858675113359 0.026197547019516352 0.0050266185365386842 0 -0.019530189868585398 0.0031854585893522536 -0.018086787526636412
leaf_weight=26.333568513393406 16.194425314664844 79.001431349664927 2.2976392954587928 6.3940866813063613 3.096405364573001 2.267120823264122
leaf_count=166 61 671 10 51 18 14
internal_value=0.000418917 -0.00256223 0.0164127 0.0022481 -0.016362 -0.010958
internal_weight=135.585 114.825 20.7592 85.3955 29.43 4.56476
internal_count=991 906 85 722 184 24
is_linear=0
shrinkage=0.03


Tree=74
num_leaves=5
num_cat=0
split_feature=3 19 25 21
split_gain=8.56999 7.41142 5.58373 1.7175
threshold=1.5000000000000002 0.50499100000000008 0.16534400000000002 0.027506500000000003
decision_type=10 10 2 10
left_child=1 2 -1 -3
right_child=-2 3 -4 -5
leaf_value=-0.0067050077849869615 0.023927312369315508 -0.025187200528859845 0.0062875668595492274 0
leaf_weight=52.250073928385973 9.2403566837310773 11.062354445457457 61.28972340002656 1.1639529913663853
leaf_count=430 42 100 419 4
internal_value=0 -0.00234019 3.23817e-05 -0.0220087
internal_weight=135.006 125.766 113.54 12.2263
internal_count=995 953 849 104
is_linear=0
shrinkage=0.03


Tree=75
num_leaves=7
num_cat=0
split_feature=24 25 3 20 20 25
split_gain=10.7515 6.35107 4.55316 1.95533 3.33725 1.21805
threshold=0.84578900000000012 0.43008200000000002 1.5000000000000002 0.14446400000000001 0.1145945 0.010101500000000001
decision_type=2 2 10 8 10 2
left_child=3 2 -2 4 -1 -5
right_child=1 -3 -4 5 -6 -7
leaf_value=-0.014148122884994542 -0.0025079337854751783 0.015342200190943038 0.020064745951319574 0 0.016600129439673515 -0.021119817003833904
leaf_weight=4.1690407022833851 70.307230662554502 32.381898537278175 6.0333173573017111 1.6676525324583078 2.6919724345207214 19.27013960108161
leaf_count=28 489 177 27 19 8 257
internal_value=0.000310753 0.00483553 0 -0.0151591 0 -0.019214
internal_weight=136.521 108.722 76.3405 27.7988 6.86101 20.9378
internal_count=1005 693 516 312 36 276
is_linear=0
shrinkage=0.03


Tree=76
num_leaves=6
num_cat=0
split_feature=24 19 24 19 25
split_gain=9.09244 7.16348 9.95984 2.03148 0.352509
threshold=0.82064700000000002 0.0041160000000000007 0.93767700000000009 0.24434850000000002 0.25772800000000001
decision_type=2 8 2 8 2
left_child=3 4 -3 -1 -2
right_child=1 2 -4 -5 -6
leaf_value=0 -0.022568567911914861 0.00065489638473759841 0.023205949035663507 -0.024472200865506073 0
leaf_weight=4.362155303359029 5.7031122520565978 86.004403758794069 20.292575541883707 11.569207195192575 2.0883067548274994
leaf_count=25 47 590 122 164 11
internal_value=0 0.00331434 0.00575327 -0.0190871 -0.0195288
internal_weight=130.02 114.088 106.297 15.9314 7.79142
internal_count=959 770 712 189 58
is_linear=0
shrinkage=0.03


Tree=77
num_leaves=5
num_cat=0
split_feature=3 24 19 5
split_gain=10.3967 6.97387 6.26882 5.95689
threshold=1.5000000000000002 0.92555250000000011 1.0000000180025095e-35 1.5000000000000002
decision_type=10 2 8 8
left_child=1 3 -3 -1
right_child=-2 2 -4 -5
leaf_value=-0.014042952956204873 0.024301689420303731 -0.015132675993615612 0.015205443132047873 0.00034662258965206317
leaf_weight=55.951537027955055 9.7411097139120084 4.5045349970459965 22.798462189733982 38.920686770230532
leaf_count=338 45 36 145 428
internal_value=-0.00122283 -0.00403123 0.00820755 -0.00800353
internal_weight=131.916 122.175 27.303 94.8722
internal_count=992 947 181 766
is_linear=0
shrinkage=0.03


Tree=78
num_leaves=6
num_cat=0
split_feature=21 20 25 5 20
split_gain=9.73497 8.12471 3.92515 1.38284 1.03561
threshold=0.090908500000000017 0.15918700000000002 0.71528900000000017 4.5000000000000009 0.28273050000000005
decision_type=10 10 2 10 10
left_child=1 2 -1 -3 -2
right_child=4 3 -4 -5 -6
leaf_value=-0.0013203634346616265 0.019590905534562022 -0.01745204881415896 0.019633124322973924 0 0
leaf_weight=67.908564761281013 16.088583081960682 33.124751508235931 5.9345851205289355 1.8028553873300541 2.8748551905155173
leaf_count=622 59 230 36 7 12
internal_value=-0.000931807 -0.00471117 0.000673954 -0.01604 0.0170625
internal_weight=127.734 108.771 73.8431 34.9276 18.9634
internal_count=966 895 658 237 71
is_linear=0
shrinkage=0.03


Tree=79
num_leaves=7
num_cat=0
split_feature=25 23 23 15 13 15
split_gain=7.29946 4.18569 3.59604 8.5644 3.04247 2.41053
threshold=0.28514000000000006 0.57592050000000017 0.00089200000000000011 0.17304900000000004 1.0000000180025095e-35 0.012924500000000002
decision_type=2 10 10 10 8 10
left_child=2 5 4 -4 -1 -2
right_child=1 -3 3 -5 -6 -7
leaf_value=-0.020432869074453037 0.0019510435431275934 -0.0084656876302106349 0.014382327017130341 -0.013916601689081732 -0.0035552483642442654 0.017986842619462883
leaf_weight=20.201717495918274 21.773166924715042 8.3694218769669515 16.896837897598743 15.548264615237711 28.417969662696123 20.857420198619366
leaf_count=160 190 47 66 93 358 84
internal_value=-0.00130707 0.00705932 -0.00699154 0 -0.0119291 0.0111209
internal_weight=132.065 51 81.0648 32.4451 48.6197 42.6306
internal_count=998 321 677 159 518 274
is_linear=0
shrinkage=0.03


Tree=80
num_leaves=7
num_cat=0
split_feature=21 19 25 23 22 25
split_gain=10.2013 9.60036 5.66389 5.02077 1.36491 0.514106
threshold=0.045361000000000005 0.45985500000000007 0.16534400000000002 0.013031000000000003 0.067666000000000018 0.53674600000000006
decision_type=10 10 2 10 10 2
left_child=1 2 -1 -2 -5 -3
right_child=3 5 -4 4 -6 -7
leaf_value=-0.0072405918834704125 -0.004750412615977655 -0.025590552954279026 0.0070545204160498394 0 0.027630550142672312 0
leaf_weight=40.881265670061111 3.9133781045675304 12.188444599509237 53.775818128138781 3.5385450050234821 15.360540151596068 1.1765684261918057
leaf_count=383 21 116 384 16 50 6
internal_value=0.000935568 -0.00280268 0.000540666 0.0180676 0.0241659 -0.0240732
internal_weight=130.835 108.022 94.6571 22.8125 18.8991 13.365
internal_count=976 889 767 87 66 122
is_linear=0
shrinkage=0.03


Tree=81
num_leaves=5
num_cat=0
split_feature=3 19 19 22
split_gain=7.89874 5.73134 3.90262 3.83232
threshold=1.5000000000000002 0.5363880000000002 0.0041160000000000007 0.14302150000000002
decision_type=10 10 8 8
left_child=1 2 -1 -3
right_child=-2 3 -4 -5
leaf_value=-0.016936242859668299 0.023149171368544202 -0.027272782590414057 0.0016165491890708726 0.0057718064678279569
leaf_weight=8.3127441182732564 8.7734863460063917 9.4590495079755748 99.344386469572783 1.216474503278733
leaf_count=61 43 96 770 3
internal_value=-6.9639e-05 -0.0025682 0 -0.0208735
internal_weight=127.106 118.333 107.657 10.6755
internal_count=973 930 831 99
is_linear=0
shrinkage=0.03


Tree=82
num_leaves=6
num_cat=0
split_feature=24 19 19 2 19
split_gain=8.85771 5.40982 8.61936 4.50456 2.10194
threshold=0.82064700000000002 0.50499100000000008 0.00032450000000000008 0.25833350000000005 0.24434850000000002
decision_type=2 8 10 10 8
left_child=4 2 -2 -3 -1
right_child=1 3 -4 -5 -6
leaf_value=0 -0.016326273077578123 0 0.012812559964939468 -0.023275596461469504 -0.023862576711386436
leaf_weight=4.2179720774292919 7.1171729862689963 35.489023953676224 63.824617125093937 5.8265472799539557 11.305302977561951
leaf_count=24 56 401 261 55 170
internal_value=0.000619962 0.00391679 0.00893972 -0.00405229 -0.0183747
internal_weight=127.781 112.257 70.9418 41.3156 15.5233
internal_count=967 773 317 456 194
is_linear=0
shrinkage=0.03


Tree=83
num_leaves=5
num_cat=0
split_feature=3 20 20 17
split_gain=7.93537 6.02692 6.56195 4.77044
threshold=1.5000000000000002 0.15918700000000002 0.087774500000000019 0.31416550000000004
decision_type=10 10 10 10
left_child=1 2 -1 -3
right_child=-2 3 -4 -5
leaf_value=-0.00060161625157444684 0.023693745989552956 -0.018600356929679544 0.020044173870314132 0.00028399974611439488
leaf_weight=69.409521669149399 9.4408736377954465 23.488826058804989 13.569459162652491 16.408703725785017
leaf_count=640 47 150 47 104
internal_value=0.000710476 -0.00133966 0.00300723 -0.0106577
internal_weight=132.317 122.877 82.979 39.8975
internal_count=988 941 687 254
is_linear=0
shrinkage=0.03


Tree=84
num_leaves=4
num_cat=0
split_feature=16 3 16
split_gain=9.27478 4.81656 4.43059
threshold=0.47068100000000007 1.5000000000000002 0.41437850000000004
decision_type=10 10 10
left_child=1 2 -1
right_child=-2 -3 -4
leaf_value=-0.0018746356325580163 -0.025091315063412275 0.021377070030851108 0.019570831890468061
leaf_weight=101.90129632875323 9.7620773017406446 7.2849818021059027 6.4483526051044455
leaf_count=838 75 37 23
internal_value=-0.000639379 0.00175432 0
internal_weight=125.397 115.635 108.35
internal_count=973 898 861
is_linear=0
shrinkage=0.03


Tree=85
num_leaves=6
num_cat=0
split_feature=24 20 24 20 20
split_gain=8.03604 5.36156 4.4573 3.19192 2.52262
threshold=0.91217050000000011 1.0000000180025095e-35 0.79360300000000017 0.15918700000000002 0.60616450000000011
decision_type=2 8 2 10 8
left_child=2 -2 -1 -4 -3
right_child=1 4 3 -5 -6
leaf_value=-0.024499619123677617 -0.013086511174058213 0.01977215624197012 0.0016480596568367615 -0.010315890540444355 0.0011056066069093458
leaf_weight=7.3323226869106284 4.1649281233549109 23.580922491848469 48.518114872276783 27.366881936788559 13.924856085330246
leaf_count=105 35 96 419 178 142
internal_value=-7.69424e-06 0.0100851 -0.00558466 -0.0025145 0.0141776
internal_weight=124.888 41.6707 83.2173 75.885 37.5058
internal_count=975 273 702 597 238
is_linear=0
shrinkage=0.03


Tree=86
num_leaves=6
num_cat=0
split_feature=24 19 21 19 16
split_gain=8.90133 8.44104 8.02847 6.12363 2.61516
threshold=0.91240100000000013 1.0000000180025095e-35 0.11378600000000001 0.13362550000000004 0.23350300000000004
decision_type=2 8 10 10 8
left_child=2 -2 3 -1 -3
right_child=1 4 -4 -5 -6
leaf_value=-0.00025093414333167576 -0.016589034217676948 0.023826544960656282 0.015472374049882085 -0.018041311909562287 0.0048037190786309157
leaf_weight=40.533723589032888 5.0231027528643599 19.764247812330723 10.707004263997076 33.235812317579985 18.483878903090954
leaf_count=429 42 78 38 238 163
internal_value=0.000228796 0.011076 -0.0051738 -0.00904872 0.0163788
internal_weight=127.748 43.2712 84.4765 73.7695 38.2481
internal_count=988 283 705 667 241
is_linear=0
shrinkage=0.03


Tree=87
num_leaves=7
num_cat=0
split_feature=25 24 3 25 2 24
split_gain=8.37791 5.50518 4.00048 2.44766 2.32976 0.661387
threshold=0.28514000000000006 0.88289700000000015 1.5000000000000002 0.0071550000000000008 0.34848450000000003 0.91259650000000014
decision_type=2 2 10 2 8 2
left_child=2 4 3 -1 -2 -3
right_child=1 5 -4 -5 -6 -7
leaf_value=0.0095345531512230162 0.006182407107521372 0.006227697867074878 0.015330304262422966 -0.0090587753714263756 -0.013346371916141025 0.020774504540404661
leaf_weight=3.0061691403388968 5.8805563300847981 15.971722036600111 3.9911292642354956 70.727895066142082 8.2711651436984539 19.437835931777954
leaf_count=22 23 92 20 618 87 111
internal_value=0.000347826 0.00986961 -0.00549323 -0.00756663 -0.00382037 0.015993
internal_weight=127.286 49.5613 77.7252 73.7341 14.1517 35.4096
internal_count=973 313 660 640 110 203
is_linear=0
shrinkage=0.03


Tree=88
num_leaves=7
num_cat=0
split_feature=24 21 20 3 20 22
split_gain=8.90338 12.4565 4.46915 3.55114 1.48307 1.03178
threshold=0.91217050000000011 0.11378600000000001 1.0000000180025095e-35 1.5000000000000002 0.45587550000000004 0.14709950000000002
decision_type=2 10 8 8 10 10
left_child=1 3 -2 -1 -4 -3
right_child=2 5 4 -5 -6 -7
leaf_value=-0.014224396801271917 -0.009349340337410186 0 0.017066087478210711 0 0 0.023189277924694919
leaf_weight=48.591481514275074 4.0674413666129103 4.3682994693517676 34.637208815664053 27.286201570183039 1.9131882935762394 9.520980626344679
leaf_count=318 33 19 220 366 11 29
internal_value=0.000586636 -0.00444911 0.0119442 -0.00958235 0.0156017 0.0185385
internal_weight=130.385 89.767 40.6178 75.8777 36.5504 13.8893
internal_count=996 732 264 684 231 48
is_linear=0
shrinkage=0.03


Tree=89
num_leaves=7
num_cat=0
split_feature=24 19 5 22 24 5
split_gain=9.13081 6.69957 6.18428 3.70708 2.10343 0.75527
threshold=0.92555250000000011 1.0000000180025095e-35 1.5000000000000002 0.16110350000000004 0.90793750000000006 4.5000000000000009
decision_type=2 8 10 8 2 10
left_child=2 -2 3 -1 -4 -3
right_child=1 5 4 -5 -6 -7
leaf_value=-0.013444500649142963 -0.013411275149376187 0.019409428631364762 0.019615110676991118 -0.00018713543480645953 -0.0011370598574314741 0
leaf_weight=47.797186393290758 4.1446522623300543 26.256546646356586 7.9996619150042516 38.017819743603468 2.6983561962842941 2.8658360838890067
leaf_count=316 35 165 26 436 12 15
internal_value=-0.000231829 0.0124233 -0.00513841 -0.0081137 0.013088 0.0179431
internal_weight=129.78 33.267 96.513 85.815 10.698 29.1224
internal_count=1005 215 790 752 38 180
is_linear=0
shrinkage=0.03


Tree=90
num_leaves=5
num_cat=0
split_feature=24 19 19 21
split_gain=8.32858 6.87232 6.81071 1.57026
threshold=0.79360300000000017 0.50499100000000008 0.0013750000000000001 0.15176500000000001
decision_type=2 10 8 10
left_child=-1 2 -2 -3
right_child=1 3 -4 -5
leaf_value=-0.024416530560395684 -0.018029848980989232 -0.020927549861058284 0.0079060679425666872 0
leaf_weight=7.7240696661174288 6.5465473979711524 8.9402536563575232 101.79459904506803 0.98917736113071519
leaf_count=113 56 87 720 3
internal_value=0.000638929 0.00308618 0.00562587 -0.01718
internal_weight=125.995 118.271 108.341 9.92943
internal_count=979 866 776 90
is_linear=0
shrinkage=0.03


Tree=91
num_leaves=7
num_cat=0
split_feature=25 24 24 18 2 25
split_gain=8.4354 6.78689 5.00441 4.58083 3.96321 1.58127
threshold=0.16534400000000002 0.8605735000000001 0.80189800000000011 0.18290500000000001 0.47222200000000009 0.005807500000000001
decision_type=2 2 2 10 8 2
left_child=1 5 -2 -3 -4 -1
right_child=2 3 4 -5 -6 -7
leaf_value=0 -0.016440052915719181 -0.0061960408347330517 0.019454280784896447 0.014297058797511367 0.0031329656125316922 -0.02286780023795966
leaf_weight=1.1115012653172041 3.51752134412527 29.710405051708221 23.888596706092358 11.025845177471636 40.814374327659607 17.767273664474487
leaf_count=8 51 252 94 40 322 219
internal_value=0.0005097 -0.00729109 0.00776769 0 0.010197 -0.0207683
internal_weight=127.836 59.615 68.2205 40.7363 64.703 18.8788
internal_count=986 519 467 292 416 227
is_linear=0
shrinkage=0.03


Tree=92
num_leaves=5
num_cat=0
split_feature=24 25 18 24
split_gain=7.88438 4.91675 3.8253 1.04056
threshold=0.79360300000000017 0.43008200000000002 0.18290500000000001 0.84935050000000001
decision_type=2 2 10 2
left_child=-1 2 -2 -3
right_child=1 3 -4 -5
leaf_value=-0.023462216987081525 -0.0037931295695122639 0 0.0092828314430965231 0.015218593721980169
leaf_weight=7.0401018969714633 62.924848902970552 3.8054691143333903 25.945408705621958 28.65140738338232
leaf_count=104 584 28 120 167
internal_value=0.00174486 0.00397967 0 0.0134289
internal_weight=128.367 121.327 88.8703 32.4569
internal_count=1003 899 704 195
is_linear=0
shrinkage=0.03


Tree=93
num_leaves=5
num_cat=0
split_feature=3 24 23 19
split_gain=7.74027 5.16866 4.87326 1.51221
threshold=1.5000000000000002 0.95587300000000008 0.00089200000000000011 0.0013750000000000001
decision_type=10 2 8 10
left_child=1 2 -1 -3
right_child=-2 3 -4 -5
leaf_value=-0.017109145189332219 0.021953935641025726 0 -0.0019112377300448894 0.021684867705151774
leaf_weight=25.490742303431034 8.1172542423009855 4.5987794101238233 77.694941978901625 4.8413650691509247
leaf_count=190 46 46 678 14
internal_value=-0.00159602 -0.00407836 -0.00632552 0.0136747
internal_weight=120.743 112.626 103.186 9.44014
internal_count=974 928 868 60
is_linear=0
shrinkage=0.03


Tree=94
num_leaves=5
num_cat=0
split_feature=21 17 15 25
split_gain=8.2384 4.32179 4.24123 3.06112
threshold=0.11378600000000001 0.54864200000000019 0.095195500000000016 0.16534400000000002
decision_type=10 10 10 2
left_child=1 3 -2 -1
right_child=2 -3 -4 -5
leaf_value=-0.0080433174231355504 -0.0042823040980507071 -0.024342167488244276 0.023356898583993008 0.0019889305893902999
leaf_weight=45.531524155288935 3.6697972118854549 6.640840344130992 13.289806917309759 53.216696247458458
leaf_count=438 19 64 47 403
internal_value=-0.00128685 -0.004735 0.0161284 -0.00244273
internal_weight=122.349 105.389 16.9596 98.7482
internal_count=971 905 66 841
is_linear=0
shrinkage=0.03


Tree=95
num_leaves=5
num_cat=0
split_feature=19 24 19 21
split_gain=7.69804 5.97223 4.2295 1.75907
threshold=0.50499100000000008 0.79360300000000017 0.0041160000000000007 0.15176500000000001
decision_type=10 2 8 10
left_child=1 -1 -3 -2
right_child=3 2 -4 -5
leaf_value=-0.021120743549470498 -0.025095640470903034 -0.013307858416394688 0.0066740377425690061 0
leaf_weight=5.3930986970663062 9.1424853801727259 6.8456129208207122 99.330896805971861 0.92885148525238115
leaf_count=85 101 53 720 3
internal_value=2.50838e-05 0.00274652 0.00478066 -0.0215388
internal_weight=121.641 111.57 106.177 10.0713
internal_count=962 858 773 104
is_linear=0
shrinkage=0.03


Tree=96
num_leaves=5
num_cat=0
split_feature=24 19 19 21
split_gain=8.15958 7.25841 4.70193 2.40788
threshold=0.79360300000000017 0.5363880000000002 0.0041160000000000007 0.045361000000000005
decision_type=2 10 8 8
left_child=-1 2 -2 -3
right_child=1 3 -4 -5
leaf_value=-0.023926983853366796 -0.01299063699305945 -0.023614962897721942 0.0079360688685973166 0.0027799446584927437
leaf_weight=7.4815777949988833 6.9424132630228987 7.958341941237447 102.14723958820105 0.97022467851638872
leaf_count=109 55 86 734 3
internal_value=0.00114211 0.00353297 0.00602462 -0.018254
internal_weight=125.5 118.018 109.09 8.92857
internal_count=987 878 789 89
is_linear=0
shrinkage=0.03


Tree=97
num_leaves=4
num_cat=0
split_feature=3 24 18
split_gain=7.50255 4.92855 4.46556
threshold=1.5000000000000002 0.79360300000000017 0.14289150000000003
decision_type=10 2 8
left_child=1 -1 -3
right_child=-2 2 -4
leaf_value=-0.023234132237707785 0.022362652082405246 -0.0088382854152139721 0.0034672190135264769
leaf_weight=6.9979364648461333 8.5063592568039876 38.199364930391312 68.996097341179848
leaf_count=108 48 230 589
internal_value=-0.00047324 -0.0029592 -0.000766869
internal_weight=122.7 114.193 107.195
internal_count=975 927 819
is_linear=0
shrinkage=0.03


Tree=98
num_leaves=4
num_cat=0
split_feature=3 24 22
split_gain=6.12906 4.70561 5.23413
threshold=1.5000000000000002 0.79360300000000017 0.020809000000000005
decision_type=10 2 8
left_child=1 -1 -3
right_child=-2 2 -4
leaf_value=-0.022280916711329844 0.021535985675463703 -0.0092756841954445765 0.0042554808987263684
leaf_weight=6.5695592686533919 7.7812959477305403 35.689515076577663 73.319961711764336
leaf_count=105 45 229 595
internal_value=0 -0.00208563 -3.65468e-05
internal_weight=123.36 115.579 109.009
internal_count=974 929 824
is_linear=0
shrinkage=0.03


Tree=99
num_leaves=5
num_cat=0
split_feature=3 25 24 24
split_gain=8.33843 4.93825 3.55754 2.08031
threshold=1.5000000000000002 0.43008200000000002 0.96542850000000013 0.82064700000000002
decision_type=10 2 2 2
left_child=1 2 -1 -3
right_child=-2 3 -4 -5
leaf_value=-0.0094698612992266847 0.022401376842168842 -0.010449975540665341 0.011815039920597922 0.0090673690816864376
leaf_weight=80.745691455900669 8.673269294202326 1.9791473634541059 3.9731705337762824 26.081989701837301
leaf_count=716 51 23 21 157
internal_value=-0.00142631 -0.00405084 -0.0077597 0.00584863
internal_weight=121.453 112.78 84.7189 28.0611
internal_count=968 917 737 180
is_linear=0
shrinkage=0.03


Tree=100
num_leaves=5
num_cat=0
split_feature=24 2 9 2
split_gain=5.99341 6.22538 6.17693 4.43644
threshold=0.79360300000000017 0.47222200000000009 7.9813810000000007 1.0000000180025095e-35
decision_type=2 8 8 10
left_child=-1 3 -3 -2
right_child=1 2 -4 -5
leaf_value=-0.022446789308768256 0.0010149459968934261 -0.014129035894701573 0.0033351372445156106 0.020396265690076278
leaf_weight=6.6699720509350291 27.797855667769909 26.422774203121662 41.156514540314674 19.30756201595068
leaf_count=106 144 189 465 73
internal_value=5.966e-06 0.00210564 -0.00337843 0.0103033
internal_weight=121.355 114.685 67.5793 47.1054
internal_count=977 871 654 217
is_linear=0
shrinkage=0.03


Tree=101
num_leaves=7
num_cat=0
split_feature=24 2 2 20 25 5
split_gain=6.80237 7.55266 6.44173 2.85187 2.33632 0.683787
threshold=0.93881000000000003 0.47222200000000009 1.0000000180025095e-35 1.0000000180025095e-35 0.71528900000000017 3.5000000000000004
decision_type=2 8 10 8 2 10
left_child=1 2 -1 -2 -3 -5
right_child=3 4 -4 5 -6 -7
leaf_value=-0.0039496130294734907 -0.004203210687183493 -0.013206066645637182 0.01710169369374024 0.019197819909720703 0.0047633905048664769 0
leaf_weight=27.239588178694248 3.044062644243243 50.187821008265018 18.594893731176853 17.872713651508096 3.2586033158004275 1.530206725001334
leaf_count=153 26 571 71 119 24 9
internal_value=-0.000159802 -0.00383957 0.00450245 0.0134705 -0.0113841 0.0177739
internal_weight=121.728 99.2809 45.8345 22.447 53.4464 19.4029
internal_count=973 819 224 154 595 128
is_linear=0
shrinkage=0.03


Tree=102
num_leaves=5
num_cat=0
split_feature=24 25 2 18
split_gain=5.61743 4.28305 3.71772 3.06831
threshold=0.79360300000000017 0.23167300000000005 0.32575750000000009 0.18290500000000001
decision_type=2 2 10 8
left_child=-1 3 -3 -2
right_child=1 2 -4 -5
leaf_value=-0.021717572633822301 -0.010210453303153675 0.014674187357556887 0 0.0022852775283882308
leaf_weight=6.3100795336067668 25.362244319170713 31.731440275907516 21.688789125531912 38.228178512305021
leaf_count=104 176 241 111 355
internal_value=0.000437907 0.0023957 0.00855868 -0.00248344
internal_weight=123.321 117.011 53.4202 63.5904
internal_count=987 883 352 531
is_linear=0
shrinkage=0.03


Tree=103
num_leaves=7
num_cat=0
split_feature=24 20 24 15 4 24
split_gain=6.91092 3.2346 3.4408 2.67146 1.62284 1.28354
threshold=0.85325150000000016 1.0000000180025095e-35 0.92614150000000006 0.28213450000000001 1.0000000180025095e-35 0.79360300000000017
decision_type=2 8 2 10 8 2
left_child=3 -2 -3 4 -1 -5
right_child=1 2 -4 5 -6 -7
leaf_value=-0.022595180755778189 -0.012384537216233836 0.0021803142510632562 0.015478659379333551 -0.0078898570957595497 -0.0025459668320686507 0.010425639325730221
leaf_weight=11.561926435679203 4.8184948787093154 62.28493170067668 26.884662728756666 1.772366628050803 11.17582682520151 5.1829311586916447
leaf_count=120 41 424 179 18 188 27
internal_value=0.00103114 0.00523866 0.00688856 -0.010628 -0.0153518 0.00177383
internal_weight=123.681 93.9881 89.1696 29.6931 22.7378 6.9553
internal_count=997 644 603 353 308 45
is_linear=0
shrinkage=0.03


Tree=104
num_leaves=5
num_cat=0
split_feature=24 19 19 5
split_gain=5.88244 4.89939 3.8834 1.06255
threshold=0.79360300000000017 0.5363880000000002 0.005497000000000001 1.5000000000000002
decision_type=2 10 10 8
left_child=-1 2 -2 -3
right_child=1 3 -4 -5
leaf_value=-0.021623409081181755 -0.0014185357285747 -0.018879321946661001 0.0093911906318273116 0
leaf_weight=6.3255266323685637 43.452468253672123 7.1725376285612557 67.347941622138023 1.220335632562638
leaf_count=103 505 77 304 5
internal_value=0.00100151 0.00294912 0.00496269 -0.0153073
internal_weight=125.519 119.193 110.8 8.39287
internal_count=994 891 809 82
is_linear=0
shrinkage=0.03


Tree=105
num_leaves=4
num_cat=0
split_feature=3 24 23
split_gain=5.66157 3.84299 5.305
threshold=1.5000000000000002 0.9621320000000001 0.00089200000000000011
decision_type=10 2 8
left_child=1 2 -1
right_child=-2 -3 -4
leaf_value=-0.015766166929903975 0.020439718311516881 0.015887777614383924 -0.0002251259762949535
leaf_weight=25.400689780712128 7.0536526665091506 5.4830933548510066 79.181244552135468
leaf_count=198 44 34 675
internal_value=-0.000799208 -0.00293188 -0.00461296
internal_weight=117.119 110.065 104.582
internal_count=951 907 873
is_linear=0
shrinkage=0.03


Tree=106
num_leaves=6
num_cat=0
split_feature=24 19 19 19 16
split_gain=4.55079 3.63313 4.52075 1.10651 0.324507
threshold=0.82162050000000009 0.0041160000000000007 0.56118850000000009 0.20602100000000004 0.033874000000000008
decision_type=2 8 10 8 10
left_child=3 4 -3 -1 -2
right_child=1 2 -4 -5 -6
leaf_value=0 -0.019797971694183351 0.0047992058581464193 -0.016555832881800476 -0.019597350821695364 0
leaf_weight=2.7411962226033184 4.4157936275005332 91.950435720384121 6.4673240035772315 10.613490503281355 2.3403205350041389
leaf_count=16 42 667 65 173 16
internal_value=-0.00126609 0.000732458 0.00265188 -0.0160871 -0.0163707
internal_weight=118.529 105.174 98.4178 13.3547 6.75611
internal_count=979 790 732 189 58
is_linear=0
shrinkage=0.03


Tree=107
num_leaves=4
num_cat=0
split_feature=3 24 18
split_gain=5.5793 3.87186 3.19347
threshold=1.5000000000000002 0.82064700000000002 0.26283050000000008
decision_type=10 2 8
left_child=1 -1 -3
right_child=-2 2 -4
leaf_value=-0.016731403689988295 0.020432089288037671 -0.0064337776445620824 0.0039940269662498947
leaf_weight=12.582676868885754 7.0472382083535186 43.541924938559532 56.947060197591782
leaf_count=193 44 252 506
internal_value=-0.000693998 -0.00276321 -0.000289985
internal_weight=120.119 113.072 100.489
internal_count=995 951 758
is_linear=0
shrinkage=0.03


Tree=108
num_leaves=6
num_cat=0
split_feature=24 24 23 22 15
split_gain=6.7841 3.55222 3.43881 1.37979 1.45086
threshold=0.82064700000000002 0.96451750000000003 0.00089200000000000011 0.13270100000000004 0.40788000000000008
decision_type=2 2 10 10 10
left_child=3 2 -2 4 -1
right_child=1 -3 -4 -5 -6
leaf_value=-0.023370272166598125 -0.0028019070799999769 0.021051806908822877 0.0078092553535217069 0 0
leaf_weight=10.369383864104742 58.584761157631874 6.8905971385538569 44.036026015877724 0.68016936630010683 0.83291370421648103
leaf_count=177 560 40 197 3 5
internal_value=0.000859971 0.00358165 0.00155993 -0.0178735 -0.0205475
internal_weight=121.394 109.511 102.621 11.8825 11.2023
internal_count=982 797 757 185 182
is_linear=0
shrinkage=0.03


Tree=109
num_leaves=7
num_cat=0
split_feature=24 19 19 21 16 22
split_gain=6.5433 5.11283 4.45968 2.82975 1.21434 0.230601
threshold=0.92555250000000011 0.50499100000000008 1.0000000180025095e-35 0.080088500000000021 0.39100400000000007 0.087659500000000015
decision_type=2 10 8 10 8 8
left_child=1 3 -2 -1 -4 -3
right_child=2 5 4 -5 -6 -7
leaf_value=-0.0046533205358105893 -0.010790775551662161 -0.025046341556696834 0.020781730380823427 0.0090095338172268818 0.0025894561199983515 0
leaf_weight=70.055637996643782 3.6609770283103016 8.0394951961934531 15.045223645865919 12.879416443407534 10.440889000892637 1.0155140385031707
leaf_count=617 35 99 67 53 111 7
internal_value=-0.00091448 -0.00506852 0.0105123 -0.00194199 0.0154396 -0.0236063
internal_weight=121.137 91.9901 29.1471 82.9351 25.4861 9.05501
internal_count=989 776 213 670 178 106
is_linear=0
shrinkage=0.03


Tree=110
num_leaves=6
num_cat=0
split_feature=21 17 0 23 17
split_gain=4.04337 1.91666 3.2729 1.88965 1.86565
threshold=0.07012800000000001 0.43631700000000001 1.0000000180025095e-35 0.034814500000000005 0.30237300000000006
decision_type=10 10 10 10 10
left_child=1 4 -3 -2 -1
right_child=3 2 -4 -5 -6
leaf_value=-0.0018342261718577754 -0.00054762068121600447 0.0045446058667536716 -0.022374881444630325 0.016892152168690864 0.011349183665542557
leaf_weight=84.86005125939846 3.3718245998024967 2.8649784438312036 6.869773231446743 14.350361593067644 7.7478813901543608
leaf_count=779 18 20 65 58 42
internal_value=0.000213213 -0.00193043 -0.0128924 0.0125274 -9.59703e-05
internal_weight=120.065 102.343 9.73475 17.7222 92.6079
internal_count=982 906 85 76 821
is_linear=0
shrinkage=0.03


Tree=111
num_leaves=5
num_cat=0
split_feature=25 24 2 16
split_gain=5.59517 4.28032 4.06938 0.0824195
threshold=0.71528900000000017 0.96451750000000003 0.47222200000000009 0.053629500000000004
decision_type=2 2 10 8
left_child=1 2 -1 -2
right_child=3 -3 -4 -5
leaf_value=-0.0014985232979262042 0 0.016017171178292766 -0.015233495994506456 0.019388598827997459
leaf_weight=76.650404021143913 1.8155320212244959 5.4103732928633681 26.664183843880892 6.9318350926041612
leaf_count=679 11 34 209 43
internal_value=-0.0016535 -0.00390725 -0.00565536 0.0176495
internal_weight=117.472 108.725 103.315 8.74737
internal_count=976 922 888 54
is_linear=0
shrinkage=0.03


Tree=112
num_leaves=7
num_cat=0
split_feature=23 4 17 15 23 25
split_gain=4.33116 5.22746 6.32579 4.00223 1.64637 0.93656
threshold=0.81133400000000011 1.0000000180025095e-35 0.22449300000000003 0.17304900000000004 0.71218550000000014 0.43008200000000002
decision_type=8 10 10 10 8 2
left_child=1 2 -1 5 -3 -2
right_child=3 4 -4 -5 -6 -7
leaf_value=-0.0077584735732870464 -0.0031866822370091794 0.023299001330332414 0.011747743185014908 -0.019783263456890233 0 0.0061817391229489534
leaf_weight=30.062466356903315 31.255929769948125 12.876546680927273 23.946588691323996 10.122743584215639 2.3202912434935579 9.9543654769659025
leaf_count=182 409 61 135 80 11 106
internal_value=0.000823416 0.00582247 0.000527062 -0.0053134 0.019804 0
internal_weight=120.539 69.2059 54.0091 51.333 15.1968 41.2103
internal_count=984 389 317 595 72 515
is_linear=0
shrinkage=0.03


Tree=113
num_leaves=6
num_cat=0
split_feature=24 20 24 2 2
split_gain=5.01341 3.89612 3.36342 3.60524 1.14415
threshold=0.93767700000000009 1.0000000180025095e-35 0.79360300000000017 0.47222200000000009 1.0000000180025095e-35
decision_type=2 8 2 10 10
left_child=2 -2 -1 -4 -3
right_child=1 4 3 -5 -6
leaf_value=-0.019564370761316681 -0.0076673419310002815 0.0046231155806611048 0.0036703017845572741 -0.0092211165093141131 0.025559225519994542
leaf_weight=5.4309528954327098 3.0686766430735615 10.102945990860464 69.896048553287983 23.611265562474728 9.9309812411665899
leaf_count=97 30 95 556 170 43
internal_value=0.00137371 0.0131999 -0.00140067 0 0.018281
internal_weight=122.041 23.1026 98.9383 93.5073 20.0339
internal_count=991 168 823 726 138
is_linear=0
shrinkage=0.03


Tree=114
num_leaves=7
num_cat=0
split_feature=25 16 20 20 3 18
split_gain=6.61896 4.67057 3.56005 2.98436 1.51091 1.46642
threshold=0.16534400000000002 0.25081200000000009 0.025879500000000003 0.47203500000000004 1.0000000180025095e-35 0.62861450000000008
decision_type=2 10 10 10 10 10
left_child=1 2 -1 4 -2 -5
right_child=3 -3 -4 5 -6 -7
leaf_value=-0.01049772731646938 0.0039545854341407616 -0.022603934027126245 0.0060541616591889957 -0.016380999429383057 0.018832488675120423 0.0026047369129971296
leaf_weight=21.556318107992411 48.324965845793486 14.241554893553255 17.528564419597387 5.3753412328660479 7.4006721004843703 1.2722816467285154
leaf_count=294 367 116 101 48 40 7
internal_value=-0.00160454 -0.00928923 -0.00245937 0.00463142 0.00730242 -0.00995772
internal_weight=115.7 53.3264 39.0849 62.3733 55.7256 6.64762
internal_count=973 511 395 462 407 55
is_linear=0
shrinkage=0.03


Tree=115
num_leaves=6
num_cat=0
split_feature=24 25 23 22 17
split_gain=7.25339 4.60997 2.27904 1.53558 0.777134
threshold=0.82064700000000002 0.38368250000000004 0.0063255000000000013 0.13270100000000004 0.54864200000000019
decision_type=2 2 10 10 8
left_child=3 2 -2 -1 -3
right_child=1 4 -4 -5 -6
leaf_value=-0.022179094062685572 -0.0061326245923152009 0.014183701177616949 0.0041146526851150575 0 0.00066637498373601557
leaf_weight=11.771666169166561 42.417979132384062 23.323694139719009 28.531238060444593 0.67498732358217317 10.640017807483671
leaf_count=198 427 103 131 3 113
internal_value=-6.497e-05 0.00244332 -0.00160639 -0.0195178 0.0111584
internal_weight=117.36 104.913 70.9492 12.4467 33.9637
internal_count=975 774 558 201 216
is_linear=0
shrinkage=0.03


Tree=116
num_leaves=7
num_cat=0
split_feature=24 19 20 21 20 16
split_gain=6.46729 5.61838 4.76894 5.56903 5.16827 3.59316
threshold=0.91217050000000011 1.0000000180025095e-35 0.15918700000000002 0.11378600000000001 0.10929300000000002 0.29566500000000007
decision_type=2 8 8 8 10 8
left_child=2 -2 4 -4 -1 -3
right_child=1 5 3 -5 -6 -7
leaf_value=-0.0025472354480786754 -0.013413805563248475 0.022465961486065705 -0.019653796927341295 0 0.022717709977522049 0.0011159474137683804
leaf_weight=20.045967049896721 4.3547775149345389 18.762769065797329 24.074373207986355 28.597026454284787 6.9365735352039328 15.723405376076697
leaf_count=107 42 82 204 370 24 154
internal_value=0 0.00982674 -0.00464089 -0.00989055 0.00457042 0.0144004
internal_weight=118.495 38.841 79.6539 52.6714 26.9825 34.4862
internal_count=983 278 705 574 131 236
is_linear=0
shrinkage=0.03


end of trees

feature_importances:
embedding_cosine_bge_m3=100
digit_ratio_mean_percentile_gap_abs=78
reranker_score_bge_reranker_v2_m3=58
punct_ratio_mean_percentile_gap_abs=49
shared_title_count_capped=44
max_category_share_percentile_gap_abs=44
repeated_title_share_percentile_gap_abs=40
profile_category_jaccard=36
item_count_percentile_gap_abs=23
title_length_median_percentile_gap_abs=21
repeated_description_share_percentile_gap_abs=21
shared_description_count_capped=14
description_length_median_percentile_gap_abs=12
price_median_percentile_gap_abs=11
shared_category_count_capped=9
shared_description_idf_mean=9
shared_description_idf_sum=5
same_market_raw_bool=1
shared_low_df_sentence_count=1

parameters:
[boosting: gbdt]
[objective: binary]
[metric: binary_logloss,auc]
[tree_learner: serial]
[device_type: cpu]
[data_sample_strategy: bagging]
[data: ]
[valid: ]
[num_iterations: 120]
[learning_rate: 0.03]
[num_leaves: 7]
[num_threads: 0]
[seed: 20260322]
[deterministic: 1]
[force_col_wise: 1]
[force_row_wise: 0]
[histogram_pool_size: -1]
[max_depth: 3]
[min_data_in_leaf: 10]
[min_sum_hessian_in_leaf: 0.001]
[bagging_fraction: 0.8]
[pos_bagging_fraction: 1]
[neg_bagging_fraction: 1]
[bagging_freq: 1]
[bagging_seed: 20260322]
[bagging_by_query: 0]
[feature_fraction: 0.6]
[feature_fraction_bynode: 1]
[feature_fraction_seed: 20260322]
[extra_trees: 0]
[extra_seed: 18836]
[early_stopping_round: 0]
[early_stopping_min_delta: 0]
[first_metric_only: 0]
[max_delta_step: 0]
[lambda_l1: 1]
[lambda_l2: 3]
[linear_lambda: 0]
[min_gain_to_split: 0.05]
[drop_rate: 0.1]
[max_drop: 50]
[skip_drop: 0.5]
[xgboost_dart_mode: 0]
[uniform_drop: 0]
[drop_seed: 22382]
[top_rate: 0.2]
[other_rate: 0.1]
[min_data_per_group: 100]
[max_cat_threshold: 32]
[cat_l2: 10]
[cat_smooth: 10]
[max_cat_to_onehot: 4]
[top_k: 20]
[monotone_constraints: ]
[monotone_constraints_method: basic]
[monotone_penalty: 0]
[feature_contri: ]
[forcedsplits_filename: ]
[refit_decay_rate: 0.9]
[cegb_tradeoff: 1]
[cegb_penalty_split: 0]
[cegb_penalty_feature_lazy: ]
[cegb_penalty_feature_coupled: ]
[path_smooth: 0]
[interaction_constraints: ]
[verbosity: -1]
[saved_feature_importance_type: 0]
[use_quantized_grad: 0]
[num_grad_quant_bins: 4]
[quant_train_renew_leaf: 0]
[stochastic_rounding: 1]
[linear_tree: 0]
[max_bin: 255]
[max_bin_by_feature: ]
[min_data_in_bin: 3]
[bin_construct_sample_cnt: 200000]
[data_random_seed: 20260322]
[is_enable_sparse: 1]
[enable_bundle: 1]
[use_missing: 1]
[zero_as_missing: 0]
[feature_pre_filter: 1]
[pre_partition: 0]
[two_round: 0]
[header: 0]
[label_column: ]
[weight_column: ]
[group_column: ]
[ignore_column: ]
[categorical_feature: ]
[forcedbins_filename: ]
[precise_float_parser: 0]
[parser_config_file: ]
[objective_seed: 31326]
[num_class: 1]
[is_unbalance: 0]
[scale_pos_weight: 1]
[sigmoid: 1]
[boost_from_average: 1]
[reg_sqrt: 0]
[alpha: 0.9]
[fair_c: 1]
[poisson_max_delta_step: 0.7]
[tweedie_variance_power: 1.5]
[lambdarank_truncation_level: 30]
[lambdarank_norm: 1]
[label_gain: ]
[lambdarank_position_bias_regularization: 0]
[eval_at: ]
[multi_error_top_k: 1]
[auc_mu_weights: ]
[num_machines: 1]
[local_listen_port: 12400]
[time_out: 120]
[machine_list_filename: ]
[machines: ]
[gpu_platform_id: -1]
[gpu_device_id: -1]
[gpu_use_dp: 0]
[num_gpu: 1]

end of parameters

pandas_categorical:null
