tree
version=v4
num_class=1
num_tree_per_iteration=1
label_index=0
max_feature_idx=25
objective=binary sigmoid:1
feature_names=same_market_raw_bool same_source_dataset_bool profile_category_jaccard shared_title_count_capped shared_description_count_capped shared_category_count_capped shared_title_idf_sum shared_description_idf_sum shared_title_idf_mean shared_description_idf_mean boilerplate_ratio_max boilerplate_ratio_gap_abs shared_boilerplate_count shared_low_df_sentence_count shared_rare_ngram_count item_count_raw_gap_abs price_median_raw_gap_abs title_length_median_raw_gap_abs description_length_median_raw_gap_abs digit_ratio_mean_raw_gap_abs punct_ratio_mean_raw_gap_abs repeated_title_share_raw_gap_abs repeated_description_share_raw_gap_abs max_category_share_raw_gap_abs embedding_cosine_gte_multilingual_base reranker_score_gte_multilingual_reranker_base
feature_infos=[0:1] [0:1] [0:1] [0:5] [0:5] [0:5] [0:61.502074] [0:79.443972000000002] [0:8.8271080000000008] [0:8.8271080000000008] [0:0.125] [0:0.125] [0:1] [0:9] [0:7] [0:16080] [0:1300843] [0:81] [0:7148] [0:0.49867] [0:0.43001899999999998] [0:0.933921] [0:0.99956500000000004] [0:0.87554799999999999] [0.80815300000000001:0.99821599999999999] [0.38485900000000001:0.964619]
tree_sizes=777 782 982 879 971 778 986 867 967 787 926 764 871 856 972 972 956 872 982 761 1267 990 1063 844 686 929 979 774 856 978 966 954 779 1265 784 783 784 755 1248 869 954 781 876 1167 765 920 848 761 929 854 785 947 1285 1306 1302 1147 848

Tree=0
num_leaves=6
num_cat=0
split_feature=3 15 23 25 23
split_gain=82.001 124.422 23.3206 21.9014 3.69482
threshold=1.0000000180025095e-35 25.500000000000004 0.11915750000000001 0.68981400000000015 0.0095900000000000013
decision_type=10 8 8 2 10
left_child=1 -1 4 -4 -3
right_child=-2 2 3 -5 -6
leaf_value=-0.088972065178186635 0.08984109253177873 -1.2001304355708712e-08 -0.047092017452183881 0.027211235378668236 0.075280157448835108
leaf_weight=37.878793507814407 19.188808187842369 1.7436101287603403 13.160086937248705 28.932935997843742 16.963052034378052
leaf_count=211 45 7 157 232 44
internal_value=-0.000576183 -0.01949 0.0244966 0.0025863 0.0687093
internal_weight=117.867 98.6785 60.7997 42.093 18.7067
internal_count=696 651 440 389 51
is_linear=0
shrinkage=1


Tree=1
num_leaves=6
num_cat=0
split_feature=4 15 15 24 6
split_gain=80.3186 100.249 24.049 19.4142 1.05134
threshold=1.0000000180025095e-35 25.500000000000004 173.50000000000003 0.97833950000000003 8.3366935000000009
decision_type=10 8 10 2 10
left_child=1 4 3 -3 -1
right_child=-2 2 -4 -5 -6
leaf_value=-0.088368207088029616 0.086775448876826727 -0.033583923266481762 0.075737815675003928 0.029442249855349746 -0.0063219646626440961
leaf_weight=33.079763501882553 20.016487091779709 20.468438237905502 12.790231108665465 25.957336962223053 1.3088892996311177
leaf_count=187 47 217 32 190 6
internal_value=-0.000247359 -0.0201944 0.0189889 0.000951877 -0.0863367
internal_weight=113.621 93.6047 59.216 46.4258 34.3887
internal_count=679 632 439 407 193
is_linear=0
shrinkage=0.05


Tree=2
num_leaves=8
num_cat=0
split_feature=4 15 15 25 21 5 5
split_gain=74.7794 83.4121 19.1026 15.8556 6.74943 7.45986 0.505017
threshold=1.0000000180025095e-35 25.500000000000004 173.50000000000003 0.65427900000000017 0.08182200000000002 1.5000000000000002 2.5000000000000004
decision_type=10 8 10 2 10 10 8
left_child=1 4 3 -3 -1 -6 -4
right_child=-2 2 6 -5 5 -7 -8
leaf_value=-0.087004535119813903 0.082846827748951316 -0.047577314662021523 0.078253359859141058 0.018191597420122309 -0.060349703412700073 0.02665175468533619 0.016098099766214773
leaf_weight=31.41419529914856 19.47971099615097 10.785685040056704 9.0334360301494563 34.363747224211693 3.664533555507659 3.0221763253211975 2.422796994447709
leaf_count=180 46 128 21 270 21 10 8
internal_value=-0.00247575 -0.0213033 0.0168714 0.000919603 -0.0771406 -0.0202956 0.0704237
internal_weight=114.186 94.7066 56.6057 45.1494 38.1009 6.68671 11.4562
internal_count=684 638 427 398 211 31 29
is_linear=0
shrinkage=0.05


Tree=3
num_leaves=7
num_cat=0
split_feature=4 15 25 15 21 16
split_gain=68.1825 83.8666 16.878 10.84 3.12778 3.44059
threshold=1.0000000180025095e-35 25.500000000000004 0.58434600000000014 173.50000000000003 0.08182200000000002 0.0081750000000000017
decision_type=10 8 2 10 10 10
left_child=1 4 -3 -4 -1 -6
right_child=-2 2 3 -5 5 -7
leaf_value=-0.08343238559747429 0.080255372923750151 -0.06404470300954429 0.014391185914349208 0.069480761351657191 0.012966302090846087 -0.04865511220898102
leaf_weight=29.736422449350357 20.591427803039551 4.0205765403807154 44.808021523058414 10.79160653054714 1.9867378473281849 4.4241079688072205
leaf_count=172 49 60 361 27 7 24
internal_value=0.000769499 -0.0170382 0.0190918 0.027066 -0.0756803 -0.0275606
internal_weight=116.359 95.7675 59.6202 55.5996 36.1473 6.41085
internal_count=700 651 448 388 203 31
is_linear=0
shrinkage=0.05


Tree=4
num_leaves=8
num_cat=0
split_feature=4 15 21 24 22 21 6
split_gain=63.9468 75.4506 17.2301 11.6845 4.51784 2.5129 2.09589
threshold=1.0000000180025095e-35 29.500000000000004 0.12494000000000001 0.97668800000000011 0.066214500000000023 0.39068700000000006 8.6832670000000025
decision_type=10 8 10 2 10 10 10
left_child=1 5 3 -3 -4 6 -1
right_child=-2 2 4 -5 -6 -7 -8
leaf_value=-0.081123462696454318 0.077229606010622565 -0.032227017990559208 -0.010210466625588561 0.020652574269487134 0.063203031839990084 -0.0087279052717179825 0
leaf_weight=30.774385049939159 20.347627356648445 16.521756060421467 1.300348818302157 23.220145169645548 16.280414119362831 2.5864711552858344 0.94890390336513419
leaf_count=180 49 185 6 199 44 12 4
internal_value=2.73019e-05 -0.0178153 0.0169991 -0.00109725 0.056087 -0.0749549 -0.0789642
internal_weight=111.98 91.6324 57.3227 39.7419 17.5808 34.3098 31.7233
internal_count=679 630 434 384 50 196 184
is_linear=0
shrinkage=0.05


Tree=5
num_leaves=6
num_cat=0
split_feature=4 21 25 2 16
split_gain=54.38 65.1566 16.0479 14.305 8.56667
threshold=1.0000000180025095e-35 1.0000000180025095e-35 0.64927550000000012 0.47222200000000009 199.98190200000002
decision_type=10 8 2 10 10
left_child=1 -1 4 -4 -3
right_child=-2 2 3 -5 -6
leaf_value=-0.078096733022582798 0.07443994241190513 -0.055376386694803159 0.031129978308599794 -0.057601500466823663 0.035397525018440394
leaf_weight=27.124976858496666 19.246166229248047 10.07203261181712 50.755053922533989 3.4221773743629447 1.8793556690216053
leaf_count=161 47 126 317 20 5
internal_value=0.000928104 -0.0149181 0.0117846 0.0236753 -0.0368881
internal_weight=112.5 93.2536 66.1286 54.1772 11.9514
internal_count=676 629 468 337 131
is_linear=0
shrinkage=0.05


Tree=6
num_leaves=8
num_cat=0
split_feature=4 15 25 16 16 21 15
split_gain=49.9695 78.4554 18.8877 6.2028 5.28008 2.1944 1.35485
threshold=1.0000000180025095e-35 25.500000000000004 0.64927550000000012 0.017071500000000003 199.98190200000002 0.39068700000000006 11.500000000000002
decision_type=10 8 2 8 10 10 10
left_child=1 5 4 -4 -3 -1 -7
right_child=-2 2 3 -5 -6 6 -8
leaf_value=-0.074529739256162172 0.072097798937118901 -0.049519781426487018 0.062981102816832418 0.020773230076228721 0.026315028765384586 -0.033053178670760082 0.013738427357496676
leaf_weight=33.128790512681007 18.938450649380684 8.8940081596374494 13.942951843142508 33.131464969366789 1.4516829401254643 1.3754285722970956 1.2051245868206022
leaf_count=198 47 120 37 265 4 8 4
internal_value=0.00101086 -0.0140946 0.0217241 0.0353483 -0.0347836 -0.0709164 -0.00805722
internal_weight=112.068 93.1295 57.4201 47.0744 10.3457 35.7093 2.58055
internal_count=683 636 426 302 124 210 12
is_linear=0
shrinkage=0.05


Tree=7
num_leaves=7
num_cat=0
split_feature=3 15 22 25 21 16
split_gain=52.7383 68.3095 12.7127 7.43073 4.28999 2.58517
threshold=1.0000000180025095e-35 35.500000000000007 0.07949100000000002 0.64927550000000012 0.075520000000000018 499.49627450000008
decision_type=10 8 10 2 10 10
left_child=1 5 3 -3 -4 -1
right_child=-2 2 4 -5 -6 -7
leaf_value=-0.071462593876208055 0.071874942371901049 -0.035601622973876666 0 0.014035674494982615 0.063056383560211621 -0.0024519325051058235
leaf_weight=33.303164541721344 19.913206994533539 8.4807885624468309 3.8706149607896831 28.856856238096952 14.409624591469763 2.3127833902835837
leaf_count=200 50 114 15 262 38 11
internal_value=0.000956266 -0.0151655 0.0190855 0.0011779 0.051535 -0.067935
internal_weight=111.147 91.2338 55.6179 37.3376 18.2802 35.6159
internal_count=690 640 429 376 53 211
is_linear=0
shrinkage=0.05


Tree=8
num_leaves=8
num_cat=0
split_feature=4 15 25 15 5 21 19
split_gain=42.9251 53.6848 13.1591 10.9851 5.62768 6.22727 0.255978
threshold=1.0000000180025095e-35 25.500000000000004 0.8619190000000001 159.50000000000003 1.5000000000000002 0.08182200000000002 0.0021730000000000005
decision_type=10 8 2 10 10 10 8
left_child=1 4 3 -3 -1 -6 -4
right_child=-2 2 6 -5 5 -7 -8
leaf_value=-0.072165023606229825 0.067966835459582389 -0.010419551790497668 0 0.049849294729499505 -0.050056544024251498 0.029364521543443753 0.057858611116936111
leaf_weight=27.491304233670235 17.860216349363327 36.331131055951118 0.57126505672931394 7.9212090075016013 3.6879441440105429 2.984710305929184 12.648273833096027
leaf_count=172 46 345 2 22 23 10 73
internal_value=4.09713e-06 -0.013855 0.0153422 0.00110283 -0.0622521 -0.0126029 0.0563402
internal_weight=109.496 91.6358 57.4719 44.2523 34.164 6.67265 13.2195
internal_count=693 647 442 367 205 33 75
is_linear=0
shrinkage=0.05


Tree=9
num_leaves=6
num_cat=0
split_feature=4 21 25 2 16
split_gain=44.4011 48.1384 11.9471 12.3401 2.31954
threshold=1.0000000180025095e-35 1.0000000180025095e-35 0.64927550000000012 0.47222200000000009 199.98190200000002
decision_type=10 8 2 10 10
left_child=1 -1 4 -4 -3
right_child=-2 2 3 -5 -6
leaf_value=-0.070325128160724601 0.066629841018525746 -0.046001869320077431 0.025207302234853124 -0.055665173879869273 0.0070452005084996787
leaf_weight=26.354197934269905 18.628777652978897 8.9346147775650007 49.956372935324907 3.6162470132112494 1.1605021804571141
leaf_count=169 49 114 330 22 4
internal_value=-0.00037822 -0.0153825 0.00807166 0.0179269 -0.0376251
internal_weight=108.651 90.0219 63.6677 53.5726 10.0951
internal_count=688 639 470 352 118
is_linear=0
shrinkage=0.05


Tree=10
num_leaves=8
num_cat=0
split_feature=3 15 21 25 16 21 22
split_gain=41.6174 52.2187 14.3356 9.71522 2.61019 1.88182 1.16615
threshold=1.0000000180025095e-35 25.500000000000004 0.12494000000000001 0.7263885000000001 499.49627450000008 0.5418090000000001 0.066214500000000023
decision_type=10 8 10 2 10 10 10
left_child=1 4 3 -3 5 -1 -4
right_child=-2 2 6 -5 -6 -7 -8
leaf_value=-0.0671376404653488 0.068142838408489198 -0.026356689124382039 0 0.021949833174335853 0 0 0.052164159004315716
leaf_weight=29.85618241131306 17.874833345413208 19.437461771070957 1.8715753406286264 19.025393590331078 2.0730177313089362 0.93084004521369834 18.093259200453758
leaf_count=193 47 211 7 166 10 4 52
internal_value=0.00130759 -0.0123999 0.0156655 -0.0019096 -0.0615351 -0.0650523 0.0484564
internal_weight=109.163 91.2877 58.4277 38.4629 32.86 30.787 19.9648
internal_count=690 643 436 377 207 197 59
is_linear=0
shrinkage=0.05


Tree=11
num_leaves=6
num_cat=0
split_feature=4 21 25 16 19
split_gain=34.9389 40.2434 7.84905 8.64799 1.1365
threshold=1.0000000180025095e-35 1.0000000180025095e-35 0.89539750000000018 196.25000000000003 0.0038900000000000007
decision_type=10 8 2 10 8
left_child=1 -1 3 -3 -4
right_child=-2 2 4 -5 -6
leaf_value=-0.06690008341720402 0.063360172536202394 -0.0078626990465680141 0 0.043182372166440976 0.052300795900942311
leaf_weight=22.490476801991463 17.431741759181023 46.96627476811409 0.8870625048875781 8.4935183823108655 8.4714215770363808
leaf_count=151 48 393 4 26 48
internal_value=0.00150708 -0.0114224 0.00852796 0.000447124 0.0474368
internal_weight=104.74 87.3088 64.8183 55.4598 9.35848
internal_count=670 622 471 419 52
is_linear=0
shrinkage=0.05


Tree=12
num_leaves=7
num_cat=0
split_feature=3 21 23 2 25 24
split_gain=30.0199 39.0279 8.56981 7.71371 5.42169 1.42339
threshold=1.0000000180025095e-35 1.0000000180025095e-35 0.16468250000000004 0.47222200000000009 0.69195150000000016 0.99270800000000003
decision_type=10 8 8 10 2 2
left_child=1 5 3 -3 -4 -1
right_child=-2 2 4 -5 -6 -7
leaf_value=-0.06537580582396188 0.062229235305741475 0.041811693609354508 -0.029327846537219412 -0.032296896917510691 0.0082641268764060936 0
leaf_weight=22.592487618327144 15.71855568885803 22.847464844584469 12.845722794532774 2.5822439491748801 26.263029888272285 0.82596565783023734
leaf_count=156 44 73 155 15 226 4
internal_value=0.00159215 -0.00982644 0.0101437 0.0319782 -0.00409498 -0.0631627
internal_weight=103.675 87.9569 64.5385 25.4297 39.1088 23.4185
internal_count=673 629 469 88 381 160
is_linear=0
shrinkage=0.05


Tree=13
num_leaves=7
num_cat=0
split_feature=4 15 25 15 5 16
split_gain=33.2395 40.8684 9.92266 6.54996 0.658516 0.898029
threshold=1.0000000180025095e-35 25.500000000000004 0.58434600000000014 173.50000000000003 1.5000000000000002 0.87500000000000011
decision_type=10 8 2 10 10 10
left_child=1 4 -3 -4 -1 -6
right_child=-2 2 3 -5 5 -7
leaf_value=-0.06503983559477497 0.060854945386703413 -0.052987443071952689 0.0083471417731062324 0.052945347515117758 0 -0.034304659814491489
leaf_weight=23.652324438095096 16.945844620466232 3.7489041797816745 41.768717691302299 9.7543996721506101 1.8176413476467121 3.8812157064676285
leaf_count=166 49 59 345 27 8 24
internal_value=0 -0.0131037 0.0119586 0.0185209 -0.0593962 -0.0238288
internal_weight=101.569 84.6232 55.272 51.5231 29.3512 5.69886
internal_count=678 629 431 372 198 32
is_linear=0
shrinkage=0.05


Tree=14
num_leaves=8
num_cat=0
split_feature=3 15 23 25 2 16 5
split_gain=27.2536 39.4887 12.3657 6.05485 3.86806 2.29301 0.693862
threshold=1.0000000180025095e-35 25.500000000000004 0.16468250000000004 0.58434600000000014 0.28991600000000006 499.49627450000008 4.5000000000000009
decision_type=10 8 8 2 10 10 10
left_child=1 5 4 -4 -3 6 -1
right_child=-2 2 3 -5 -6 -7 -8
leaf_value=-0.064604097462005794 0.060006212656207397 0.05060314739070812 -0.05336948405495371 0.0025277658520357197 -0.00019057937089136552 0 -0.0042108889319705757
leaf_weight=24.445729330182083 14.370075196027754 17.455683261156086 4.0458596646785727 32.935436889529228 3.4526469111442557 2.1135300993919364 1.6218501329421986
leaf_count=175 42 51 65 315 14 11 9
internal_value=-3.6514e-05 -0.0112027 0.0121964 -0.00477985 0.0416485 -0.0582985 -0.062187
internal_weight=100.441 86.0707 57.8896 36.9813 20.9083 28.1811 26.0676
internal_count=682 640 445 380 65 195 184
is_linear=0
shrinkage=0.05


Tree=15
num_leaves=8
num_cat=0
split_feature=4 15 21 15 22 5 21
split_gain=30.2952 33.6754 10.8245 3.96836 3.50385 3.37627 3.18819
threshold=1.0000000180025095e-35 27.500000000000004 0.075520000000000018 72.500000000000014 0.066214500000000023 1.5000000000000002 0.08182200000000002
decision_type=10 8 10 8 10 10 10
left_child=1 5 3 -3 -4 -1 -7
right_child=-2 2 4 -5 -6 6 -8
leaf_value=-0.062914317700227734 0.058915660912929727 -0.052307087434286782 -0.0052114759251891997 0 0.046359953671818471 -0.040145352701874117 0.020572775022220956
leaf_weight=22.960065305233005 17.048597499728203 2.5366626530885688 2.6205485165119198 32.550835058093071 17.688418462872505 2.7444576621055594 2.5306841433048248
leaf_count=170 52 15 11 356 53 19 9
internal_value=0.000800472 -0.0115822 0.0108153 -0.00554149 0.0386584 -0.0546948 -0.0092209
internal_weight=100.68 83.6317 55.3965 35.0875 20.309 28.2352 5.27514
internal_count=685 633 435 371 64 198 28
is_linear=0
shrinkage=0.05


Tree=16
num_leaves=8
num_cat=0
split_feature=4 15 15 24 5 16 5
split_gain=26.0305 32.5341 9.34869 8.73913 4.2529 2.19962 1.64547
threshold=1.0000000180025095e-35 25.500000000000004 131.50000000000003 0.97617350000000014 1.5000000000000002 0.87500000000000011 2.5000000000000004
decision_type=10 8 10 2 10 10 8
left_child=1 4 3 -3 -1 -6 -4
right_child=-2 2 6 -5 5 -7 -8
leaf_value=-0.061660023574110691 0.058764604385053411 -0.026130877435397187 0.053332339027818115 0.017923573236462886 0.016923653770402124 -0.030694954400790966 0
leaf_weight=22.845667555928234 14.748648107051848 17.330110654234886 10.942093357443806 26.484639953821898 2.63829781115055 3.5953509211540222 1.8266089707612998
leaf_count=175 46 188 31 217 10 23 7
internal_value=0.000440513 -0.0101529 0.0116654 0 -0.0519149 -0.00793499 0.0468179
internal_weight=100.411 85.6628 56.5835 43.8148 29.0793 6.23365 12.7687
internal_count=697 651 443 405 208 33 38
is_linear=0
shrinkage=0.05


Tree=17
num_leaves=7
num_cat=0
split_feature=3 15 21 25 22 21
split_gain=24.1665 39.7409 10.6717 4.89284 3.54144 2.36248
threshold=1.0000000180025095e-35 25.500000000000004 0.055594500000000012 0.89539750000000018 0.057241000000000007 0.39068700000000006
decision_type=10 8 10 2 10 10
left_child=1 5 3 -3 -4 -1
right_child=-2 2 4 -5 -6 -7
leaf_value=-0.059622123576542778 0.057746079569714441 -0.0096877262728875813 -0.0033146071506485915 0.035936487589227406 0.050827603063553932 0
leaf_weight=25.14170062541962 15.435695096850393 28.618405364453793 2.3595641553401974 5.783498164266347 18.224741339683533 2.2535149753093711
leaf_count=195 49 309 10 44 54 11
internal_value=0.00313002 -0.00765491 0.016548 -0.000140258 0.0436857 -0.0554361
internal_weight=97.8171 82.3814 54.9862 34.4019 20.5843 27.3952
internal_count=672 623 417 353 64 206
is_linear=0
shrinkage=0.05


Tree=18
num_leaves=8
num_cat=0
split_feature=4 15 15 24 16 16 17
split_gain=23.0946 30.8327 10.4392 8.30278 2.09722 0.994535 0.145155
threshold=1.0000000180025095e-35 25.500000000000004 159.50000000000003 0.97510600000000014 0.0029735000000000004 1.0000000180025095e-35 14.250000000000002
decision_type=10 8 10 2 8 10 8
left_child=1 4 3 -3 5 -1 -4
right_child=-2 2 6 -5 -6 -7 -8
leaf_value=-0.025249967820949865 0.055013622116763 -0.029639673395229493 0.056088988294322878 0.014381542404017783 -0.060453991907359762 0.014606797926874877 0.0079189201539586525
leaf_weight=1.5120405256748228 14.397054664790629 15.11488191410899 8.6077315807342494 28.432800769805908 22.122653268277645 1.2740478068590162 2.0305762439966211
leaf_count=12 48 174 24 227 177 5 7
internal_value=0 -0.0109276 0.0100189 -0.000820904 -0.0554217 -0.00245771 0.051069
internal_weight=93.4918 79.0947 54.186 43.5477 24.9087 2.78609 10.6383
internal_count=674 626 432 401 194 17 31
is_linear=0
shrinkage=0.05


Tree=19
num_leaves=6
num_cat=0
split_feature=4 15 25 15 5
split_gain=21.278 25.1459 8.11081 5.67383 2.09746
threshold=1.0000000180025095e-35 11.500000000000002 0.58434600000000014 159.50000000000003 2.5000000000000004
decision_type=10 8 2 10 10
left_child=1 4 -3 -4 -1
right_child=-2 2 3 -5 -6
leaf_value=-0.058538104827966689 0.054075823957668724 -0.050186640985276969 0.0045451024367159053 0.044478503398317014 0
leaf_weight=19.241031050682071 14.460157960653303 3.8781848289072505 44.215884555131197 10.449592337012289 2.2319930270314208
leaf_count=161 50 63 364 32 12
internal_value=0.00106972 -0.00902134 0.00781715 0.0136077 -0.0535306
internal_weight=94.4768 80.0167 58.5437 54.6655 21.473
internal_count=682 632 459 396 173
is_linear=0
shrinkage=0.05


Tree=20
num_leaves=11
num_cat=0
split_feature=25 21 3 16 21 3 2 22 25 7
split_gain=20.1295 9.74757 14.8497 7.01823 2.64213 2.59288 2.26182 3.19576 1.6199 0.580295
threshold=0.65427900000000017 0.096503000000000019 1.5000000000000002 0.0099085000000000024 0.015404500000000002 1.5000000000000002 0.51315800000000011 0.018327000000000006 0.63531350000000009 8.6832670000000025
decision_type=2 10 8 10 10 10 10 10 2 10
left_child=4 2 3 -2 9 -4 7 -3 -6 -1
right_child=1 6 5 -5 8 -7 -8 -9 -10 -11
leaf_value=-0.047575856062814004 0.0089662518444668087 -0.018062543368538655 0.010876185183461945 -0.054046118761021666 0.015342626419480247 0.048076093934617661 -0.0015689316239212569 0.047984984950246848 -0.031821178464778714 0
leaf_weight=18.077864360064275 5.0912568420171764 0.66524225473404541 21.751082081347707 11.989870548248289 3.2541559338569632 6.4903214871883383 1.8169084489345539 20.80961711704731 1.3942184746265409 0.50132054090499778
leaf_count=208 21 4 229 93 13 23 9 68 9 3
internal_value=0.000229182 0.0141663 0 -0.0347114 -0.0382921 0.0222594 0.0393765 0.0438051 0 -0.0462028
internal_weight=91.8419 68.6143 45.3225 17.0811 23.2276 28.2414 23.2918 21.4749 4.64837 18.5792
internal_count=680 447 366 114 233 252 81 72 22 211
is_linear=0
shrinkage=0.05


Tree=21
num_leaves=8
num_cat=0
split_feature=4 15 2 24 23 5 18
split_gain=18.1707 26.0008 9.10118 4.68663 3.98609 1.50636 0.951107
threshold=1.0000000180025095e-35 11.500000000000002 0.24264700000000003 0.97668800000000011 0.25357150000000006 2.5000000000000004 255.00000000000003
decision_type=10 8 8 2 10 10 10
left_child=1 5 4 -4 -3 -1 -7
right_child=-2 2 3 -5 -6 6 -8
leaf_value=-0.057015845304976623 0.052911646247785882 0.043975466495459567 -0.024827032710033864 0.0097008123606630303 -0.00067582423247355364 -0.025054697917228055 0.015025083590110556
leaf_weight=18.405333288013939 14.043895997107027 18.588625013828281 15.366689462214707 21.078543446958065 5.1540934443473807 1.3807942718267434 1.0964200645685194
leaf_count=164 51 59 187 200 24 10 4
internal_value=0.0031937 -0.00592095 0.0106048 -0.00460452 0.033828 -0.0521873 -0.0020532
internal_weight=95.1144 81.0705 60.188 36.4452 23.7427 20.8825 2.47721
internal_count=699 648 470 387 83 178 14
is_linear=0
shrinkage=0.05


Tree=22
num_leaves=9
num_cat=0
split_feature=3 15 2 24 23 21 15 24
split_gain=18.0493 23.1943 7.07126 5.66074 4.7638 3.85017 1.3344 0.934668
threshold=1.0000000180025095e-35 35.500000000000007 0.21363650000000003 0.97334950000000009 0.25357150000000006 0.20054150000000004 11.500000000000002 0.99270800000000003
decision_type=10 8 8 2 10 10 10 2
left_child=1 5 4 -4 -3 7 -7 -1
right_child=-2 2 3 -5 -6 6 -8 -9
leaf_value=-0.055502502392153631 0.052919142261512765 0.04588161262130494 -0.033232772506283821 0.010231256389298407 -0.0083652764752640812 -0.02515686675538949 0.019706545813812357 0
leaf_weight=21.3198074027896 12.388001233339308 14.976594477891924 9.5737220793962496 20.807216808199883 3.8592293709516516 1.405701041221618 2.3549838215112686 0.72535042464733024
leaf_count=187 45 47 129 211 17 10 8 4
internal_value=0.000216029 -0.00902653 0.0107728 -0.00360026 0.0337405 -0.0462207 0 -0.0537251
internal_weight=87.4106 75.0226 49.2168 30.3809 18.8358 25.8058 3.76068 22.0452
internal_count=658 613 404 340 64 209 18 191
is_linear=0
shrinkage=0.05


Tree=23
num_leaves=7
num_cat=0
split_feature=4 15 25 15 21 24
split_gain=18.6763 24.038 7.074 7.0373 1.69824 0.976551
threshold=1.0000000180025095e-35 25.500000000000004 0.89539750000000018 120.50000000000001 0.5418090000000001 0.97773350000000014
decision_type=10 8 2 10 10 2
left_child=1 4 3 -3 -1 -4
right_child=-2 2 5 -5 -6 -7
leaf_value=-0.057712404442563259 0.050257861545766502 -0.01458724062010807 0 0.032039113323405338 0 0.046137669076445773
leaf_weight=21.668195389211181 11.895002342760561 33.546758640557528 0.79785192012786765 8.8944243341684324 0.86854088306426902 8.3244374170899373
leaf_count=199 46 337 8 30 4 48
internal_value=-0.00383991 -0.0136796 0.00498933 -0.00348665 -0.0550794 0.0417009
internal_weight=85.9952 74.1002 51.5635 42.4412 22.5367 9.12229
internal_count=672 626 423 367 203 56
is_linear=0
shrinkage=0.05


Tree=24
num_leaves=5
num_cat=0
split_feature=4 21 2 25
split_gain=18.3535 20.5458 6.87847 5.71192
threshold=1.0000000180025095e-35 1.0000000180025095e-35 0.47222200000000009 0.71720200000000012
decision_type=10 8 10 2
left_child=1 -1 3 -3
right_child=-2 2 -4 -5
leaf_value=-0.055198178161827718 0.052945073510606601 -0.0083875485991734607 -0.049971385134132275 0.022802478517865418
leaf_weight=16.853250868618488 12.726505264639853 22.510519452393055 3.6327619701623908 33.959364634007215
leaf_count=167 50 216 26 235
internal_value=0.000447873 -0.00876142 0.00488097 0.0100427
internal_weight=89.6824 76.9559 60.1026 56.4699
internal_count=694 644 477 451
is_linear=0
shrinkage=0.05


Tree=25
num_leaves=8
num_cat=0
split_feature=3 15 23 20 16 2 22
split_gain=16.3687 20.9675 8.07101 6.5294 2.14163 2.04054 1.06746
threshold=1.0000000180025095e-35 25.500000000000004 0.14831700000000003 0.035396500000000004 499.49627450000008 0.28991600000000006 0.60882350000000007
decision_type=10 8 8 8 10 10 10
left_child=1 4 5 -4 6 -3 -1
right_child=-2 2 3 -5 -6 -7 -8
leaf_value=-0.052957008550008879 0.051040529104172408 0.042948847984583594 -0.054946981381701933 0.0040779764439475008 0 0 0
leaf_weight=19.998722068965442 12.456244856119154 14.529535666108133 3.8969424217939368 31.318100105971098 1.622956596314906 2.3230269104242316 1.2660374417901028
leaf_count=192 50 48 22 345 10 10 9
internal_value=0.00101986 -0.007804 0.0094718 -0.00375089 -0.0462954 0.0365124 -0.0503115
internal_weight=87.4116 74.9553 52.0676 35.215 22.8877 16.8526 21.2648
internal_count=686 636 425 367 211 58 201
is_linear=0
shrinkage=0.05


Tree=26
num_leaves=8
num_cat=0
split_feature=3 15 21 21 16 22 5
split_gain=13.8238 17.3494 7.24465 3.09146 2.17352 0.999977 0.593286
threshold=1.0000000180025095e-35 25.500000000000004 0.12494000000000001 0.39068700000000006 0.0062665000000000004 0.08486500000000001 4.5000000000000009
decision_type=10 8 10 10 10 10 10
left_child=1 3 4 6 -3 -4 -1
right_child=-2 2 5 -5 -6 -7 -8
leaf_value=-0.054253327638590344 0.049360776505508241 0.00054764735701033466 0 0.0054639918540729127 -0.030284780428386279 0.039245635230976877 -0.0014103253503479239
leaf_weight=16.811750113964088 10.926856987178324 32.51837919279933 1.3626341670751561 1.5415762960910786 5.091892182826995 13.346958473324774 1.6483126878738392
leaf_count=174 45 362 6 7 26 45 11
internal_value=0.000303118 -0.00762258 0.00731298 -0.0456381 -0.00398882 0.0354474 -0.051248
internal_weight=83.2484 72.3215 52.3199 20.0016 37.6103 14.7096 18.4601
internal_count=676 631 439 192 388 51 185
is_linear=0
shrinkage=0.05


Tree=27
num_leaves=6
num_cat=0
split_feature=3 15 15 25 16
split_gain=12.0923 19.1058 6.69327 5.53901 2.57942
threshold=1.0000000180025095e-35 25.500000000000004 159.50000000000003 0.82311050000000019 499.49627450000008
decision_type=10 8 10 2 10
left_child=1 4 3 -3 -1
right_child=-2 2 -4 -5 -6
leaf_value=-0.051269002679708797 0.048300359382971052 -0.010579269032991272 0.04374356947875694 0.028936724464376725 0.0022937963196484499
leaf_weight=18.855768993496898 9.9395092129707319 31.873731791973114 9.4601698964834195 10.576776944100855 1.3998100534081448
leaf_count=195 42 310 32 83 8
internal_value=0.000196083 -0.00693857 0.00890889 0 -0.0465154
internal_weight=82.1058 72.1663 51.9107 42.4505 20.2556
internal_count=670 628 425 393 203
is_linear=0
shrinkage=0.05


Tree=28
num_leaves=7
num_cat=0
split_feature=3 15 23 24 2 21
split_gain=12.4368 19.0333 6.01126 4.01243 2.59173 2.3179
threshold=1.0000000180025095e-35 25.500000000000004 0.11915750000000001 0.98138400000000015 0.21363650000000003 0.39068700000000006
decision_type=10 8 8 2 8 10
left_child=1 5 4 -4 -3 -1
right_child=-2 2 3 -5 -6 -7
leaf_value=-0.053798840490014911 0.047728556391820186 0.041951625742240317 -0.016129629738112421 0.0151093733024119 -0.0038033338581025659 0
leaf_weight=17.352310009300712 10.238509275019167 12.347941815853115 22.607259590178728 16.03415210545063 2.4525792151689538 2.1052789017558089
leaf_count=190 45 41 243 138 11 11
internal_value=0 -0.00764775 0.00758982 -0.00246407 0.0331836 -0.0482397
internal_weight=83.138 72.8995 53.4419 38.6414 14.8005 19.4576
internal_count=679 634 433 381 52 201
is_linear=0
shrinkage=0.05


Tree=29
num_leaves=8
num_cat=0
split_feature=4 21 19 5 2 16 22
split_gain=12.7079 17.5752 3.1415 2.6703 2.4951 2.03558 0.960724
threshold=1.0000000180025095e-35 0.075520000000000018 0.017555500000000005 1.0000000180025095e-35 0.28991600000000006 0.0019945000000000002 0.11887500000000002
decision_type=10 8 10 10 10 10 10
left_child=1 5 4 -4 -3 6 -1
right_child=-2 2 3 -5 -6 -7 -8
leaf_value=-0.02377451809304713 0.046747813816706042 0.0034921482505214565 -0.0046249175637760225 0.041029653455199121 -0.038322607261164508 -0.053569900931983716 0.016242239721587295
leaf_weight=1.3745189905166655 10.428331129252909 35.51437109708786 2.9790262430906287 8.4212456494569761 2.4399860575795165 16.793032974004745 1.445491202175617
leaf_count=14 48 368 15 29 16 175 6
internal_value=-0.000657785 -0.00902308 0.00667824 0.028011 0 -0.0473856 0
internal_weight=79.396 68.9677 49.3546 11.4003 37.9544 19.613 2.82001
internal_count=671 623 428 44 384 195 20
is_linear=0
shrinkage=0.05


Tree=30
num_leaves=8
num_cat=0
split_feature=4 15 15 25 16 24 2
split_gain=13.3764 14.6662 6.56648 6.10705 4.46782 1.38418 1.19603
threshold=1.0000000180025095e-35 25.500000000000004 173.50000000000003 0.85011800000000004 0.0051020000000000015 0.98241700000000021 0.11805550000000002
decision_type=10 8 10 2 8 2 8
left_child=1 4 3 -3 5 -1 -4
right_child=-2 2 6 -5 -6 -7 -8
leaf_value=-0.020243817926746677 0.049427705598380979 -0.012589789233846861 0.0510953153299675 0.03026347393889647 -0.052927681456497282 0.024895647321513441 0
leaf_weight=1.414195530116561 10.610558792948721 32.294597022235394 6.7763112485408756 9.4426899477839452 16.131033696234226 2.1740468814969063 2.2066375166177759
leaf_count=16 50 325 22 75 187 8 9
internal_value=0.000549605 -0.00734266 0.00665392 -0.00160285 -0.0424471 0.00146875 0.042142
internal_weight=81.0501 70.4395 50.7202 41.7373 19.7193 3.58824 8.98295
internal_count=692 642 431 400 211 24 31
is_linear=0
shrinkage=0.05


Tree=31
num_leaves=8
num_cat=0
split_feature=25 3 15 16 23 18 24
split_gain=12.2145 7.42407 13.2887 8.06919 2.70302 1.03463 0.371854
threshold=0.59491450000000012 1.0000000180025095e-35 77.500000000000014 0.0051020000000000015 0.0095900000000000013 2807.0000000000005 0.98555950000000014
decision_type=2 10 8 8 10 10 2
left_child=5 2 3 -2 -4 6 -1
right_child=1 -3 4 -5 -6 -7 -8
leaf_value=-0.05239600056039654 0.017389070670279165 0.047405685682351838 0.0093057922303384048 -0.043958606997545453 0.038490956936198736 0 0
leaf_weight=7.9626418016850913 6.0764136090874699 10.521891452372072 26.232805509120226 15.937004946172236 13.785875052213667 0.47354194521904069 0.44154714047908772
leaf_count=121 28 50 284 148 49 2 5
internal_value=0.00390419 0.0112295 0.00372542 -0.0259324 0.0209892 -0.0465235 -0.05029
internal_weight=81.4317 72.554 62.0321 22.0134 40.0187 8.87773 8.40419
internal_count=687 559 509 176 333 128 126
is_linear=0
shrinkage=0.05


Tree=32
num_leaves=6
num_cat=0
split_feature=4 15 22 16 16
split_gain=9.07056 14.8516 5.38955 5.49138 4.11144
threshold=1.0000000180025095e-35 7.5000000000000009 0.08486500000000001 135.26000000000002 2.7500000000000004
decision_type=10 8 10 8 10
left_child=1 -1 3 -3 -4
right_child=-2 2 4 -5 -6
leaf_value=-0.050789553799459014 0.0439304366096979 -0.048281822448043188 0.040429312763431785 0.0019040138455993967 -0.0024975640173636217
leaf_weight=13.25434900075197 8.9582811295986158 4.8838134482502928 13.176867432892324 31.65868404135108 7.0603835731744757
leaf_count=167 46 31 46 362 40
internal_value=0.00014881 -0.0059057 0.00518032 -0.00578531 0.025164
internal_weight=78.9924 70.0341 56.7797 36.5425 20.2373
internal_count=692 646 479 393 86
is_linear=0
shrinkage=0.05


Tree=33
num_leaves=11
num_cat=0
split_feature=24 15 25 18 4 15 19 25 19 16
split_gain=9.97642 6.64618 4.29716 3.97598 3.75967 3.54372 2.79162 2.31616 2.29286 0.125147
threshold=0.97617350000000014 136.50000000000003 0.89539750000000018 386.25000000000006 1.0000000180025095e-35 7.5000000000000009 0.079228000000000007 0.66136300000000015 0.094796000000000005 2.0250000000000004
decision_type=2 10 2 10 8 10 10 2 8 10
left_child=1 4 3 5 8 -2 -5 -6 -1 -4
right_child=2 -3 9 6 7 -7 -8 -9 -10 -11
leaf_value=-0.054146584859385553 0 0.030699830322049607 0.046517403375290825 -0.044912354673849221 -0.031709592156220663 0.034359170048030983 0.017658589941745798 0.0065797273162449404 0 0.0006257175230616988
leaf_weight=11.080769747495655 19.80661292001605 4.0501611977815619 9.3664593026041967 3.9823951199650756 4.4084002561867228 12.195472419261931 0.98923547565937031 8.8700404800474626 1.5643775612115867 1.3437588661909092
leaf_count=120 209 16 56 31 76 49 3 93 13 11
internal_value=0.00299744 -0.0186681 0.0172785 0.00760432 -0.02855 0.0147703 -0.027392 -0.0063688 -0.0469294 0.0435913
internal_weight=77.6577 29.9737 47.6839 36.9737 25.9236 32.0021 4.97163 13.2784 12.6451 10.7102
internal_count=677 318 359 292 302 258 34 169 133 67
is_linear=0
shrinkage=0.05


Tree=34
num_leaves=6
num_cat=0
split_feature=3 15 25 16 24
split_gain=10.1933 11.2683 5.44001 6.04296 2.65047
threshold=1.0000000180025095e-35 7.5000000000000009 0.86402100000000004 155.00000000000003 0.97689100000000006
decision_type=10 8 2 10 2
left_child=1 -1 3 -3 -4
right_child=-2 2 4 -5 -6
leaf_value=-0.049455382923773106 0.044606809041879511 -0.014926626648674286 -0.018380507082774271 0.032516728946063327 0.036949406302221897
leaf_weight=11.834547176957129 9.0576358065009099 37.805670969188213 1.0080489180982102 6.4194529205560675 11.277208112180231
leaf_count=159 47 366 13 26 75
internal_value=-0.000845321 -0.00805557 0.00123813 -0.0066525 0.0290898
internal_weight=77.4026 68.3449 56.5104 44.2251 12.2853
internal_count=686 639 480 392 88
is_linear=0
shrinkage=0.05


Tree=35
num_leaves=6
num_cat=0
split_feature=3 21 18 25 2
split_gain=10.8082 11.0562 4.99183 4.50533 4.08969
threshold=1.0000000180025095e-35 1.0000000180025095e-35 328.00000000000006 0.89108700000000007 0.44097200000000009
decision_type=10 8 8 2 8
left_child=1 -1 4 -4 -3
right_child=-2 2 3 -5 -6
leaf_value=-0.049352889675174927 0.044964598524378369 0.030179222073322631 -0.017921680707379078 0.025244140556427094 -0.027744019954085066
leaf_weight=12.0258377417922 9.2816530242562276 16.669632367789749 30.180896375328302 5.6886426135897628 1.995486557483672
leaf_count=171 49 68 338 46 15
internal_value=-0.00119836 -0.00885207 0.000714963 -0.0096684 0.0211438
internal_weight=75.8421 66.5605 54.5347 35.8695 18.6651
internal_count=687 638 467 384 83
is_linear=0
shrinkage=0.05


Tree=36
num_leaves=6
num_cat=0
split_feature=25 3 21 15 24
split_gain=9.12038 6.62184 10.033 5.62907 2.91592
threshold=0.58434600000000014 1.0000000180025095e-35 0.075520000000000018 136.50000000000003 0.97270850000000009
decision_type=2 10 8 8 2
left_child=-1 2 3 -2 -4
right_child=1 -3 4 -5 -6
leaf_value=-0.047719335263760557 -0.046877367198744122 0.044576362309358727 -0.0063780827894518791 0.020932315204814211 0.020239309701638123
leaf_weight=6.5681412182748309 11.844762500375506 9.2056744918227178 11.756333731114863 2.4491639882326135 35.050168670713902
leaf_count=113 135 50 112 8 268
internal_value=0.00229044 0.00820986 0.00139453 -0.0327912 0.0130459
internal_weight=76.8742 70.3061 61.1004 14.2939 46.8065
internal_count=686 573 523 143 380
is_linear=0
shrinkage=0.05


Tree=37
num_leaves=6
num_cat=0
split_feature=25 4 15 22 25
split_gain=7.52663 5.72635 7.58299 4.29527 1.02607
threshold=0.58434600000000014 1.0000000180025095e-35 7.5000000000000009 0.08486500000000001 0.96336200000000016
decision_type=2 10 8 8 2
left_child=-1 2 4 -4 -2
right_child=1 -3 3 -5 -6
leaf_value=-0.046555442858991491 -0.0453961860832321 0.041857073758072585 -0.025328688494291204 0.013142531603853612 0
leaf_weight=6.1209613420069209 7.5495162047445765 7.9875648245215407 6.7778332307934752 46.557912293821573 0.40756675228476513
leaf_count=110 107 46 38 389 2
internal_value=0.000315315 0.00570844 0 0.00723864 -0.0412402
internal_weight=75.4014 69.2804 61.2928 53.3357 7.95708
internal_count=692 582 536 427 109
is_linear=0
shrinkage=0.05


Tree=38
num_leaves=11
num_cat=0
split_feature=24 16 21 3 16 5 21 9 3 24
split_gain=6.99763 3.65775 3.10158 4.65141 3.07081 2.73744 2.3185 1.42086 1.06949 0.921662
threshold=0.97292950000000011 143.21138000000005 0.075520000000000018 1.5000000000000002 199.98190200000002 1.0000000180025095e-35 0.057738000000000005 1.0000000180025095e-35 1.0000000180025095e-35 0.98241700000000021
decision_type=2 10 10 8 10 10 10 8 10 2
left_child=1 8 3 4 -2 -4 -3 -7 -1 -5
right_child=2 6 5 9 -6 7 -8 -9 -10 -11
leaf_value=-0.035326638383761148 -0.034904430624132461 -0.018125687761866922 0 0 0.013001104654088111 0.044423779726966206 0.033516308269269199 0 0.002598082609497811 0.022985117860999549
leaf_weight=14.767427522689104 8.6641385667026025 2.0783362016081801 4.9466343820095089 8.9070946015417594 3.1099407374858847 12.095158949494358 3.229782372713089 1.3497028201818473 0.53208267688751298 15.124049309641121
leaf_count=207 97 25 27 106 17 47 13 8 3 142
internal_value=0.00305199 -0.0203879 0.0127226 0.00299856 -0.0203283 0.0287433 0.0100858 0.0394659 -0.0324054 0.0159296
internal_weight=74.8043 20.6076 54.1967 35.8052 11.7741 18.3915 5.30812 13.4449 15.2995 24.0311
internal_count=692 248 444 362 114 82 38 55 210 248
is_linear=0
shrinkage=0.05


Tree=39
num_leaves=7
num_cat=0
split_feature=3 15 16 22 16 16
split_gain=8.82594 10.611 3.38048 3.18059 1.97216 2.49684
threshold=1.0000000180025095e-35 33.500000000000007 155.00000000000003 0.073504500000000014 499.49627450000008 0.0029735000000000004
decision_type=10 8 10 8 10 8
left_child=1 4 3 -3 5 -1
right_child=-2 2 -4 -5 -6 -7
leaf_value=0 0.046553080047623291 -0.037315825418327557 0.039814977145681198 0.0067224298707412927 0.0039171752901842431 -0.050744022212704215
leaf_weight=3.1047444418072709 8.4983204007148725 2.9926152378320685 5.7142792120575896 39.470705397427082 1.3558615818619717 12.2558996938169
leaf_count=24 49 16 21 382 10 176
internal_value=0.00260701 -0.0036932 0.00795154 0.00188287 -0.0365175 -0.0416003
internal_weight=73.3924 64.8941 48.1776 42.4633 16.7165 15.3606
internal_count=678 629 419 398 210 200
is_linear=0
shrinkage=0.05


Tree=40
num_leaves=8
num_cat=0
split_feature=3 15 21 24 2 24 18
split_gain=8.37565 8.20616 8.14328 4.71619 2.18769 1.33229 1.07005
threshold=1.0000000180025095e-35 83.500000000000014 0.055594500000000012 0.97334950000000009 0.21363650000000003 0.99314050000000009 1717.0000000000002
decision_type=10 10 8 2 8 2 10
left_child=1 2 5 -4 6 -1 -3
right_child=-2 4 3 -5 -6 -7 -8
leaf_value=-0.052121660799182484 0.042428360875736919 0.044155068874467879 -0.029305744914397247 0.0067857648516826035 -0.010899767293526881 0 0
leaf_weight=12.091786574572321 8.2825309261679632 7.6718399673700297 11.248192362487314 28.223659485578537 1.4815901070833213 0.41722899302840311 2.6289843171834946
leaf_count=182 50 28 150 260 7 2 12
internal_value=-0.000363473 -0.00715239 -0.0160414 -0.00358533 0.0275644 -0.0489694 0.0358975
internal_weight=72.0458 63.7633 51.9809 39.4719 11.7824 12.509 10.3008
internal_count=691 641 594 410 47 184 40
is_linear=0
shrinkage=0.05


Tree=41
num_leaves=6
num_cat=0
split_feature=25 3 15 24 4
split_gain=6.89797 4.72465 6.51977 2.9409 1.45276
threshold=0.58434600000000014 1.5000000000000002 7.5000000000000009 0.97689100000000006 1.0000000180025095e-35
decision_type=2 10 8 2 10
left_child=-1 2 4 -4 -2
right_child=1 -3 3 -5 -6
leaf_value=-0.044939228659991372 -0.043996367105422346 0.042631152477284877 -0.0055334481936134992 0.017309824039954555 0.0042931446675556284
leaf_weight=5.8450414091348639 7.1151535138487807 6.3249135166406623 21.3475741147995 31.582282058894634 0.506078541278839
leaf_count=115 115 40 193 235 2
internal_value=0.000731654 0.00598726 0.000818673 0.00773882 -0.0378702
internal_weight=72.721 66.876 60.5511 52.9299 7.62123
internal_count=700 585 545 428 117
is_linear=0
shrinkage=0.05


Tree=42
num_leaves=7
num_cat=0
split_feature=4 21 2 22 23 19
split_gain=6.72486 7.81747 3.63021 2.97001 1.8422 0.0943298
threshold=1.0000000180025095e-35 1.0000000180025095e-35 0.24264700000000003 0.11309000000000001 0.16468250000000004 0.016006000000000003
decision_type=10 8 8 10 10 10
left_child=1 -1 4 -4 -3 -2
right_child=5 2 3 -5 -6 -7
leaf_value=-0.04508121844719739 0.043387754608095387 0.028873579020391001 -0.00050856341981855683 -0.046964741950448079 -0.00091890208835206902 0
leaf_weight=8.5531171746551973 6.9186147749423972 13.528215639293196 30.998177956789732 2.5596951693296424 5.4105214476585379 0.9462500363588332
leaf_count=154 45 54 361 21 28 7
internal_value=0.0010586 -0.00452166 0.00269236 -0.00662305 0.0196963 0.0408302
internal_weight=68.9146 61.0497 52.4966 33.5579 18.9387 7.86486
internal_count=670 618 464 382 82 52
is_linear=0
shrinkage=0.05


Tree=43
num_leaves=10
num_cat=0
split_feature=15 24 19 4 5 20 16 15 2
split_gain=7.56195 6.3829 3.55019 3.4594 1.82132 2.93454 1.99411 1.58945 0.958118
threshold=159.50000000000003 0.98241700000000021 0.083821500000000007 1.0000000180025095e-35 1.5000000000000002 0.0086760000000000014 25.002500000000001 29.500000000000004 0.21363650000000003
decision_type=10 2 8 8 10 10 10 10 8
left_child=1 2 3 -1 5 -3 -6 -4 -2
right_child=8 4 7 -5 6 -7 -8 -9 -10
leaf_value=-0.046428466794323428 0.044862223927960465 0.011789918775174719 -0.010463297960846343 0.01578315473524506 0.0425317704428822 -0.034225733136618447 -0.0073666864510061924 0.027767625071304904 0
leaf_weight=13.269257549196478 7.6553801149129841 14.599965579807764 17.576764810830358 1.2213043272495276 5.5816705152392379 2.8631974086165419 1.1732917837798593 1.4779374599456776 1.4809771999716765
leaf_count=164 33 144 243 8 23 30 11 4 7
internal_value=0 -0.0069637 -0.0209637 -0.038633 0.0115477 0.000816512 0.0310725 -0.00447176 0.0388225
internal_weight=66.8997 57.7634 33.5453 14.4906 24.2181 17.4632 6.75496 19.0547 9.13636
internal_count=667 627 419 172 208 174 34 247 40
is_linear=0
shrinkage=0.05


Tree=44
num_leaves=6
num_cat=0
split_feature=25 3 15 22 4
split_gain=6.57305 4.11245 6.31817 3.49822 1.0312
threshold=0.58434600000000014 1.0000000180025095e-35 7.5000000000000009 0.08486500000000001 1.0000000180025095e-35
decision_type=2 10 8 8 10
left_child=-1 2 4 -4 -2
right_child=1 -3 3 -5 -6
leaf_value=-0.044121046288948883 -0.043095532272163659 0.039297407421019961 -0.022001764485752286 0.01355052646805702 0
leaf_weight=5.588557392358779 6.6075047925114623 6.8768089041113845 6.3208166286349288 44.022430725395679 0.35108390450477589
leaf_count=117 114 46 38 366 1
internal_value=0.00121115 0.00645674 0.00118845 0.00809712 -0.0384104
internal_weight=69.7672 64.1786 57.3018 50.3432 6.95859
internal_count=682 565 519 404 115
is_linear=0
shrinkage=0.05


Tree=45
num_leaves=8
num_cat=0
split_feature=15 4 16 25 16 2 18
split_gain=6.20658 5.27271 7.3056 5.20732 4.10695 1.17025 0.0483525
threshold=173.50000000000003 1.0000000180025095e-35 0.011386500000000003 0.65427900000000017 196.25000000000003 0.15192300000000003 437.50000000000006
decision_type=10 10 10 2 10 10 10
left_child=1 2 3 -1 -4 -2 -3
right_child=5 6 4 -5 -6 -7 -8
leaf_value=-0.030430461028409291 0.045946158972508519 0.038070314660592325 -0.051837662035232629 0.011596959930653662 0 0 0
leaf_weight=8.1105003543198091 6.3513901755213729 4.4473268017172805 11.538947079330685 29.45400395989418 5.1204273030161849 1.4960261136293409 0.9107433259487151
leaf_count=132 28 30 164 270 45 7 7
internal_value=0 -0.0055292 -0.010842 0.00106287 -0.0369329 0.0382125 0.035203
internal_weight=67.4294 59.5819 54.2239 37.5645 16.6594 7.84742 5.35807
internal_count=683 648 611 402 209 35 37
is_linear=0
shrinkage=0.05


Tree=46
num_leaves=7
num_cat=0
split_feature=25 4 21 7 16 19
split_gain=5.42081 4.20286 6.55815 1.65481 1.19269 0.136886
threshold=0.58434600000000014 1.0000000180025095e-35 0.10104550000000002 1.0000000180025095e-35 0.0051020000000000015 0.015198500000000002
decision_type=2 10 8 10 8 10
left_child=-1 2 4 -4 -2 -3
right_child=1 5 3 -5 -6 -7
leaf_value=-0.042997454348296382 0 0.040844131688829777 0.012086707200265478 -0.028333520443228268 -0.036419783903871628 0
leaf_weight=5.2022868767380706 3.463769514113662 5.6974352523684493 39.35964647680521 0.96202585101127525 10.239853661507368 0.87784048914909352
leaf_count=115 21 40 350 8 139 7
internal_value=0 0.00432374 -0.000241479 0.00954292 -0.0287766 0.0380068
internal_weight=65.8029 60.6006 54.0253 40.3217 13.7036 6.57528
internal_count=680 565 518 358 160 47
is_linear=0
shrinkage=0.05


Tree=47
num_leaves=6
num_cat=0
split_feature=3 21 16 16 5
split_gain=5.33611 5.98101 2.69938 5.22276 0.796949
threshold=1.0000000180025095e-35 1.0000000180025095e-35 196.25000000000003 2.7500000000000004 1.0000000180025095e-35
decision_type=10 8 10 10 10
left_child=1 -1 3 -3 -4
right_child=-2 2 4 -5 -6
leaf_value=-0.042997498587602989 0.038329248072776781 0.0024583634523314742 0.037928217260726198 -0.048921549287378407 0
leaf_weight=7.381693508476018 6.5442414283752433 41.562424063682556 4.3282179385423651 4.0185711756348601 1.5946037471294401
leaf_count=156 47 405 18 37 10
internal_value=0 -0.00502083 0.00101324 -0.00295478 0.0293445
internal_weight=65.4298 58.8855 51.5038 45.581 5.92282
internal_count=673 626 470 442 28
is_linear=0
shrinkage=0.05


Tree=48
num_leaves=8
num_cat=0
split_feature=4 15 15 18 5 18 15
split_gain=6.257 7.49571 3.34202 3.00542 0.944064 0.8434 0.0360173
threshold=1.0000000180025095e-35 25.500000000000004 233.50000000000003 328.00000000000006 4.5000000000000009 2048.0000000000005 584.50000000000011
decision_type=10 8 10 10 10 10 10
left_child=1 4 3 -3 5 -1 -4
right_child=-2 2 6 -5 -6 -7 -8
leaf_value=-0.04671427526863154 0.041619983109308305 0.0030701302166198201 0.039888271727066806 -0.032729534859001909 0 0 0
leaf_weight=9.9662364274263329 6.2770907059311858 36.03154006972909 3.9310457408428183 5.3355769962072364 1.1158230490982539 0.37537725269794542 1.2965215891599653
leaf_count=190 47 372 16 30 9 3 6
internal_value=-0.000167472 -0.0060402 0.00273112 -0.00194785 -0.0398273 -0.0439885 0.035652
internal_weight=64.3292 58.0521 46.5947 41.3671 11.4574 10.3416 5.22757
internal_count=673 626 424 402 202 193 22
is_linear=0
shrinkage=0.05


Tree=49
num_leaves=7
num_cat=0
split_feature=3 15 23 2 16 4
split_gain=5.50585 6.14011 4.25199 2.77508 2.07111 0.999503
threshold=1.0000000180025095e-35 7.5000000000000009 0.16468250000000004 0.44097200000000009 0.0029735000000000004 1.0000000180025095e-35
decision_type=10 8 8 10 10 10
left_child=1 5 3 -3 -4 -1
right_child=-2 2 4 -5 -6 -7
leaf_value=-0.043427426766503498 0.042148942038901044 0.031917254223221773 0 -0.018707329693574467 -0.029818448848175395 0
leaf_weight=7.5788317695260039 6.4037457332015029 14.692052584141495 28.204935349524021 1.5651631280779827 5.4229223020374766 0.33908197283744801
leaf_count=161 49 61 333 16 37 1
internal_value=0.00283335 -0.00205663 0.00436205 0.0244669 -0.0052756 -0.0394046
internal_weight=64.2067 57.803 49.8851 16.2572 33.6279 7.91791
internal_count=658 609 447 77 370 162
is_linear=0
shrinkage=0.05


Tree=50
num_leaves=6
num_cat=0
split_feature=25 3 2 15 4
split_gain=4.89555 3.31965 4.12097 3.47157 1.45502
threshold=0.58434600000000014 1.0000000180025095e-35 0.44097200000000009 233.50000000000003 1.0000000180025095e-35
decision_type=2 10 10 10 10
left_child=-1 2 3 -2 -4
right_child=1 -3 4 -5 -6
leaf_value=-0.040577732961166908 0.001105556464344509 0.037320826782903771 -0.043417281684260872 0.039590703478151398 0.0050675321726620301
leaf_weight=4.485028274357318 44.834225654602051 6.2727089487016192 4.6644461452960959 5.5551922023296347 0.54894855618476857
leaf_count=109 423 49 77 24 2
internal_value=0.00214425 0.00652253 0.00172119 0.00685198 -0.0345966
internal_weight=66.3605 61.8755 55.6028 50.3894 5.21339
internal_count=684 575 526 447 79
is_linear=0
shrinkage=0.05


Tree=51
num_leaves=8
num_cat=0
split_feature=25 25 18 2 0 24 24
split_gain=4.52832 3.07898 3.81082 2.17156 1.40339 1.25454 0.478494
threshold=0.58434600000000014 0.89539750000000018 425.75000000000006 0.44097200000000009 1.0000000180025095e-35 0.97689100000000006 0.98839550000000009
decision_type=2 2 10 8 10 2 2
left_child=-1 2 3 -2 -4 -3 -7
right_child=1 5 4 -5 -6 6 -8
leaf_value=-0.039834498213762087 0.01944454700488784 -0.004094763108629277 0 -0.0019327147141682951 -0.038976663050121478 0.041266106810710947 0
leaf_weight=4.3701117895543566 17.941718641668558 0.81569303572177787 2.0680478811264029 25.383391607552767 5.7511554583907127 6.8261312060058099 2.074033435434103
leaf_count=108 119 13 18 304 46 46 24
internal_value=0.001659 0.00592588 0.00021984 0.00671671 -0.0283827 0.029687 0.0353309
internal_weight=65.2303 60.8602 51.1443 43.3251 7.8192 9.71586 8.90016
internal_count=678 570 487 423 64 83 70
is_linear=0
shrinkage=0.05


Tree=52
num_leaves=11
num_cat=0
split_feature=21 4 15 25 23 23 15 21 15 18
split_gain=4.91461 4.28988 3.12262 2.79356 2.28462 2.20667 1.83768 1.57453 1.37084 0.795404
threshold=0.13530950000000003 1.0000000180025095e-35 63.000000000000007 0.59491450000000012 0.16704850000000002 0.0095900000000000013 11.500000000000002 0.075520000000000018 97.500000000000014 545.50000000000011
decision_type=10 8 10 2 10 10 10 8 8 8
left_child=1 2 7 -3 -4 -2 -7 -1 -5 -8
right_child=5 3 4 8 -6 6 9 -9 -10 -11
leaf_value=-0.048174661807688007 -0.018202688154488094 -0.032143858868706347 0.022435613100649628 0.034074850701951424 -0.032466373347546346 -0.0076211357511117061 0.042028835713686277 0 0.003433906345649241 0.0048815148393640262
leaf_weight=8.9454450272023678 1.1466683074831987 2.9735906124115017 4.0248750299215308 3.5970272719860104 1.2900033965706823 1.3950712531805027 10.432960718870159 2.2937094047665605 24.603358134627342 3.9982474893331537
leaf_count=183 10 67 15 31 8 14 44 16 279 22
internal_value=0.00116945 -0.00671791 -0.0263225 0.00365791 0.00122859 0.0234466 0.0292218 -0.0399242 0.00970751 0.0347349
internal_weight=64.701 47.728 16.554 31.174 5.31488 16.9729 15.8263 11.2392 28.2004 14.4312
internal_count=689 599 222 377 23 90 80 199 310 66
is_linear=0
shrinkage=0.05


Tree=53
num_leaves=11
num_cat=0
split_feature=25 24 16 2 21 20 24 16 21 4
split_gain=4.04322 3.14468 4.66753 3.4063 2.72764 1.51653 1.76571 0.839557 0.920096 0.796648
threshold=0.8619190000000001 0.98571650000000011 143.21138000000005 0.069048000000000012 1.0000000180025095e-35 0.031714500000000014 0.98839550000000009 4.2500000000000009 0.096503000000000019 1.0000000180025095e-35
decision_type=2 2 10 8 10 10 2 10 8 8
left_child=1 2 3 -1 -4 6 -2 8 -3 -9
right_child=5 7 4 -5 -6 -7 -8 9 -10 -11
leaf_value=-0.054262933828378691 0.037037705680705364 -0.0017457901448350835 -0.017020770559304357 -0.012174103880787707 0.03927122588474858 -0.01284015306765416 -0.001710352874979521 -0.024087604526868256 0.028586271126256193 0.012512497288294157
leaf_weight=5.7579163871705523 9.31264834851026 1.2865796051919431 1.5898244865238655 27.387150777503848 4.387810330837965 0.8961321488022812 2.2475486174225816 1.3451634459197515 6.7225321307778367 0.95371046662330616
leaf_count=68 78 10 34 353 20 10 30 19 53 7
internal_value=-0.000965903 -0.00784449 -0.0145702 -0.0222401 0.0205453 0.0224486 0.0282588 0.0141731 0.0215779 -0.00337761
internal_weight=61.887 49.4307 39.1227 33.1451 5.97763 12.4563 11.5602 10.308 8.00911 2.29887
internal_count=682 564 475 421 54 118 108 89 63 26
is_linear=0
shrinkage=0.05


Tree=54
num_leaves=11
num_cat=0
split_feature=25 24 15 24 24 24 15 25 25 24
split_gain=4.15163 3.99653 3.25512 2.70272 2.76691 2.31576 2.01584 1.72799 1.54385 1.71274
threshold=0.71804800000000013 0.97689100000000006 233.50000000000003 0.98802650000000003 0.99438400000000005 0.9906790000000002 4.5000000000000009 0.65427900000000017 0.77210250000000002 0.96028650000000015
decision_type=2 2 10 2 2 2 8 2 2 2
left_child=2 8 5 6 -5 7 -3 -1 -2 -10
right_child=1 3 -4 4 -6 -7 -8 -9 9 -11
leaf_value=-0.039977058308091638 0.0007362498853170172 -0.0099943598207384646 0.027768817514074541 -0.030439686478668428 0.027892228087371219 0.017713722198541861 0.032880008525433067 -0.0078686169237547985 0.0016976946159934737 -0.045907503518531297
leaf_weight=11.79418596625329 5.4607405401766282 1.5034198425710261 1.988790601491927 3.7179260849952689 1.5998483300209043 1.543261345475911 18.657022181898355 10.862456310540436 1.3603427857160566 3.5241368561983109
leaf_count=227 48 23 8 53 13 13 139 112 12 48
internal_value=-0.00138934 0.00910181 -0.0163587 0.0198447 -0.00694807 -0.022367 0.0280579 -0.0270624 -0.0144079 -0.0314496
internal_weight=62.0121 35.8234 26.1887 25.4782 5.31777 24.1999 20.1604 22.6566 10.3452 4.88448
internal_count=696 336 360 228 66 352 162 339 108 60
is_linear=0
shrinkage=0.05


Tree=55
num_leaves=10
num_cat=0
split_feature=25 15 18 19 25 24 25 19 24
split_gain=4.55917 4.25824 3.44706 3.60321 2.27002 1.04267 0.359758 0.315233 0.302878
threshold=0.89539750000000018 159.50000000000003 66.500000000000014 0.057168000000000004 0.58434600000000014 0.97689100000000006 0.81206950000000011 0.0021730000000000005 0.98839550000000009
decision_type=2 10 10 8 2 2 2 8 2
left_child=1 2 4 -4 -1 -2 -3 -7 -9
right_child=5 6 3 -5 -6 7 -8 8 -10
leaf_value=-0.034681919852102526 -0.0018743718307671934 0.032376165886876321 -0.042567325284177088 0.0082892515324121917 0.0031667781069346836 0 0 0.042201966323797593 0
leaf_weight=3.0472317710518864 0.77231525257229705 4.6815312579274169 12.272282831370827 3.0715358778834352 25.900412563234568 0.86481162533163747 0.99758498370647419 5.7545349113643178 1.6763235367834566
leaf_count=84 13 22 143 24 302 8 5 40 19
internal_value=-0.000653984 -0.00717183 -0.0129782 -0.031071 -0.00150868 0.0288179 0.0278797 0.0340769 0.0369043
internal_weight=59.0386 49.9706 44.2915 15.3438 28.9476 9.06799 5.67912 8.29567 7.43086
internal_count=660 580 553 167 386 80 27 67 59
is_linear=0
shrinkage=0.05


Tree=56
num_leaves=7
num_cat=0
split_feature=3 15 16 16 4 21
split_gain=3.69406 4.21258 2.69329 5.65784 0.894428 0.440402
threshold=1.0000000180025095e-35 7.5000000000000009 155.00000000000003 0.017071500000000003 1.0000000180025095e-35 0.10104550000000002
decision_type=10 8 10 10 10 10
left_child=1 4 3 -3 -1 -4
right_child=-2 2 5 -5 -6 -7
leaf_value=-0.041467708908084912 0.034533159379279081 0.0032264106843320492 0 -0.047062032308224006 0 0.036660816535371892
leaf_weight=6.5589429251849642 5.3074518926441661 37.041347656399012 2.0408587940037242 4.9523439332842818 0.32783663272857655 3.9414338245987892
leaf_count=163 44 385 12 44 1 18
internal_value=0 -0.00445176 0.000733454 -0.00354788 -0.0372255 0.0288145
internal_weight=60.1702 54.8628 47.976 41.9937 6.88678 5.98229
internal_count=667 623 459 429 164 30
is_linear=0
shrinkage=0.05


end of trees

feature_importances:
item_count_raw_gap_abs=64
reranker_score_gte_multilingual_reranker_base=44
price_median_raw_gap_abs=40
repeated_title_share_raw_gap_abs=39
shared_description_count_capped=34
embedding_cosine_gte_multilingual_base=32
shared_title_count_capped=27
profile_category_jaccard=21
shared_category_count_capped=16
repeated_description_share_raw_gap_abs=14
max_category_share_raw_gap_abs=13
description_length_median_raw_gap_abs=11
digit_ratio_mean_raw_gap_abs=10
punct_ratio_mean_raw_gap_abs=3
shared_title_idf_sum=2
shared_description_idf_sum=2
same_market_raw_bool=1
shared_description_idf_mean=1
title_length_median_raw_gap_abs=1

parameters:
[boosting: gbdt]
[objective: binary]
[metric: binary_logloss,auc]
[tree_learner: serial]
[device_type: cpu]
[data_sample_strategy: bagging]
[data: ]
[valid: ]
[num_iterations: 500]
[learning_rate: 0.05]
[num_leaves: 11]
[num_threads: 0]
[seed: 20260312]
[deterministic: 1]
[force_col_wise: 1]
[force_row_wise: 0]
[histogram_pool_size: -1]
[max_depth: 4]
[min_data_in_leaf: 6]
[min_sum_hessian_in_leaf: 0.001]
[bagging_fraction: 0.85]
[pos_bagging_fraction: 1]
[neg_bagging_fraction: 1]
[bagging_freq: 1]
[bagging_seed: 20260312]
[bagging_by_query: 0]
[feature_fraction: 0.85]
[feature_fraction_bynode: 1]
[feature_fraction_seed: 20260312]
[extra_trees: 0]
[extra_seed: 12337]
[early_stopping_round: 0]
[early_stopping_min_delta: 0]
[first_metric_only: 0]
[max_delta_step: 0]
[lambda_l1: 0.5]
[lambda_l2: 1.5]
[linear_lambda: 0]
[min_gain_to_split: 0.02]
[drop_rate: 0.1]
[max_drop: 50]
[skip_drop: 0.5]
[xgboost_dart_mode: 0]
[uniform_drop: 0]
[drop_seed: 7580]
[top_rate: 0.2]
[other_rate: 0.1]
[min_data_per_group: 100]
[max_cat_threshold: 32]
[cat_l2: 10]
[cat_smooth: 10]
[max_cat_to_onehot: 4]
[top_k: 20]
[monotone_constraints: ]
[monotone_constraints_method: basic]
[monotone_penalty: 0]
[feature_contri: ]
[forcedsplits_filename: ]
[refit_decay_rate: 0.9]
[cegb_tradeoff: 1]
[cegb_penalty_split: 0]
[cegb_penalty_feature_lazy: ]
[cegb_penalty_feature_coupled: ]
[path_smooth: 0]
[interaction_constraints: ]
[verbosity: -1]
[saved_feature_importance_type: 0]
[use_quantized_grad: 0]
[num_grad_quant_bins: 4]
[quant_train_renew_leaf: 0]
[stochastic_rounding: 1]
[linear_tree: 0]
[max_bin: 255]
[max_bin_by_feature: ]
[min_data_in_bin: 3]
[bin_construct_sample_cnt: 200000]
[data_random_seed: 20260312]
[is_enable_sparse: 1]
[enable_bundle: 1]
[use_missing: 1]
[zero_as_missing: 0]
[feature_pre_filter: 1]
[pre_partition: 0]
[two_round: 0]
[header: 0]
[label_column: ]
[weight_column: ]
[group_column: ]
[ignore_column: ]
[categorical_feature: ]
[forcedbins_filename: ]
[precise_float_parser: 0]
[parser_config_file: ]
[objective_seed: 26485]
[num_class: 1]
[is_unbalance: 0]
[scale_pos_weight: 1]
[sigmoid: 1]
[boost_from_average: 1]
[reg_sqrt: 0]
[alpha: 0.9]
[fair_c: 1]
[poisson_max_delta_step: 0.7]
[tweedie_variance_power: 1.5]
[lambdarank_truncation_level: 30]
[lambdarank_norm: 1]
[label_gain: ]
[lambdarank_position_bias_regularization: 0]
[eval_at: ]
[multi_error_top_k: 1]
[auc_mu_weights: ]
[num_machines: 1]
[local_listen_port: 12400]
[time_out: 120]
[machine_list_filename: ]
[machines: ]
[gpu_platform_id: -1]
[gpu_device_id: -1]
[gpu_use_dp: 0]
[num_gpu: 1]

end of parameters

pandas_categorical:null
